image_id,image_path,true_disease_id,pred_disease_id,true_disease,pred_disease,confidence
25c94f4ef374534b260d4c71a3793ee5,PV_data/Apple___Apple_scab/0261a6e4-21f8-481a-8827-b674e6955644___FREC_Scab 3055.JPG,0,0,Apple_scab,Apple_scab,0.9999995
95d147bfbf9eaf2eaf16e88567702230,PV_data/Apple___Apple_scab/029424b0-0ef5-491b-9ef5-069190d24d8f___FREC_Scab 3504.JPG,0,0,Apple_scab,Apple_scab,0.9987533
8589fcb8268b141aa8c29bfedf5e4e3f,PV_data/Apple___Apple_scab/09ba6ad9-aa8d-4493-b1bf-818a4b30c4aa___FREC_Scab 2981.JPG,0,0,Apple_scab,Apple_scab,0.99999607
c7e49e43087bd8d64d3e20cdaf1539e9,PV_data/Apple___Apple_scab/0c620ec5-11cf-4120-94ab-1311e99df147___FREC_Scab 3131.JPG,0,0,Apple_scab,Apple_scab,0.99998736
56237c0e8483f01b2183ff223524b27e,PV_data/Apple___Apple_scab/0cbfa4fa-63d8-43ce-9385-ff140e524b69___FREC_Scab 3164.JPG,0,0,Apple_scab,Apple_scab,0.9999778
f96e1e9c04e66fb128f832bc1927cab3,PV_data/Apple___Apple_scab/13b16e68-c82c-4de8-ab34-877ff352e821___FREC_Scab 3180.JPG,0,0,Apple_scab,Apple_scab,0.9943779
2fef045f68366a4f026997fb7e9d4885,PV_data/Apple___Apple_scab/18ab74ed-8e95-4787-b2e1-1283594bd00b___FREC_Scab 3012.JPG,0,0,Apple_scab,Apple_scab,0.45985577
d5dd8c0e5908839438774307d93f5e41,PV_data/Apple___Apple_scab/18ea82fd-4e16-416f-8ad9-54e0f6601693___FREC_Scab 3127.JPG,0,0,Apple_scab,Apple_scab,0.9999975
cf2556eba1067aea940b9d3621e0e571,PV_data/Apple___Apple_scab/1a21aabb-6f74-4644-8d9e-a517568b7e9c___FREC_Scab 3095.JPG,0,0,Apple_scab,Apple_scab,0.9996253
f84eb48c84fb4a0d860120f5f316606c,PV_data/Apple___Apple_scab/1cdf2779-8cb1-4ae4-be70-b0eeb1abb0f8___FREC_Scab 3370.JPG,0,0,Apple_scab,Apple_scab,0.9999727
20802babc237d29a00ff5e42c108f04b,PV_data/Apple___Apple_scab/1d9d67e2-5603-4710-ae2b-6cb0b922ae61___FREC_Scab 3122.JPG,0,0,Apple_scab,Apple_scab,0.9996732
6352a96bb7df269cb6d9bef84acb1abe,PV_data/Apple___Apple_scab/20f4f8d1-7527-420b-a90d-e17b9e45549a___FREC_Scab 2997.JPG,0,0,Apple_scab,Apple_scab,0.99996364
8ffcd4bd275371b9ac804cca4450de79,PV_data/Apple___Apple_scab/246c33b0-fac8-4cca-ae8b-17947338b8b2___FREC_Scab 3091.JPG,0,0,Apple_scab,Apple_scab,0.99993813
cf2dd395c13b9b5ec49a13801695926a,PV_data/Apple___Apple_scab/24d43ad3-24e6-4236-8ef7-59b268520ca3___FREC_Scab 3533.JPG,0,0,Apple_scab,Apple_scab,0.9221526
74b37236e9d8ec7ac222a9d90131d91a,PV_data/Apple___Apple_scab/27338275-3c75-4bbf-8d74-7b90e9d224d3___FREC_Scab 3269.JPG,0,0,Apple_scab,Apple_scab,0.99996066
d1d55595fafeacf90bcf181e27928f77,PV_data/Apple___Apple_scab/2a59761b-c91c-451c-8e13-d9dc3aff8d29___FREC_Scab 3503.JPG,0,0,Apple_scab,Apple_scab,0.99979496
41bbf09fe3dfa40e7179a86f6041b93e,PV_data/Apple___Apple_scab/2f1e68c0-c059-46fd-bbf3-f160817abdc3___FREC_Scab 3535.JPG,0,0,Apple_scab,Apple_scab,0.9996802
c73eea6dafedcb550629b028b259775a,PV_data/Apple___Apple_scab/321c7135-853f-444d-9952-a893e660d966___FREC_Scab 2958.JPG,0,0,Apple_scab,Apple_scab,0.9597164
43b3466f810ffff0a6ab7613a46c7d45,PV_data/Apple___Apple_scab/3652fd23-ba4c-4958-8db8-3aff8f614dfd___FREC_Scab 3377.JPG,0,0,Apple_scab,Apple_scab,0.9992531
128cb71760a8223e5c6e6d2b85238a9c,PV_data/Apple___Apple_scab/36d99a07-4a43-4416-b204-6886f71d5039___FREC_Scab 3294.JPG,0,0,Apple_scab,Apple_scab,0.99978507
8101d9826f35adc09da94ad7dd1d5f40,PV_data/Apple___Apple_scab/40d60cf0-1311-40c7-9e7e-579e74c92027___FREC_Scab 3136.JPG,0,0,Apple_scab,Apple_scab,0.9997454
c799adb353f285a4c31419e2022b1b7b,PV_data/Apple___Apple_scab/41c30a63-9e26-4ced-8110-038a2e36b095___FREC_Scab 3298.JPG,0,0,Apple_scab,Apple_scab,0.999997
afc920d4dc8294abadb57bff4d5da922,PV_data/Apple___Apple_scab/4512edee-9d3b-451e-845d-86666feebe99___FREC_Scab 3328.JPG,0,0,Apple_scab,Apple_scab,0.9999945
03d7265d677cba57f08752a5383f30d8,PV_data/Apple___Apple_scab/45a699f2-a02d-4f1f-b628-6d445c58a595___FREC_Scab 3291.JPG,0,0,Apple_scab,Apple_scab,0.9999993
a0c37544d552ec82c24668ef737b7f29,PV_data/Apple___Apple_scab/47b3d8bb-2461-4593-a0fe-a6adf0925a9a___FREC_Scab 2974.JPG,0,0,Apple_scab,Apple_scab,0.99654216
c357be5e1a9fbbc20b1219d73c981369,PV_data/Apple___Apple_scab/47ebb7a4-a8e0-4a57-95e5-dd8e9d1235a2___FREC_Scab 3147.JPG,0,0,Apple_scab,Apple_scab,0.999995
ab9baa5e6a5d8a99752c53eed4f9fef4,PV_data/Apple___Apple_scab/4b51cc5d-4122-451b-8598-81ea29dc7cd4___FREC_Scab 3290.JPG,0,0,Apple_scab,Apple_scab,0.999213
bc29fa93f341707dec822e884a5a849c,PV_data/Apple___Apple_scab/4bb38e05-1d5a-40c6-8638-10db134db682___FREC_Scab 3390.JPG,0,0,Apple_scab,Apple_scab,0.9999957
cecc111188b2cfd225f7e2342e40b188,PV_data/Apple___Apple_scab/517d0958-b10e-4260-a736-7a4bbb9706c0___FREC_Scab 3497.JPG,0,0,Apple_scab,Apple_scab,0.999995
bfafe14618a3f514192c99e4fc047cdc,PV_data/Apple___Apple_scab/536ce9e9-6c98-42c6-9447-f38073b3e9da___FREC_Scab 3222.JPG,0,0,Apple_scab,Apple_scab,0.9437684
f7ef9596f79a0e7ff2c396db85faaf78,PV_data/Apple___Apple_scab/550b0aab-e777-4942-a186-fc910e0fa89b___FREC_Scab 3253.JPG,0,0,Apple_scab,Apple_scab,0.9999939
82b042073cf8ee18001ff74f55e89e15,PV_data/Apple___Apple_scab/5c0af4dd-f185-4fc9-ae2c-a697a235d660___FREC_Scab 2955.JPG,0,0,Apple_scab,Apple_scab,0.9926658
ca1db9316ef1cc2c701ca6fa40b36668,PV_data/Apple___Apple_scab/5eb564a6-cd74-4c90-95d9-611a6301369d___FREC_Scab 3099.JPG,0,0,Apple_scab,Apple_scab,0.9978727
dc29df2fe3191fb494aea1fe6e310ce7,PV_data/Apple___Apple_scab/60226bd7-db11-4d7e-ba29-a5136f6bebe0___FREC_Scab 3470.JPG,0,8,Apple_scab,Late_blight,0.7989162
ba4cf382048e99fcadb6d22079b16c80,PV_data/Apple___Apple_scab/60f3ba82-caf1-4cf7-998c-b0005458fa38___FREC_Scab 3226.JPG,0,0,Apple_scab,Apple_scab,0.99998045
3107653c8b9b1f1830641b70c45a6d01,PV_data/Apple___Apple_scab/62c3478f-3ab0-48df-962f-9d7782ec364d___FREC_Scab 2925.JPG,0,0,Apple_scab,Apple_scab,0.99999785
1dc9d83091c4ffc581bafe5ead5446a3,PV_data/Apple___Apple_scab/62f548e4-13e0-4e62-bcbc-2bc2c68251f3___FREC_Scab 3273.JPG,0,0,Apple_scab,Apple_scab,0.9997706
8e5416ca717044a4059f00a794502cfb,PV_data/Apple___Apple_scab/63e1d796-f00e-4c24-9871-2eae6f9c9ced___FREC_Scab 3078.JPG,0,0,Apple_scab,Apple_scab,0.998917
17bb7f472dda8921ee8b6aa7da9b0c86,PV_data/Apple___Apple_scab/650f4395-7428-404a-b65c-8fd36f204dd6___FREC_Scab 3111.JPG,0,0,Apple_scab,Apple_scab,0.99983764
152c7ac5a9b9373b228b57f36210c52c,PV_data/Apple___Apple_scab/680c56ea-dc23-4b7b-baeb-f51b156c98f6___FREC_Scab 3416.JPG,0,0,Apple_scab,Apple_scab,0.99028325
7a71fcdc22bf28e0e17d1a06b5b50ba9,PV_data/Apple___Apple_scab/68a57535-547d-4287-89cc-6d8acc265372___FREC_Scab 3351.JPG,0,0,Apple_scab,Apple_scab,0.99806434
add32505e3e826317bb6caf1f2400618,PV_data/Apple___Apple_scab/6a61688a-c972-4f8f-b3b7-46fd00264240___FREC_Scab 3271.JPG,0,0,Apple_scab,Apple_scab,0.99963546
103afb315f6506460f79ffcea8d88e35,PV_data/Apple___Apple_scab/6b66d8dd-af9f-43b5-a43f-6e4c6d64bede___FREC_Scab 3248.JPG,0,0,Apple_scab,Apple_scab,1.0
1b2017a365d30d77a73becee145e33cd,PV_data/Apple___Apple_scab/6dd6a502-d5b3-4f3d-9231-e7dbd7b54908___FREC_Scab 2937.JPG,0,0,Apple_scab,Apple_scab,0.99975103
a86c83312c94293983193d165cb96fc4,PV_data/Apple___Apple_scab/6e620ce9-bf70-41af-8778-dd46247a3327___FREC_Scab 3405.JPG,0,0,Apple_scab,Apple_scab,0.99975055
dc859a22578fc747c1a2c1db6088f9b2,PV_data/Apple___Apple_scab/730f20de-a19f-4320-89bf-027dceeff9b5___FREC_Scab 3185.JPG,0,0,Apple_scab,Apple_scab,0.9994624
2107a77ce1c6740ba5eeb697c30d23b5,PV_data/Apple___Apple_scab/748e82aa-02b1-4ca7-9fd3-e0184f20644f___FREC_Scab 3354.JPG,0,0,Apple_scab,Apple_scab,0.99999845
7da0a60fa1d28d8956253744d2ef45c4,PV_data/Apple___Apple_scab/75896d3d-899a-4143-9262-c44bcea75237___FREC_Scab 3295.JPG,0,0,Apple_scab,Apple_scab,0.99999976
44a48f7adaf6e734c9732de7b5659687,PV_data/Apple___Apple_scab/76eca386-c7c1-4807-ae27-13c793d06e02___FREC_Scab 3272.JPG,0,0,Apple_scab,Apple_scab,0.99989426
ab955d7fdb1a358e69b0cf3b05dc44b8,PV_data/Apple___Apple_scab/774fb249-80b5-4575-ab5a-5459a9c14ef6___FREC_Scab 3024.JPG,0,0,Apple_scab,Apple_scab,0.99998415
2d390e0dd358abf8a31d36270649621b,PV_data/Apple___Apple_scab/792c3972-8724-45b6-8ba0-eec0f675bc50___FREC_Scab 3120.JPG,0,0,Apple_scab,Apple_scab,0.9923272
2fdcc204ef2ff08802c95dd2a2dce606,PV_data/Apple___Apple_scab/7bf25c0a-6594-4777-9a67-49a6487bb203___FREC_Scab 2993.JPG,0,0,Apple_scab,Apple_scab,0.9999349
4bc158615b2bc3a60e9b7ada8bd512f1,PV_data/Apple___Apple_scab/7c66bda4-301c-4987-85b8-fd8230c5a2f2___FREC_Scab 3324.JPG,0,0,Apple_scab,Apple_scab,0.9999802
0d8a93d350f71c46476068dfce23b636,PV_data/Apple___Apple_scab/7e4bbd7a-b494-426f-9f08-755ce4a399e7___FREC_Scab 3331.JPG,0,0,Apple_scab,Apple_scab,0.999876
6df25bc2843b7eb5761a8c0fdd454984,PV_data/Apple___Apple_scab/7efdde34-c75b-40bc-92ef-48de08ec0709___FREC_Scab 3027.JPG,0,0,Apple_scab,Apple_scab,0.9994111
691d28752512a4e294b6bc49de4352a7,PV_data/Apple___Apple_scab/83d10707-6253-4717-8c8a-6ea3ebb1e0e1___FREC_Scab 3138.JPG,0,0,Apple_scab,Apple_scab,0.9997802
8abd4ca6cf974b70d32e0802432416e0,PV_data/Apple___Apple_scab/84671985-6989-4451-b61d-c32dda7d7c5f___FREC_Scab 3379.JPG,0,0,Apple_scab,Apple_scab,0.95688444
73b4e04cdee33902bb39e82582ee77cf,PV_data/Apple___Apple_scab/86054e9e-26b4-42b5-b192-58ddee7b0c34___FREC_Scab 3011.JPG,0,0,Apple_scab,Apple_scab,0.8940949
fc488f1f4995da528ac0de26e940c2ca,PV_data/Apple___Apple_scab/8727408d-c5b9-41c4-abd7-dd8e6978efff___FREC_Scab 2995.JPG,0,0,Apple_scab,Apple_scab,0.99999344
5642d4a6c3fe2e7db53fb8fdf8941957,PV_data/Apple___Apple_scab/9431682d-6de3-4b1f-bdde-11b706fe2e85___FREC_Scab 3029.JPG,0,0,Apple_scab,Apple_scab,0.9998363
73a393b4a31197705d8af1fdd9f6469c,PV_data/Apple___Apple_scab/9474d631-06bc-45e0-bdcc-2aff28b34856___FREC_Scab 3358.JPG,0,0,Apple_scab,Apple_scab,0.99999416
74c4bc710023d13ef6819ed67453f01e,PV_data/Apple___Apple_scab/97cd53cf-e95a-4d40-b77c-15ccf9bbb8f3___FREC_Scab 3134.JPG,0,0,Apple_scab,Apple_scab,0.99999654
d63e72d6fff569ba6e02f63e74367f60,PV_data/Apple___Apple_scab/a031daf8-94a3-476b-b2e4-dc39a4ee843d___FREC_Scab 3233.JPG,0,0,Apple_scab,Apple_scab,0.98528415
45d979535004abcd8c8ea0f8d8a7183e,PV_data/Apple___Apple_scab/a038a218-4c69-4f5a-9887-80fac9888782___FREC_Scab 3008.JPG,0,0,Apple_scab,Apple_scab,1.0
819da662df6e9aa554a6e1406a865431,PV_data/Apple___Apple_scab/a72a9033-d2b9-4c64-93bc-7e5a1a0ea4ae___FREC_Scab 3284.JPG,0,0,Apple_scab,Apple_scab,0.99985516
94f28353260bd4e859554b51d9b62d9b,PV_data/Apple___Apple_scab/ab0ab3b2-0893-46c6-8f66-9469e8340b64___FREC_Scab 3368.JPG,0,0,Apple_scab,Apple_scab,0.99975926
5f39cdcfa12b0913c337198095f7c2c4,PV_data/Apple___Apple_scab/aba69098-9c79-46cc-ba1f-6f88a456b56f___FREC_Scab 3039.JPG,0,8,Apple_scab,Late_blight,0.9999739
d47ee41dd63124fffff5cd7ff356ffd0,PV_data/Apple___Apple_scab/b0586996-77d5-4d02-8112-14eb67895bcf___FREC_Scab 3000.JPG,0,0,Apple_scab,Apple_scab,0.9999707
30fc2b7f09c360460da9ad3c521fb7aa,PV_data/Apple___Apple_scab/b10dceaa-a764-46b4-bd61-bc9fb13579ca___FREC_Scab 3141.JPG,0,0,Apple_scab,Apple_scab,1.0
d381a7442f03214d34d659af9cbbd856,PV_data/Apple___Apple_scab/b34550a7-6327-4993-b112-16eedf8f0353___FREC_Scab 2922.JPG,0,0,Apple_scab,Apple_scab,0.99863094
0bf270e8f9c89e2a3f3d908bd03cdc13,PV_data/Apple___Apple_scab/b4d26d69-8318-4898-93be-561f78c18d5a___FREC_Scab 3133.JPG,0,0,Apple_scab,Apple_scab,0.9999801
faf1dc17ac6857fd09265c7167911077,PV_data/Apple___Apple_scab/b963d384-123e-48e5-ac66-a1e87f33ba0b___FREC_Scab 3021.JPG,0,0,Apple_scab,Apple_scab,0.96150476
09e757ed4793f3d8a5a4e116478aa5df,PV_data/Apple___Apple_scab/bc93b0fd-568f-4969-9d2d-c94d5f340e7e___FREC_Scab 3357.JPG,0,0,Apple_scab,Apple_scab,0.999995
bf4e68049a8ed856ea6f96db871f5e48,PV_data/Apple___Apple_scab/bce3ba0b-a142-4b28-8cb3-eb6bb6a3b8a2___FREC_Scab 3142.JPG,0,0,Apple_scab,Apple_scab,0.9999988
a3b625db4c7fb93d57fe1ccf19aec559,PV_data/Apple___Apple_scab/bceb695a-e877-4b2b-bf05-241661d511d4___FREC_Scab 3240.JPG,0,0,Apple_scab,Apple_scab,0.9866942
20e132ca0255de2d4671db7992600c3e,PV_data/Apple___Apple_scab/bdaae6b2-8ff5-4a4c-9286-a2393063cdaf___FREC_Scab 3491.JPG,0,0,Apple_scab,Apple_scab,0.99999845
19bd05ca8cd8dffe0c9578d4dbf29e34,PV_data/Apple___Apple_scab/be076652-b1bd-430c-a752-db525c1dfcfd___FREC_Scab 3367.JPG,0,0,Apple_scab,Apple_scab,0.99840325
555acb89c11d2f55719a7b84c66988bc,PV_data/Apple___Apple_scab/c4a3c215-aa1e-4d1c-b545-1ab2b15812fe___FREC_Scab 2938.JPG,0,0,Apple_scab,Apple_scab,0.9994243
6a8576517433474c87abe7e50f1cb3d6,PV_data/Apple___Apple_scab/cbbdd77b-93f5-4f45-b35d-2b05ab1c8eb4___FREC_Scab 3465.JPG,0,0,Apple_scab,Apple_scab,0.77560794
dce52e9461ff536cc3a347d6193d6188,PV_data/Apple___Apple_scab/cbf63da6-f1a7-41e0-b581-6f5b6cff2bc2___FREC_Scab 3496.JPG,0,0,Apple_scab,Apple_scab,0.9999845
1217cc9974de3cb7b2c8eb950355b76f,PV_data/Apple___Apple_scab/d1745979-75a6-4b00-a544-cf5ba043e7e0___FREC_Scab 3330.JPG,0,0,Apple_scab,Apple_scab,0.9999938
78dc0a57ac15a10e27b7a871466dab7c,PV_data/Apple___Apple_scab/d1938082-a2de-49ad-8ca2-4b1947a7e107___FREC_Scab 3212.JPG,0,0,Apple_scab,Apple_scab,0.9999896
61440e96d8f6da553d2564392a615908,PV_data/Apple___Apple_scab/d66bf6da-1199-4f2b-9776-8cbc4529b268___FREC_Scab 3157.JPG,0,0,Apple_scab,Apple_scab,0.9999999
4976f142db902c7b8f190a5ca08a2cc8,PV_data/Apple___Apple_scab/dfa24368-8ba9-4c02-9c3e-9e9a62a8d479___FREC_Scab 3215.JPG,0,0,Apple_scab,Apple_scab,0.9998276
43acce4767bb065ea30a7adc20ca7040,PV_data/Apple___Apple_scab/e5d9029b-ba16-44c2-be95-66199f1a8a96___FREC_Scab 3317.JPG,0,0,Apple_scab,Apple_scab,0.99999154
4558eed16c4f3164e91b0f608c65eb38,PV_data/Apple___Apple_scab/e893d964-8a40-46f5-b8ae-0a0f0cd79296___FREC_Scab 3333.JPG,0,0,Apple_scab,Apple_scab,0.9999982
e3a0734d027ac29b8489c0756b511011,PV_data/Apple___Apple_scab/ecbac6b5-e07f-4a0d-a670-1d3b97f01104___FREC_Scab 3168.JPG,0,0,Apple_scab,Apple_scab,0.9984718
c509d3f4becaa8fa3d056965f6ad6b8e,PV_data/Apple___Apple_scab/f3b61d33-8875-46a0-be57-ad3bda4cb5c6___FREC_Scab 3243.JPG,0,0,Apple_scab,Apple_scab,0.99874014
4cb4d13e28b24145e3f02eeb54434615,PV_data/Apple___Apple_scab/f6144504-015b-426e-a967-0712cf7621e4___FREC_Scab 3420.JPG,0,0,Apple_scab,Apple_scab,0.9995441
7633c79f6b73c69acc9f78d395cc4f41,PV_data/Apple___Apple_scab/f79c50ef-d89d-4371-b581-810b37eb2ac9___FREC_Scab 3255.JPG,0,0,Apple_scab,Apple_scab,0.99984753
e030de39a8de720bb3855bc9f01d388d,PV_data/Apple___Apple_scab/f8ef99d9-9d01-4aeb-9248-e8c312c9a981___FREC_Scab 3129.JPG,0,0,Apple_scab,Apple_scab,0.99999976
f896bb6f3a43fa935e4f4bbc54c2a821,PV_data/Apple___Apple_scab/fa9c1112-27fc-42db-930d-7e4956267ab5___FREC_Scab 3174.JPG,0,0,Apple_scab,Apple_scab,0.73827696
f260413c5042aff4c02256be11fa523e,PV_data/Apple___Apple_scab/fb942296-ba33-40e5-ada0-6700365cf71d___FREC_Scab 2919.JPG,0,0,Apple_scab,Apple_scab,0.99995816
d8113b77f87482a8bc8c04d449e0a747,PV_data/Apple___Apple_scab/fcee4ece-01ce-45aa-a0f1-f20aa2ec8efb___FREC_Scab 3325.JPG,0,0,Apple_scab,Apple_scab,0.96180254
29d2f3975d47b3c1952d78307d8ec388,PV_data/Apple___Black_rot/01e94c43-0879-4e8c-9b61-c48cfed88dab___JR_FrgE.S 3024.JPG,2,2,Black_rot,Black_rot,0.9999137
952e085f96da546148b7540ead4ce2f1,PV_data/Apple___Black_rot/033b1492-d5cf-4de7-a195-941f7780e092___JR_FrgE.S 8710.JPG,2,2,Black_rot,Black_rot,0.9999976
e89cc787da60de701b6eb7ee7496b554,PV_data/Apple___Black_rot/03fd7154-2e33-4fb6-999d-bfc3a3f467fe___JR_FrgE.S 8681.JPG,2,2,Black_rot,Black_rot,0.99999964
73613e2fabdf21e8a2ccd3c2a4cb62b9,PV_data/Apple___Black_rot/05fb01a0-fd64-4b3d-a512-c0bda181811e___JR_FrgE.S 2889.JPG,2,2,Black_rot,Black_rot,0.9999999
219441d12029943aa596afd4901315bc,PV_data/Apple___Black_rot/073553c2-0e42-4c86-b929-b2201f3f7756___JR_FrgE.S 2819.JPG,2,2,Black_rot,Black_rot,0.9999975
e1a32a9e3b7d638e14c6264f6c07fea1,PV_data/Apple___Black_rot/0b8dabb7-5f1b-4fdc-b3fa-30b289707b90___JR_FrgE.S 3047.JPG,2,2,Black_rot,Black_rot,0.98986363
9ec60f35707b49313381592ac74689c0,PV_data/Apple___Black_rot/0ce8b939-3bdf-4078-8715-c0cb48afb078___JR_FrgE.S 2777.JPG,2,2,Black_rot,Black_rot,0.99999905
361ae78d178a58a8a363b4a141186b23,PV_data/Apple___Black_rot/0e84adc9-3e97-48e2-b1fd-7d04f9e92cb0___JR_FrgE.S 2949.JPG,2,2,Black_rot,Black_rot,0.99993896
28045ec16750bd0ee3a82cad38273ada,PV_data/Apple___Black_rot/1021c460-93e4-48cd-9c84-c576b2c5117c___JR_FrgE.S 2983.JPG,2,1,Black_rot,Bacterial_spot,0.73914486
385fe926b59e4f0cce6804a03b6e9112,PV_data/Apple___Black_rot/13daa7ca-c343-497d-a9c5-34438752ab1f___JR_FrgE.S 8804.JPG,2,2,Black_rot,Black_rot,0.99970263
4bd45ed4a0d0c936b3cf621549b14480,PV_data/Apple___Black_rot/2478fee4-ef3a-4638-8641-f5524246f29a___JR_FrgE.S 2951.JPG,2,2,Black_rot,Black_rot,0.99999595
1c51ef3c106ddbaf139da118ad7dcfa3,PV_data/Apple___Black_rot/26ecaea0-d85f-449b-bd3e-16d85cc49eac___JR_FrgE.S 8674.JPG,2,2,Black_rot,Black_rot,0.9999957
ca49589c76e41d57cc236f2a6af641b7,PV_data/Apple___Black_rot/2f6893f9-0439-4409-b752-b910e03b076b___JR_FrgE.S 8814.JPG,2,2,Black_rot,Black_rot,0.9806708
b86ffcae5ba0584bb2561c3ff8ced309,PV_data/Apple___Black_rot/30aebb07-bde6-44c8-bee2-a06ff42a948d___JR_FrgE.S 3071.JPG,2,2,Black_rot,Black_rot,0.9999975
300371108129e9532ebc698b6c3c290b,PV_data/Apple___Black_rot/34eb19d8-32a9-4c9b-829f-d0ed705c5f03___JR_FrgE.S 3064.JPG,2,2,Black_rot,Black_rot,0.99999857
b65736b347eacffbc7b265d0f648e09c,PV_data/Apple___Black_rot/35ca99d4-5913-457a-b09c-3e90f6ef98a3___JR_FrgE.S 2947.JPG,2,2,Black_rot,Black_rot,0.99999905
65300a428ba7c48a0f9765e093516156,PV_data/Apple___Black_rot/38167e03-c731-4cbf-a32c-b48a571fbc48___JR_FrgE.S 8630.JPG,2,2,Black_rot,Black_rot,0.99912995
bf51b2fb843aaf891591d2002792900b,PV_data/Apple___Black_rot/3908d563-a8f8-4206-b09e-1ae340e510af___JR_FrgE.S 3025.JPG,2,2,Black_rot,Black_rot,0.99999166
78799bee2308b0fb59b76db8ff5cbb1c,PV_data/Apple___Black_rot/39148cb8-c7fa-4760-b708-b4e399047bb6___JR_FrgE.S 2869.JPG,2,2,Black_rot,Black_rot,0.99959886
95ab3453d61504d953f5c5368d8413d9,PV_data/Apple___Black_rot/39cf3d6d-0324-4d2c-8a43-ee21f8b910c2___JR_FrgE.S 8603.JPG,2,2,Black_rot,Black_rot,0.99968284
8f577be3e3df5806716a4821c64c1cd6,PV_data/Apple___Black_rot/3b364e42-9120-4ece-b0ea-2c39ce883cbb___JR_FrgE.S 2774.JPG,2,2,Black_rot,Black_rot,0.98464924
0060753a88b6af76b94325446f1703e1,PV_data/Apple___Black_rot/43baab18-d60b-49df-b2d5-a27d16164317___JR_FrgE.S 8604.JPG,2,2,Black_rot,Black_rot,0.9999939
a445c796c92d9acff2c0b0a847899c22,PV_data/Apple___Black_rot/456a01fc-8db6-4068-96cb-3b1e4e5f77f1___JR_FrgE.S 2768.JPG,2,2,Black_rot,Black_rot,0.99536985
60e2739ee73dc30c9bfdc838c9e27cec,PV_data/Apple___Black_rot/46c90409-1e99-4708-88da-ad8629ab5e9e___JR_FrgE.S 2856.JPG,2,2,Black_rot,Black_rot,0.9999274
7a950e0ae1ee80c8adfe84f13be04e3d,PV_data/Apple___Black_rot/48d6f0b4-71e8-418f-8558-b38b89ed3c0b___JR_FrgE.S 8569.JPG,2,2,Black_rot,Black_rot,0.9999858
537bd0fe0c2cd1dee44852bbb6990f9c,PV_data/Apple___Black_rot/497e0a24-9a4e-4ace-8aa3-d60751b03abe___JR_FrgE.S 8794.JPG,2,2,Black_rot,Black_rot,0.99994564
910727bc75437050023c758a5e0df921,PV_data/Apple___Black_rot/499e851c-5cd4-4ab9-9ff8-df01133aac08___JR_FrgE.S 2989.JPG,2,2,Black_rot,Black_rot,0.99970466
abf1bedec8b52b75ccda15d2975a4775,PV_data/Apple___Black_rot/4eeb04f2-38b3-49be-a5d0-1c35450d8953___JR_FrgE.S 8714.JPG,2,2,Black_rot,Black_rot,0.9999682
e5cd41e40eb8421ac18e305907f60f9b,PV_data/Apple___Black_rot/4f71c078-e0f6-4b05-a421-1b644f0e99a1___JR_FrgE.S 3016.JPG,2,2,Black_rot,Black_rot,0.9999989
608aa98defd3ae7fe1357785c2088910,PV_data/Apple___Black_rot/4fd1092b-5d44-420c-9ea1-b10dc775ecb9___JR_FrgE.S 2903.JPG,2,2,Black_rot,Black_rot,0.99502367
a4e6030cb2a580d25d98ec5785c61a62,PV_data/Apple___Black_rot/52c66129-6303-4aa4-97e7-8f1c0d24c57a___JR_FrgE.S 2759.JPG,2,2,Black_rot,Black_rot,0.98793143
150febfcc2ba2e5edec456dac1a2b150,PV_data/Apple___Black_rot/554089f3-ff67-45ff-9d9a-b0aba573df6a___JR_FrgE.S 2730.JPG,2,2,Black_rot,Black_rot,0.9645948
2aaa243ca773afdf398b568debd82a29,PV_data/Apple___Black_rot/56bb2954-b463-4557-a438-594e09783513___JR_FrgE.S 8577.JPG,2,2,Black_rot,Black_rot,0.9939924
553fe8bf317989818f827686a71dde4b,PV_data/Apple___Black_rot/5979896a-3aaa-4e0c-8b74-cfeda37cb166___JR_FrgE.S 2739.JPG,2,2,Black_rot,Black_rot,0.9905731
5fb8205a0639a80fc9f70323fa427278,PV_data/Apple___Black_rot/5a7cfbae-2b00-4f16-b1e9-eacd813a5378___JR_FrgE.S 2783.JPG,2,2,Black_rot,Black_rot,0.9999751
59a5f8e51064e8387cd8951ed3609ee5,PV_data/Apple___Black_rot/5b5a11ac-da33-4eb4-b0a3-2ef746f744f4___JR_FrgE.S 8576.JPG,2,2,Black_rot,Black_rot,0.9999695
0f5124a559cba7bb9aa6de5bb23e213c,PV_data/Apple___Black_rot/5db69c6b-f9c9-4a3f-b47a-ca6449023bdd___JR_FrgE.S 2757.JPG,2,2,Black_rot,Black_rot,0.9999982
d98e1778c0e247ad54348afaad844e07,PV_data/Apple___Black_rot/60dec11d-0e49-4bb4-b7ce-ecf90f8ac028___JR_FrgE.S 3042.JPG,2,2,Black_rot,Black_rot,0.9999999
bcfd840480a47a3227c245d0e4e9e4fa,PV_data/Apple___Black_rot/64577b36-9701-43be-a559-10f787f2d185___JR_FrgE.S 8611.JPG,2,2,Black_rot,Black_rot,0.9967963
6779611fb445809c1896ffd0dc0e1e3a,PV_data/Apple___Black_rot/6af96fb3-002f-48b3-a2e8-fb5cf30dfa63___JR_FrgE.S 2998.JPG,2,2,Black_rot,Black_rot,0.9999976
54ab93f9ed14c604184ab434dcf02cf6,PV_data/Apple___Black_rot/6b078700-56e6-4d25-a18a-b7b90741a2d3___JR_FrgE.S 2963.JPG,2,2,Black_rot,Black_rot,0.99999964
2f5b8f2b52d3b44193ec7dd64b389f4d,PV_data/Apple___Black_rot/6b2b70e7-1dd3-40a0-a2d3-89d84a3e6698___JR_FrgE.S 2956.JPG,2,2,Black_rot,Black_rot,0.99999726
67939da9bff56e6e5cde0c98b1c55974,PV_data/Apple___Black_rot/6c213dbb-aa21-4334-a773-8dc69f4421d2___JR_FrgE.S 2909.JPG,2,2,Black_rot,Black_rot,0.999804
e80c6665ac5c7524347c9b5de3418254,PV_data/Apple___Black_rot/70ba699d-a8aa-494a-889f-fd7e54a723be___JR_FrgE.S 2760.JPG,2,2,Black_rot,Black_rot,0.7957854
ab84265b9201ebf2de961afc8ee996ea,PV_data/Apple___Black_rot/7375bf36-7a8e-4fc5-8ee8-0bee7bfb3574___JR_FrgE.S 2874.JPG,2,2,Black_rot,Black_rot,0.99999774
c436596642a285f1423f580acc532eb1,PV_data/Apple___Black_rot/73a2cc6f-1383-4f70-bda6-02f4c0944ee5___JR_FrgE.S 8692.JPG,2,2,Black_rot,Black_rot,0.98587805
1b7e99df377729c7c3e066a12a479332,PV_data/Apple___Black_rot/74dfd7d6-e78e-47d9-8530-35acab5cd01f___JR_FrgE.S 3027.JPG,2,2,Black_rot,Black_rot,0.9965802
bbbb725e1723dc31aa841dfe08bd667f,PV_data/Apple___Black_rot/7558e6ff-8441-4ed8-b881-54288ab95441___JR_FrgE.S 2920.JPG,2,2,Black_rot,Black_rot,0.99969584
434924bc84c536b1081cd120f376cc35,PV_data/Apple___Black_rot/7dd50c96-8c45-4a38-bb17-e382cd5a3578___JR_FrgE.S 2829.JPG,2,2,Black_rot,Black_rot,0.9999839
5d224e8cfbbf36fe874d0ea6c944039b,PV_data/Apple___Black_rot/7fb5fc63-2f5e-45a1-8746-88e4e7883ffc___JR_FrgE.S 3059.JPG,2,2,Black_rot,Black_rot,0.9994887
0e353450f3b49870faab8c7a14f4f054,PV_data/Apple___Black_rot/85e5214e-2998-49c7-bdb9-ee8122387704___JR_FrgE.S 8691.JPG,2,1,Black_rot,Bacterial_spot,0.9501097
0fee5e34d62f9011f0cd855777278427,PV_data/Apple___Black_rot/898348ae-7cf3-4be6-9020-9b892558d4e9___JR_FrgE.S 2729.JPG,2,2,Black_rot,Black_rot,0.99895215
87ce87cc470d1236ae9067d7bb878f07,PV_data/Apple___Black_rot/8a1bb676-5d3e-423b-a667-c72d099215ab___JR_FrgE.S 2842.JPG,2,2,Black_rot,Black_rot,0.99999976
6fb8b1b7979222dfec832f6d21b445c5,PV_data/Apple___Black_rot/8d816370-cd56-4eb4-8d73-f9966e1853c6___JR_FrgE.S 2882.JPG,2,2,Black_rot,Black_rot,0.99999905
8f787f0a94a7c32359abff13683ac250,PV_data/Apple___Black_rot/8d935efd-8dba-4847-954f-a914d93d8d07___JR_FrgE.S 2857.JPG,2,2,Black_rot,Black_rot,0.9999814
93f40f82432c5df1242158769c002a9c,PV_data/Apple___Black_rot/8f866e9b-a1e4-4b34-89f0-74f2ddc641d1___JR_FrgE.S 8738.JPG,2,2,Black_rot,Black_rot,0.9998287
5ca0002cfe323804fad66949c3a27336,PV_data/Apple___Black_rot/934ee916-4db9-4c1a-903e-3ebdd8201178___JR_FrgE.S 8740.JPG,2,2,Black_rot,Black_rot,0.9998574
22717ce888e6689c3d0de3e2e784a09a,PV_data/Apple___Black_rot/938c07c1-f2ad-4cbe-b088-51a085442c3b___JR_FrgE.S 2846.JPG,2,2,Black_rot,Black_rot,0.999967
4387482021d5c12eb5d364ba95334b14,PV_data/Apple___Black_rot/953017bf-0b57-4fd9-a696-3fb00aa84c24___JR_FrgE.S 8590.JPG,2,2,Black_rot,Black_rot,0.99995565
b945082cc6bdab0cbe7220a79ca6e7b4,PV_data/Apple___Black_rot/988c58b8-9323-4b0f-86de-c4fe396f09b8___JR_FrgE.S 8648.JPG,2,2,Black_rot,Black_rot,0.87479824
ece02abc4ad7ebb99ff170f9efd66732,PV_data/Apple___Black_rot/9dc8568b-4e22-4272-b012-3d3aaa0c8247___JR_FrgE.S 2850.JPG,2,2,Black_rot,Black_rot,0.999998
84e5ca566bc3a038ee95c21d6f9da162,PV_data/Apple___Black_rot/a133da59-4ece-4efc-85a6-9376149371e4___JR_FrgE.S 2860.JPG,2,2,Black_rot,Black_rot,0.9998599
177c81c5902945c85925647ab433cc2b,PV_data/Apple___Black_rot/a285e174-d731-431e-b8c5-f5e895a2e2a4___JR_FrgE.S 2975.JPG,2,2,Black_rot,Black_rot,0.99859506
4880dd0d27c350a7c5d1c255858d6428,PV_data/Apple___Black_rot/a572ba2c-a691-4133-bb2f-e6e97edb749c___JR_FrgE.S 2991.JPG,2,2,Black_rot,Black_rot,0.96556014
7b14e62abc1683a46e63b548bac12640,PV_data/Apple___Black_rot/a716360d-b3c2-4fcb-9ac0-98c5f3cc429b___JR_FrgE.S 2810.JPG,2,2,Black_rot,Black_rot,0.9991653
c627c0cd35790ed57413789087a4ceb4,PV_data/Apple___Black_rot/a8ce9225-ca25-41ba-8c19-4d80ffcb4c93___JR_FrgE.S 8570.JPG,2,2,Black_rot,Black_rot,0.9995904
cc78d307228dd29e6d6cd257cc0aae0a,PV_data/Apple___Black_rot/a8f06c83-bcab-4431-8c91-b00331c4b067___JR_FrgE.S 8613.JPG,2,2,Black_rot,Black_rot,0.9925693
c52da20aac1df3d7c0b082108f650d51,PV_data/Apple___Black_rot/ac638c74-99c4-434f-a9a1-ef727fa494eb___JR_FrgE.S 2986.JPG,2,2,Black_rot,Black_rot,0.9955598
3589df66bdb33f6f8f212b66c530ee95,PV_data/Apple___Black_rot/aeddf040-51e9-439f-9d30-d7db6559508c___JR_FrgE.S 2914.JPG,2,2,Black_rot,Black_rot,0.9901652
a4d144364aab21984397d3a78a389c66,PV_data/Apple___Black_rot/b1fbd9e5-c3b6-4aac-a77e-87ca51994e4f___JR_FrgE.S 8752.JPG,2,2,Black_rot,Black_rot,0.9999751
9cf64528cefdb111b798ce06143ffa78,PV_data/Apple___Black_rot/bf5fa34e-8d39-43e2-8b54-ba83366871b1___JR_FrgE.S 3095.JPG,2,2,Black_rot,Black_rot,0.9998965
20d647923aa725d9a235886d52ea7e2e,PV_data/Apple___Black_rot/c18a2d5a-4160-48de-8e9e-7ccc047aeddc___JR_FrgE.S 8805.JPG,2,2,Black_rot,Black_rot,0.99983644
b822a4b333da8986d740326af1f7aa29,PV_data/Apple___Black_rot/c8269293-ae8c-4ac0-8eb3-6574683f1b2e___JR_FrgE.S 8699.JPG,2,2,Black_rot,Black_rot,0.99770665
ae9f565059463000cfd1816baea53f3b,PV_data/Apple___Black_rot/cc73875e-54c2-49a1-91bb-f2bc85a93f8f___JR_FrgE.S 2747.JPG,2,2,Black_rot,Black_rot,0.9996563
b8c26eb6d5b089052fb539caabdee4bb,PV_data/Apple___Black_rot/cc92897c-3975-4130-a067-6007945be8ab___JR_FrgE.S 2943.JPG,2,2,Black_rot,Black_rot,0.9986179
63ab00125a74e058c2297da894ab8f4f,PV_data/Apple___Black_rot/cd4907f8-168a-405b-ae16-599e6e621dca___JR_FrgE.S 8619.JPG,2,2,Black_rot,Black_rot,0.99999917
395c767e121c42d9f3d8cd942f50630a,PV_data/Apple___Black_rot/ce1df5bf-b9cd-491a-9b54-f4e20f3b71a2___JR_FrgE.S 2735.JPG,2,2,Black_rot,Black_rot,0.9878948
4b3ecf7422a9c412f30116159ab2a8d2,PV_data/Apple___Black_rot/ce675478-f624-4536-b4ba-b0c43d134ae8___JR_FrgE.S 8595.JPG,2,2,Black_rot,Black_rot,0.99999297
9885dceef6e9d2ac0476126481436f1c,PV_data/Apple___Black_rot/cf524171-a68a-4200-9159-133567b95f71___JR_FrgE.S 8658.JPG,2,1,Black_rot,Bacterial_spot,0.7316475
71371046a1e4a649051c5cbc0efea166,PV_data/Apple___Black_rot/d32e96f1-8fde-4f6e-a558-7fdc1ab0807e___JR_FrgE.S 8676.JPG,2,2,Black_rot,Black_rot,0.9999999
5aff7a45ffeba25cb2c180394a39a78a,PV_data/Apple___Black_rot/d4c03762-b68f-4e8f-ae5c-10b15de04fb3___JR_FrgE.S 8776.JPG,2,2,Black_rot,Black_rot,1.0
7b8391dcb3841e0ece968422fbe385c6,PV_data/Apple___Black_rot/d8e21bad-015b-4b76-8ffa-373b191ed448___JR_FrgE.S 3021.JPG,2,2,Black_rot,Black_rot,0.9992593
b75495488cc692bf97ef3eeec1d221fe,PV_data/Apple___Black_rot/deccf856-7d85-4b95-9d35-85f4ad1af7f7___JR_FrgE.S 8689.JPG,2,2,Black_rot,Black_rot,0.9999018
2c46a1971841522719947ec04f1ca8c2,PV_data/Apple___Black_rot/ded93fa6-0c14-47ea-aa92-806a64db7816___JR_FrgE.S 2795.JPG,2,2,Black_rot,Black_rot,0.99829143
89ae42224df0051bdbf2931a5e8f5d55,PV_data/Apple___Black_rot/e4999654-a4e5-4038-bb7f-d69f824a0505___JR_FrgE.S 8728.JPG,2,2,Black_rot,Black_rot,0.966994
64abe1792b25952835a5298d4b22121d,PV_data/Apple___Black_rot/e54ced2f-6766-41f4-99d5-87ffc2a81cbc___JR_FrgE.S 8694.JPG,2,1,Black_rot,Bacterial_spot,0.90967053
bb3feb2c6fd0577f9a3598b1e21e7bd2,PV_data/Apple___Black_rot/e9d9e0f2-331e-4bf5-90cf-a45c2a93dfea___JR_FrgE.S 2946.JPG,2,2,Black_rot,Black_rot,0.9999937
d5789dc3d4f02fa9a1534c5f5bd53201,PV_data/Apple___Black_rot/f0919147-209f-4a73-be01-42a5f160d51b___JR_FrgE.S 3056.JPG,2,2,Black_rot,Black_rot,0.994024
49913cb033e38237ebf72c2e3b0cd5a1,PV_data/Apple___Black_rot/f770ff71-9ac5-46ef-8b66-65ba246bb952___JR_FrgE.S 8702.JPG,2,2,Black_rot,Black_rot,0.999979
41a1263db51999a97f0eca5d6b6cdd90,PV_data/Apple___Black_rot/f872ce63-a162-44bd-84ac-c7d89c485457___JR_FrgE.S 8701.JPG,2,2,Black_rot,Black_rot,0.9998977
521daae6389518d1975257e8120fc99f,PV_data/Apple___Black_rot/fbd0bf3e-2260-4a97-be8a-af9cac60df7b___JR_FrgE.S 2807.JPG,2,2,Black_rot,Black_rot,0.98500234
4e77a97057351dc3fbdc06bdab84bcc4,PV_data/Apple___Black_rot/fc7d3fc0-1b3c-4865-adee-3670870ec4c3___JR_FrgE.S 2913.JPG,2,2,Black_rot,Black_rot,0.9998132
25bc1229fc64dc51a1f1d34386d522fb,PV_data/Apple___Black_rot/ff0f9b3a-4ef4-4c38-9a23-516beff99192___JR_FrgE.S 3048.JPG,2,2,Black_rot,Black_rot,0.9995647
94ac46b3600aac52af275b7754275771,PV_data/Apple___Cedar_apple_rust/09239528-a0a0-4a2d-af03-c5d5f7a27710___FREC_C.Rust 4024.JPG,3,3,Cedar_apple_rust,Cedar_apple_rust,0.99992657
b98b44aa222938bca194c80eebfabcee,PV_data/Apple___Cedar_apple_rust/1a80b84d-1a5a-4e23-8deb-823ba928e29a___FREC_C.Rust 4431.JPG,3,3,Cedar_apple_rust,Cedar_apple_rust,0.9999461
11ff7a403cfbe1165a8d0f978eff27fd,PV_data/Apple___Cedar_apple_rust/1e099d8e-b40c-4cf3-bb52-4e77b5a2dc69___FREC_C.Rust 0155.JPG,3,3,Cedar_apple_rust,Cedar_apple_rust,1.0
9943782f866987360a7295b0e6693e65,PV_data/Apple___Cedar_apple_rust/2ac8d689-f30a-4eee-a856-86c92f8dcbd2___FREC_C.Rust 3952.JPG,3,3,Cedar_apple_rust,Cedar_apple_rust,0.99991035
a8f91344d6eb5eedd298d755ad0e82d3,PV_data/Apple___Cedar_apple_rust/2ddde539-6c5f-4d76-8611-14761bb240de___FREC_C.Rust 3564.JPG,3,3,Cedar_apple_rust,Cedar_apple_rust,0.99976236
080025a9e73b7c7a39b1c6fbf985e281,PV_data/Apple___Cedar_apple_rust/31cd0e16-01aa-442a-af4d-1162ac8a7b81___FREC_C.Rust 9889.JPG,3,3,Cedar_apple_rust,Cedar_apple_rust,1.0
73b9916069c6684421addf7384b37928,PV_data/Apple___Cedar_apple_rust/32ba7e2f-7ad8-480e-9f37-28469e6802af___FREC_C.Rust 9811.JPG,3,3,Cedar_apple_rust,Cedar_apple_rust,0.9999989
5f08ae43f2e821d2fd9d5e830b9b6e34,PV_data/Apple___Cedar_apple_rust/3f9bd33d-ceeb-49fa-8874-d9cc013ca018___FREC_C.Rust 4183.JPG,3,3,Cedar_apple_rust,Cedar_apple_rust,0.9999924
32796d0a32e95e2e5a654a39fb42030c,PV_data/Apple___Cedar_apple_rust/402aad30-3914-4227-a9b4-4d40a49fae72___FREC_C.Rust 0230.JPG,3,3,Cedar_apple_rust,Cedar_apple_rust,0.99998724
5fac618d91c57f3d9c948f20d3fba067,PV_data/Apple___Cedar_apple_rust/4134586e-a00a-4c53-8f8d-c275ef0d5f5f___FREC_C.Rust 3676.JPG,3,3,Cedar_apple_rust,Cedar_apple_rust,0.99999774
8a8749f7806094741ac08c26977ac34e,PV_data/Apple___Cedar_apple_rust/43850a33-b2c2-4d67-aa90-685f8f76da3a___FREC_C.Rust 3664.JPG,3,3,Cedar_apple_rust,Cedar_apple_rust,0.9994854
1f520d57feed3b9fe46cc7de8c3683c7,PV_data/Apple___Cedar_apple_rust/46b6b57e-9c90-4de7-9fb1-b8b674d51f38___FREC_C.Rust 9857.JPG,3,3,Cedar_apple_rust,Cedar_apple_rust,0.9998357
caf46a916545d585034c693c169642e6,PV_data/Apple___Cedar_apple_rust/4d7f4b74-59f6-431e-afa3-6fbbb9ac90ea___FREC_C.Rust 0145.JPG,3,3,Cedar_apple_rust,Cedar_apple_rust,0.9999759
05b385b7cf32ff3c46292d12ccc681b0,PV_data/Apple___Cedar_apple_rust/5271addc-c445-4af1-ba68-318c7b509e1f___FREC_C.Rust 3585.JPG,3,3,Cedar_apple_rust,Cedar_apple_rust,0.9999931
48e30a5b6888d1314ff115397ba2c2fd,PV_data/Apple___Cedar_apple_rust/58c70126-b289-441f-a608-eff6a2df3762___FREC_C.Rust 3654.JPG,3,3,Cedar_apple_rust,Cedar_apple_rust,0.9999988
0d50dac88aead755215b07286fab89e7,PV_data/Apple___Cedar_apple_rust/5eba8ca8-b4f7-4f49-9481-9703adc53678___FREC_C.Rust 3732.JPG,3,3,Cedar_apple_rust,Cedar_apple_rust,0.99999845
2bd3fb84f027fd9fb47c3eb4aadcbafe,PV_data/Apple___Cedar_apple_rust/60ecab05-90df-45d5-8a50-edb8635aac87___FREC_C.Rust 4155.JPG,3,3,Cedar_apple_rust,Cedar_apple_rust,0.8056438
2634495024554af9cb0e51143f3fd55a,PV_data/Apple___Cedar_apple_rust/6ddafe85-27e6-4ca2-915f-2db6015cdf29___FREC_C.Rust 3983.JPG,3,3,Cedar_apple_rust,Cedar_apple_rust,0.9999902
327a7ea947c2ef11b2e0a0163e3e3196,PV_data/Apple___Cedar_apple_rust/7ce07da8-973f-467f-98af-642a1ffbea04___FREC_C.Rust 4334.JPG,3,3,Cedar_apple_rust,Cedar_apple_rust,0.99979746
0b1b37a45d259a8ebb88db1ac0fb7635,PV_data/Apple___Cedar_apple_rust/8817af29-8b64-4fae-be6d-f05a2eed6b85___FREC_C.Rust 3695.JPG,3,3,Cedar_apple_rust,Cedar_apple_rust,0.99999225
de2e3ed2435cb3a3b7123897669b382c,PV_data/Apple___Cedar_apple_rust/8e50e865-0621-442a-945d-f402f328151b___FREC_C.Rust 3699.JPG,3,3,Cedar_apple_rust,Cedar_apple_rust,0.99999
a64ab1b4141bf85ca538260e2442bab8,PV_data/Apple___Cedar_apple_rust/8fd46690-5e57-47f6-8d99-235d4738411f___FREC_C.Rust 0074.JPG,3,3,Cedar_apple_rust,Cedar_apple_rust,0.9999975
bb4a8679c68dbf2148c0ea669fd1af30,PV_data/Apple___Cedar_apple_rust/915ea730-231d-408d-baea-d2554d47bfa9___FREC_C.Rust 9809.JPG,3,3,Cedar_apple_rust,Cedar_apple_rust,0.99999154
e953bfb4d8730dec49f9aae0d24f0634,PV_data/Apple___Cedar_apple_rust/928e5ee5-6568-4e73-afbf-8251794d33a8___FREC_C.Rust 3747.JPG,3,3,Cedar_apple_rust,Cedar_apple_rust,1.0
f54c43429e28d26180767ec51f4647e4,PV_data/Apple___Cedar_apple_rust/9360a196-fc3f-495e-ab9b-1803bcd87921___FREC_C.Rust 3818.JPG,3,3,Cedar_apple_rust,Cedar_apple_rust,0.8940529
b3e63ad1cc305dfdefc8161cc3bf55a3,PV_data/Apple___Cedar_apple_rust/99efb674-1e97-4f94-978a-a87c24dde48a___FREC_C.Rust 9995.JPG,3,3,Cedar_apple_rust,Cedar_apple_rust,0.9999291
d385b73617751acdbc21f54bfef41ec9,PV_data/Apple___Cedar_apple_rust/9f7d070e-f51d-4b14-86e4-6f059ea4eca7___FREC_C.Rust 0210.JPG,3,3,Cedar_apple_rust,Cedar_apple_rust,0.98724455
57d0e8f13206c4c1552bef7378bf2d83,PV_data/Apple___Cedar_apple_rust/adc62175-3fb6-4273-81d2-818c75ba0ab1___FREC_C.Rust 0233.JPG,3,3,Cedar_apple_rust,Cedar_apple_rust,0.99997365
cdb3d4c614ee69362942bffa3b902b2a,PV_data/Apple___Cedar_apple_rust/b1a2c1e8-e1a6-4d25-9d5b-1488e9d8b0ee___FREC_C.Rust 3938.JPG,3,3,Cedar_apple_rust,Cedar_apple_rust,0.9999858
7d69b7a31a6a40ed530209610fb0c72e,PV_data/Apple___Cedar_apple_rust/c16bbb5c-bd59-4568-80a4-ac10eb488a4e___FREC_C.Rust 4274.JPG,3,3,Cedar_apple_rust,Cedar_apple_rust,0.9998765
e68bb456dc0ed8e905cb89abcfd7ab8e,PV_data/Apple___Cedar_apple_rust/cf570118-397c-434d-b158-d3539dd12786___FREC_C.Rust 0122.JPG,3,3,Cedar_apple_rust,Cedar_apple_rust,0.99999917
cc8e7b35cddb1865130046b8f42ec594,PV_data/Apple___Cedar_apple_rust/d4165e95-f43c-41e5-a177-cc5ad823b5b0___FREC_C.Rust 3781.JPG,3,3,Cedar_apple_rust,Cedar_apple_rust,1.0
ff61d0a2637b1c647efbca200ef93ece,PV_data/Apple___Cedar_apple_rust/d4cda9ab-6b06-4551-ad3d-ee61dd78450a___FREC_C.Rust 3592.JPG,3,3,Cedar_apple_rust,Cedar_apple_rust,0.9999883
6e64e67d206119d558e8620a8f574c6c,PV_data/Apple___Cedar_apple_rust/d5839d69-9c98-4ea7-811b-03b40e7fc991___FREC_C.Rust 3869.JPG,3,3,Cedar_apple_rust,Cedar_apple_rust,0.9999447
66f277608a71592f94b13f892c201dc8,PV_data/Apple___Cedar_apple_rust/d64bd246-5ab0-4b1e-b522-3f69668214d1___FREC_C.Rust 4290.JPG,3,3,Cedar_apple_rust,Cedar_apple_rust,0.99999964
76a83d109fc37834ab9cbb2a06fe7d8e,PV_data/Apple___Cedar_apple_rust/de0d25d1-eb08-4b9a-ac44-07d755d1fca0___FREC_C.Rust 9856.JPG,3,3,Cedar_apple_rust,Cedar_apple_rust,0.9999938
c97dec3372e6b77492f0e69b0e406c75,PV_data/Apple___Cedar_apple_rust/e5521dec-ea35-479d-93be-38743927db53___FREC_C.Rust 4356.JPG,3,3,Cedar_apple_rust,Cedar_apple_rust,0.9999993
4caec4ae3e97850f4865aba683041d5c,PV_data/Apple___Cedar_apple_rust/eb94b818-0cd7-4233-8315-1138c258eb88___FREC_C.Rust 0164.JPG,3,3,Cedar_apple_rust,Cedar_apple_rust,0.9997901
5e688504e08599c0937db80dd73549c4,PV_data/Apple___Cedar_apple_rust/f167b41b-c294-47e4-aed9-9ff7923176a5___FREC_C.Rust 3969.JPG,3,3,Cedar_apple_rust,Cedar_apple_rust,0.9963306
6e3e8c3602fffd712d571c2d2cbca925,PV_data/Apple___Cedar_apple_rust/f2c49716-d630-4dfa-8104-e98b8a9d7497___FREC_C.Rust 9897.JPG,3,3,Cedar_apple_rust,Cedar_apple_rust,0.99921346
760be6f031de631bfb0bb0980f169114,PV_data/Apple___Cedar_apple_rust/fb27b16c-4ac1-45e9-abd2-487a1a528fb0___FREC_C.Rust 0206.JPG,3,3,Cedar_apple_rust,Cedar_apple_rust,0.9738792
099be9d89c68ffe216e7478bc6449e45,PV_data/Apple___healthy/00a6039c-e425-4f7d-81b1-d6b0e668517e___RS_HL 7669.JPG,19,19,healthy,healthy,0.99147475
984497626c9e5462b2ccef5a64eb830e,PV_data/Apple___healthy/01efa999-757d-487e-8250-27c7854c0ca8___RS_HL 7515.JPG,19,19,healthy,healthy,0.99927634
94bd76b468ab064ca2d21c496b2ed847,PV_data/Apple___healthy/022b515d-41fd-448e-abac-e8722c32d864___RS_HL 8131.JPG,19,19,healthy,healthy,0.95569295
4acb9d33bf7d9ae13bedc961d23d1827,PV_data/Apple___healthy/02847045-4405-467c-9ccb-7ba2ab1d574c___RS_HL 5943.JPG,19,19,healthy,healthy,0.9999107
be5dbad3d666262a7c28bab9b51e37ec,PV_data/Apple___healthy/03f6a4b2-d08b-4f7f-8a8e-d132ff3eca8b___RS_HL 6226.JPG,19,19,healthy,healthy,0.92480516
8f44e2c582216271e91c5595a75810da,PV_data/Apple___healthy/04d4f065-5cb8-4122-b479-d1362d007276___RS_HL 7719.JPG,19,19,healthy,healthy,0.9679837
4ab9552b75a3c29f96a61d69a83ccc6e,PV_data/Apple___healthy/06b0742a-6d5d-40c6-a02e-ecaa7e1279f0___RS_HL 7639.JPG,19,19,healthy,healthy,0.9999783
e10ab4da078e0275e5f01d3d5ead612d,PV_data/Apple___healthy/08f0fe63-3c64-49a2-b413-c0de91abcafd___RS_HL 8008.JPG,19,19,healthy,healthy,0.9981529
1dd874449693b1bd76dc6356742d648b,PV_data/Apple___healthy/09074cd1-a3f0-4d64-97d9-16919451bd58___RS_HL 6258.JPG,19,19,healthy,healthy,0.99064636
fb074ff43521947739dbcafed50d2dd8,PV_data/Apple___healthy/09ad370f-ca6e-48fc-9b4b-990b0d9f6cd3___RS_HL 8135.JPG,19,19,healthy,healthy,0.99390686
02ee728b4e0cfb958a9ef55f920b713c,PV_data/Apple___healthy/0c30f1f2-9eed-4861-bf66-eceae1b0b625___RS_HL 7430.JPG,19,19,healthy,healthy,0.9838671
e8ce171d429513455c8a0f41c0ab5208,PV_data/Apple___healthy/0d072074-0253-4a6b-a4cb-02f520c46942___RS_HL 5805.JPG,19,19,healthy,healthy,0.99990046
d86ad08e7e9e73d9e4195a723349b9e3,PV_data/Apple___healthy/0d3fa72f-0441-45e8-b30f-a83904f48f99___RS_HL 6261.JPG,19,19,healthy,healthy,0.9872717
775e674b5d07026f2aa664b46bae55de,PV_data/Apple___healthy/0da48999-25da-4373-8277-3718a8203d0a___RS_HL 8012.JPG,19,19,healthy,healthy,0.9902664
43137665fee12ad307284f023f0d0f7f,PV_data/Apple___healthy/11636fd2-75f3-40e5-99c4-777589bfc392___RS_HL 8203.JPG,19,19,healthy,healthy,0.9964103
3b6a7b3b638a7bf53b1a24f1d4ff5c94,PV_data/Apple___healthy/11bc4ba3-5d5e-4b1e-a5e3-27122256864a___RS_HL 7371.JPG,19,19,healthy,healthy,0.9994171
a7e8c392060178042c7554c91fb07bbd,PV_data/Apple___healthy/13227870-bd81-48a1-97a0-8c5bcecef8f7___RS_HL 7452.JPG,19,19,healthy,healthy,0.9985353
1b7b0b1f6922f9c48ebeb8d2f034825e,PV_data/Apple___healthy/13c8382b-ca6c-45f5-a6d0-acd67fb28651___RS_HL 7284.JPG,19,19,healthy,healthy,0.9999671
2c94f809c8b4efb81f7725a703fab3a7,PV_data/Apple___healthy/13dba956-2c74-400e-a2ac-b06baeee5e38___RS_HL 7571.JPG,19,19,healthy,healthy,0.9999151
4faaff8c0877e1064562752e8f786cfb,PV_data/Apple___healthy/14828181-53d0-4dfb-92b1-d7a52602f3cb___RS_HL 7517.JPG,19,19,healthy,healthy,0.99969286
3b73753ff2e6db46fb57db0fed05afe8,PV_data/Apple___healthy/1652d645-fb1b-4529-acbe-17093566cd2a___RS_HL 8074.JPG,19,19,healthy,healthy,0.9991699
a3c04d98f5c6ae15644793215415de38,PV_data/Apple___healthy/181ce194-fdc9-4f0b-ae8d-0c621f723279___RS_HL 7487.JPG,19,19,healthy,healthy,0.9999962
9269949df3676ffd0081b8591fdd8c29,PV_data/Apple___healthy/194c4f91-31be-425f-8ac9-698202cf507d___RS_HL 7470.JPG,19,19,healthy,healthy,0.99995565
7f1511d349948e3e181509fdb7a5fa58,PV_data/Apple___healthy/19b3dc29-de7d-46e8-af14-7451d779f424___RS_HL 7373.JPG,19,19,healthy,healthy,0.99907804
a2f58d2a78bf0891b8535bf96ad48e2e,PV_data/Apple___healthy/1aaa3665-febe-407c-8830-7919b093305e___RS_HL 7803.JPG,19,19,healthy,healthy,0.99998736
dffa6f8667c9f9729237a81446571586,PV_data/Apple___healthy/1b22388a-cf05-4795-892f-a5b6f35304d5___RS_HL 8141.JPG,19,19,healthy,healthy,0.99766505
02462e10c4fbfe6edffba5fb1cdb0277,PV_data/Apple___healthy/1c2b51f1-5439-449a-9ca0-52dd158018fc___RS_HL 7998.JPG,19,19,healthy,healthy,0.9999728
498319ef14b4682b6bdae498808b3a10,PV_data/Apple___healthy/1c85fc77-1843-4a85-8f21-107385d5873c___RS_HL 7272.JPG,19,19,healthy,healthy,0.99917454
2e9ec52fa17e5a0c1628f9c268347c3d,PV_data/Apple___healthy/1fae0947-05ec-4487-a8d4-5ce3c860a21f___RS_HL 7962.JPG,19,19,healthy,healthy,0.9979964
27adb02675a1c12963b0af1abae91761,PV_data/Apple___healthy/20a6a1df-7c88-4c01-bfe0-2110c1eb0324___RS_HL 8133.JPG,19,19,healthy,healthy,0.9902539
c02d8c7939089bb163a6bb2a5cf5a932,PV_data/Apple___healthy/20c2fcd9-0df2-4a18-a976-5a4f2e3f22aa___RS_HL 7882.JPG,19,19,healthy,healthy,0.9987722
a7acc6e5b1151e904ab3f3ab73cee447,PV_data/Apple___healthy/2116b976-703d-46af-b8a0-ee3ff8e4afa4___RS_HL 5793.JPG,19,19,healthy,healthy,0.9988005
55afdae51bc51a0890c3fbe98a4dd038,PV_data/Apple___healthy/228c3cfc-c511-4f1d-80ef-eb6a9e89cc0b___RS_HL 7383.JPG,19,19,healthy,healthy,0.99995565
4bfd76ffa3df7e729cd76289add0cc6d,PV_data/Apple___healthy/229d89f1-b2ac-4427-b7e7-47139f62b73d___RS_HL 7341.JPG,19,19,healthy,healthy,0.9998946
dc2dbd61850088aee72f8aeb0f9f8c22,PV_data/Apple___healthy/22e6ab6c-375c-475f-8888-3d2f6d939111___RS_HL 7625.JPG,19,19,healthy,healthy,0.99965644
efc3b7834a72d16bcf2223ec5f76930a,PV_data/Apple___healthy/232e37bf-da7c-4c4e-94fd-ce592dd37786___RS_HL 7770.JPG,19,19,healthy,healthy,0.99996066
101d21edeed22777527954e09b76fa89,PV_data/Apple___healthy/24adc938-da71-4d2a-9c7e-f2dc3a73c908___RS_HL 7307.JPG,19,19,healthy,healthy,0.99255717
e55d6a10df51b3bdfb7fd8583aa29006,PV_data/Apple___healthy/24cddc8a-d7e6-4ebf-9771-b3844913f02e___RS_HL 5966.JPG,19,19,healthy,healthy,0.9844462
75275e288b4ad4ab574f61f07b06d589,PV_data/Apple___healthy/25aa6094-5f2e-4551-9349-a3fe0edd3b92___RS_HL 7296.JPG,19,19,healthy,healthy,0.9989422
3c89ed815a77295544391fae6854436e,PV_data/Apple___healthy/2710a9e1-5834-4606-9e2c-477c0415882e___RS_HL 7564.JPG,19,19,healthy,healthy,0.9997609
a34776d1bf4bd5249fe11cc58ef6a63f,PV_data/Apple___healthy/28682886-ee9f-4698-854f-8f196c01b67a___RS_HL 6101.JPG,19,19,healthy,healthy,0.9953297
5aa8eb9f3cdd4ae5276fb9405cde4405,PV_data/Apple___healthy/28b993ef-31f6-42a9-b39b-933a18c0b532___RS_HL 7798.JPG,19,19,healthy,healthy,0.99999857
b764c7862b0ec36e7de167071a2bd92e,PV_data/Apple___healthy/2a485bb5-c59f-4af0-837a-063b60e0c3c8___RS_HL 6025.JPG,19,19,healthy,healthy,0.99264306
71af627fd0995b1a019bdc782619c879,PV_data/Apple___healthy/2b76e710-42aa-4732-9d60-c7fdaa14f9fa___RS_HL 5822.JPG,19,19,healthy,healthy,0.99891955
e50545d4d4c2bf8d1c36a00352755648,PV_data/Apple___healthy/2b96d8f8-6642-4897-b43e-dde7fb2fcb2a___RS_HL 7295.JPG,19,19,healthy,healthy,0.999982
37567b3070c7a30d5d72741c188ffdb2,PV_data/Apple___healthy/2d62f422-484f-4fa9-af67-f2724cfe5564___RS_HL 7441.JPG,19,19,healthy,healthy,0.9985379
b5add608a771e23d0babb0902027f3a0,PV_data/Apple___healthy/2fbd9205-be67-4f43-be2a-93a8def382a6___RS_HL 7680.JPG,19,19,healthy,healthy,0.9997447
94a4054b8989963cb124f4870b40ed6a,PV_data/Apple___healthy/3100088b-5df1-43b2-a1d9-8ff1d414b67b___RS_HL 5834.JPG,19,19,healthy,healthy,0.99999833
0ce56ef09d2afadf8d04982714559ddb,PV_data/Apple___healthy/314b2ac4-0d06-4940-8517-0d4c1072acbf___RS_HL 5929.JPG,19,19,healthy,healthy,0.9911984
bbbb47d6d489392ed4b503d88286e73a,PV_data/Apple___healthy/32073031-1afb-4a9e-ad8b-2d19ef6bb00a___RS_HL 7362.JPG,19,19,healthy,healthy,0.99995995
705d02084b38bf8585b33c3be2ffa458,PV_data/Apple___healthy/34121ffc-269b-481e-bbf5-96356da9f137___RS_HL 6185.JPG,19,19,healthy,healthy,0.485465
ded1745bb49d6dfb2464a98724d01ba3,PV_data/Apple___healthy/3737a846-d49c-4f70-bb38-a11922e093d5___RS_HL 8017.JPG,19,19,healthy,healthy,0.99866784
cd5e6b98e491e24103b859a663d11aae,PV_data/Apple___healthy/37b1cd89-582a-40ce-b2ec-6a635e1fea17___RS_HL 6151.JPG,19,19,healthy,healthy,0.99594843
426e33a5c9e89ad80f50af53911f9acc,PV_data/Apple___healthy/37b9da4a-2823-48fb-ba35-4138a44acf53___RS_HL 5954.JPG,19,19,healthy,healthy,0.9987336
f64141677970dc8e35edbfc90032458a,PV_data/Apple___healthy/3a1ca70b-00f0-4a0b-a973-8db1da714e6c___RS_HL 7759.JPG,19,19,healthy,healthy,0.9952266
b406cabfbede7a123e5a860feee7337f,PV_data/Apple___healthy/3bde3d8d-8a44-4e06-9492-a54a9844bf90___RS_HL 7318.JPG,19,19,healthy,healthy,0.99681795
6f0b3d88e14657242e0c27b667cefea3,PV_data/Apple___healthy/3c469e15-452e-4332-9f4b-93104f32d5e9___RS_HL 7954.JPG,19,19,healthy,healthy,0.96227396
fa29edf12d70569b6273941e49fed33e,PV_data/Apple___healthy/3c739f46-0ab2-4441-8fa9-cbc16d7609cb___RS_HL 7385.JPG,19,19,healthy,healthy,0.92040116
7ce84f8c1a1b88c11f8f7bfc23054d99,PV_data/Apple___healthy/3d300955-5956-4ed8-9348-d2d02388d4d3___RS_HL 7772.JPG,19,19,healthy,healthy,0.9998139
f3de73ca98a4a1447d1a4c190d210ebf,PV_data/Apple___healthy/3e3eaffe-3dda-4a64-8aa7-ca6cf40ff284___RS_HL 5698.JPG,19,19,healthy,healthy,0.962804
9c382f593de765595031879f65b7682e,PV_data/Apple___healthy/3f9788c1-8456-453f-b1c2-5cc66ba714a6___RS_HL 7635.JPG,19,19,healthy,healthy,0.99999154
85b8259b74ea848e95eab672eb3a21b3,PV_data/Apple___healthy/435d4aff-f96c-415a-91a4-07e21179a3d0___RS_HL 8159.JPG,19,19,healthy,healthy,0.99290186
ab5215253a417f6a94a0a5c97e894d6d,PV_data/Apple___healthy/44acd453-48a7-48db-997a-34b00a4d437a___RS_HL 7892.JPG,19,19,healthy,healthy,0.99964166
842c1f761d2750203e877b989504e6de,PV_data/Apple___healthy/44d0b31c-72e0-4a8f-9c3b-64051dab5d2e___RS_HL 7856.JPG,19,19,healthy,healthy,0.9958888
35ea921be5c67ead576e0a8e51609d1a,PV_data/Apple___healthy/456779f4-b7a7-4980-94ee-1798491ca888___RS_HL 7415.JPG,19,19,healthy,healthy,0.9725143
72d208bd4e22e10bd4066d2950554248,PV_data/Apple___healthy/456d5c1e-e025-4d4d-866c-799627dfeb36___RS_HL 5673.JPG,19,19,healthy,healthy,0.9915541
c49709db1025a18b5f6a05fb5c52a872,PV_data/Apple___healthy/468c07f3-8ac1-4b0f-8e10-f97a7b41f4f9___RS_HL 7661.JPG,19,19,healthy,healthy,0.7106419
d81b819922e6a5a44fe253622afd3118,PV_data/Apple___healthy/4839a9b1-c89f-475c-849f-c40c44e9cfff___RS_HL 6040.JPG,19,19,healthy,healthy,0.9948448
4b326c8132ccbe0562f7805b9a810aa1,PV_data/Apple___healthy/49cc68a3-a1df-47c2-99d5-c2cb3a4c0227___RS_HL 7854.JPG,19,19,healthy,healthy,0.99965274
d8a7359679d9cf08beeb7c83e318b677,PV_data/Apple___healthy/4bfc8d18-abd9-473f-b581-22283574686d___RS_HL 8088.JPG,19,19,healthy,healthy,0.9993363
d1b6906ff851804cffc150a11d0ad457,PV_data/Apple___healthy/4c368acb-0a47-4c7f-84bd-29dc74660db9___RS_HL 5800.JPG,19,16,healthy,Target_Spot,0.42386815
e24c434b33efe7346f576a8d36bb4776,PV_data/Apple___healthy/4cd37f4e-557b-4317-8772-21abd1efec65___RS_HL 7420.JPG,19,19,healthy,healthy,0.99424505
e0a13017ca41f885777a801aab6eb092,PV_data/Apple___healthy/4cfa1595-b674-419b-93f7-2a836ff4d1bd___RS_HL 7464.JPG,19,19,healthy,healthy,0.9999062
db72d5e8e359bce72fe0fcf259ebda51,PV_data/Apple___healthy/504ac2ab-ebfc-4c7d-89bf-d52955b6d297___RS_HL 7652.JPG,19,19,healthy,healthy,0.99896586
e479c473a24c962e85eb85b82a896c43,PV_data/Apple___healthy/514b3065-844b-40c8-8a86-043200a1779e___RS_HL 7721.JPG,19,19,healthy,healthy,0.9984243
31896d5b6d091d26e1ecf6addb619250,PV_data/Apple___healthy/51ad3661-ed25-4c8f-9f90-44f8f0f042e0___RS_HL 7645.JPG,19,19,healthy,healthy,0.99762124
de51a856b49679c13f0f234b61f7b42e,PV_data/Apple___healthy/51e68778-c3ba-423c-8fb8-bc5d1c20645a___RS_HL 7302.JPG,19,19,healthy,healthy,0.99913067
1edb323d5f013f9662a35c67959dc279,PV_data/Apple___healthy/530f24d7-aefb-419d-b814-2cb3a81cfe2c___RS_HL 6071.JPG,19,19,healthy,healthy,0.99999666
c1fd63ac3a77a12269a23aff4f35736a,PV_data/Apple___healthy/53d09cc6-89ef-4180-a823-31c5f6566656___RS_HL 6070.JPG,19,19,healthy,healthy,0.99999475
5e64fff5c232d7c7892d8112ce3046dd,PV_data/Apple___healthy/55b70cf6-c157-48bb-892c-24fa7c230a85___RS_HL 6203.JPG,19,19,healthy,healthy,0.9996613
7feb5ed22ae917b1bb2fb23ccaf86a23,PV_data/Apple___healthy/57b5c040-d081-45ad-a73b-948eb18dd3eb___RS_HL 7826.JPG,19,19,healthy,healthy,0.99906707
c10ee20847564bee5658146380ba403c,PV_data/Apple___healthy/57e50846-b756-498f-a4b7-84571faed0ab___RS_HL 7541.JPG,19,19,healthy,healthy,0.99927914
260377983b4da78500fdd974be155911,PV_data/Apple___healthy/5ceefac5-fa4f-4b5c-b270-3a945fc89ec0___RS_HL 6191.JPG,19,1,healthy,Bacterial_spot,0.7558817
e03d9b7a2c1c0cf8793d16ed1f7be7ae,PV_data/Apple___healthy/5d738917-48c8-4a27-90e9-0a4eac076fbc___RS_HL 5999.JPG,19,19,healthy,healthy,0.999582
a8eecbd5c5bb0f08808884b8b202a33d,PV_data/Apple___healthy/5e552830-5ccd-4f85-9f77-ed63db285890___RS_HL 5994.JPG,19,19,healthy,healthy,0.9998282
02804769bdc27b0414949c8618ff09b7,PV_data/Apple___healthy/5f1b959d-c157-455f-baea-258293cad073___RS_HL 6114.JPG,19,19,healthy,healthy,0.9984358
9c5bf684760ca41f02e449de78d23cb6,PV_data/Apple___healthy/5fd5b78d-72e9-4e04-99cf-a1b4ef4ba485___RS_HL 7852.JPG,19,19,healthy,healthy,0.9977602
e4ec8ad73b2a551d8630ad17c7ee7ded,PV_data/Apple___healthy/60385266-12df-445f-9fcf-196b1f91c254___RS_HL 8070.JPG,19,19,healthy,healthy,0.99994993
6ba99ca499c5cdf206516fa98afda401,PV_data/Apple___healthy/605bebdc-6d3e-4cfe-8498-3ccd1028e76d___RS_HL 7877.JPG,19,19,healthy,healthy,0.99697435
a52cac09f19d4aa17df8dd08edf78218,PV_data/Apple___healthy/60af8fc1-7f44-496c-9999-507d06e92142___RS_HL 7278.JPG,19,19,healthy,healthy,0.9994054
c30a6e05926b544cd2b070d42eff2b9a,PV_data/Apple___healthy/60be19f7-984f-4e9d-ad1d-4d21ea4c0eef___RS_HL 7966.JPG,19,19,healthy,healthy,0.9998261
98509208235adf4de8b63aba0cd359dd,PV_data/Apple___healthy/64764c6e-6e57-4fbe-903f-06103bd72a38___RS_HL 5951.JPG,19,19,healthy,healthy,0.9980749
1ed7fec29495385147ceaf1900b04a1f,PV_data/Apple___healthy/6519f187-e99f-4a02-9a28-eb4e167ea35c___RS_HL 6015.JPG,19,19,healthy,healthy,0.99780816
62a72b16a90c44a5368d47007db1c10d,PV_data/Apple___healthy/65a6d1f7-616e-40b7-8ebb-8b895c69a7dd___RS_HL 7813.JPG,19,19,healthy,healthy,0.99965465
68e0bdb6484df31a57182f45f30d0899,PV_data/Apple___healthy/66b2ddc7-46d8-487c-a93b-43d4332b7a31___RS_HL 5764.JPG,19,19,healthy,healthy,0.98920447
54e1e4d9b4fd60782b984f38d3ba8fdc,PV_data/Apple___healthy/682b3d72-607f-404f-b9e8-48acc1574f41___RS_HL 7419.JPG,19,19,healthy,healthy,0.9966456
41b641a83f21364f61e49e9c28a51150,PV_data/Apple___healthy/68812d5a-2b5d-4a89-b8de-f8f87422f321___RS_HL 6280.JPG,19,19,healthy,healthy,0.9993082
f8c2bb032b9872a2e93464e53eb90590,PV_data/Apple___healthy/68d3346d-11c5-4ad7-ba09-2f616dde3848___RS_HL 7428.JPG,19,19,healthy,healthy,0.99830294
74ef0c101d977b982987abc5ace19979,PV_data/Apple___healthy/6935b4ee-4f53-4f11-b2bf-d9e7db6dcaa9___RS_HL 7253.JPG,19,19,healthy,healthy,0.9793748
0f3e4b34b7e9113535776adf17251cb0,PV_data/Apple___healthy/6acc4c43-8bc1-4a6e-a6d6-93474e9c8502___RS_HL 7654.JPG,19,19,healthy,healthy,0.99924475
b2b2e535b769db1a5beb5b8c09413e4b,PV_data/Apple___healthy/6dea065f-3b56-4372-a04a-ab6d20e47234___RS_HL 7453.JPG,19,19,healthy,healthy,0.99970585
d927199c30cef477c9f7edde78dedac9,PV_data/Apple___healthy/6fe99b1c-d402-4756-a21b-ff964b999adb___RS_HL 6253.JPG,19,19,healthy,healthy,0.96617794
4fdfc617ed6950cee86667344bfd4bcd,PV_data/Apple___healthy/705990f2-bc4f-4568-af0b-2f58bd3b51a0___RS_HL 7608.JPG,19,19,healthy,healthy,0.9999862
5f2b6e4c2dbb284db240e8dc0611a7b0,PV_data/Apple___healthy/74bda678-63b6-44fb-8e8f-259788239618___RS_HL 5830.JPG,19,19,healthy,healthy,0.9980855
6119fd2e2238a36712bfcb2ade9c610e,PV_data/Apple___healthy/75b7a5bc-e419-4312-b5d9-6c3446a24ef4___RS_HL 6079.JPG,19,19,healthy,healthy,0.9986532
9a6df0aa58f5cbd8cc140ceec1250370,PV_data/Apple___healthy/76367d84-6702-4ef7-84f1-fe308315d04d___RS_HL 5967.JPG,19,19,healthy,healthy,0.9897328
4f60045ae402924012958edf5807a9f6,PV_data/Apple___healthy/77b48eb5-7237-460f-8751-cfb231c917a7___RS_HL 7687.JPG,19,19,healthy,healthy,0.9990007
fd60765e406e2f3a8a7164cda4c60b22,PV_data/Apple___healthy/77b8d24a-27e6-410e-97ef-faacc60c5a10___RS_HL 5831.JPG,19,19,healthy,healthy,0.9920048
82394ea16cada727195841340e777732,PV_data/Apple___healthy/77c943f7-afbd-4d41-a40a-9e05a2600fbc___RS_HL 7475.JPG,19,19,healthy,healthy,0.99994636
9c2ca3d59493c24ae51adaabd8f3a1f8,PV_data/Apple___healthy/78e648c6-a360-4fa8-b8ab-1225b164b7fd___RS_HL 7243.JPG,19,19,healthy,healthy,0.9977882
404298ab79d3aaaaef7b3a0239d552dd,PV_data/Apple___healthy/79d597cf-e046-4b0e-b489-a9d24b3a8f8e___RS_HL 8014.JPG,19,19,healthy,healthy,0.9997889
68fff371d566c3022b62a9c65b30f7d2,PV_data/Apple___healthy/7bf0ddc7-fa85-442b-859b-486b087a4641___RS_HL 5837.JPG,19,19,healthy,healthy,0.9999994
79dee516b729a15b681ca8722b1d6517,PV_data/Apple___healthy/7c388477-2953-4b3d-8f22-7f9eed5fff5c___RS_HL 7527.JPG,19,19,healthy,healthy,0.9999995
d6e0ea01ee74d4442fcc97ac1e24ce8e,PV_data/Apple___healthy/7cbd343b-9af0-47cb-9aa5-e19e675b3057___RS_HL 7265.JPG,19,19,healthy,healthy,0.999207
4990b94a68439923af95fc31fc160321,PV_data/Apple___healthy/7d9eb65f-be86-4516-b239-cbf856aa5ed4___RS_HL 6110.JPG,19,19,healthy,healthy,0.6332314
561039594d49b4fc6e983cd47e9223df,PV_data/Apple___healthy/7dd45aba-e6cc-4ef9-a52c-5223c2e6b0ea___RS_HL 5877.JPG,19,19,healthy,healthy,0.9940191
82146994721b813531c9526bfd1ec925,PV_data/Apple___healthy/7e2b569c-2eb5-4f4e-af96-e4cde4971634___RS_HL 6136.JPG,19,19,healthy,healthy,0.99994695
30a40b64ccbf3a3d902f4d3dedbf17ce,PV_data/Apple___healthy/7f7a6126-8b21-49fd-8880-25ffd0234302___RS_HL 6027.JPG,19,19,healthy,healthy,0.9996393
0412e37180c622de28bf73e0bfeff880,PV_data/Apple___healthy/8159ee63-0c79-4987-8d1d-42471d4e8b90___RS_HL 7508.JPG,19,19,healthy,healthy,0.9999974
b5c97c476939cc482543d7d15b1e4676,PV_data/Apple___healthy/818082df-492c-4c5e-a3bb-a3153818d816___RS_HL 7319.JPG,19,19,healthy,healthy,0.99805814
49a71fd11aa4ea29908f44ea5b381688,PV_data/Apple___healthy/828a6b50-e2fb-4e63-a595-556aa41d43a7___RS_HL 6250.JPG,19,19,healthy,healthy,0.99975246
7708fe94b06db58653265ba4ef570d89,PV_data/Apple___healthy/84d6003b-3195-49cb-9831-861d9dc5b2cd___RS_HL 8041.JPG,19,19,healthy,healthy,0.9803131
c4f075755c5cde1773844b762e928372,PV_data/Apple___healthy/8673df90-01fb-4dde-9510-6743bfefb367___RS_HL 6069.JPG,19,19,healthy,healthy,0.9997271
2f9bcdc09115577567c45cc96dddc7de,PV_data/Apple___healthy/86f6b322-e7af-4d91-b0c3-c5c6d6336fa5___RS_HL 7422.JPG,19,19,healthy,healthy,0.9991129
f76937b2110a9217d14d890aa2292c51,PV_data/Apple___healthy/87a26817-6916-47fc-8cdb-adc5c57ad21b___RS_HL 5684.JPG,19,19,healthy,healthy,0.99416107
de6cc67c5fbf146ba50af57048bf8a91,PV_data/Apple___healthy/880ed927-54cb-43f7-8d9d-4e2705cc8472___RS_HL 7488.JPG,19,19,healthy,healthy,0.9999621
c6795ab94acca7afc76e736f6994ae06,PV_data/Apple___healthy/885dd825-a34b-4149-bbb0-445fa62a4e64___RS_HL 7814.JPG,19,19,healthy,healthy,0.9999684
8af0265c482b8c67b31d05dd19cdf508,PV_data/Apple___healthy/89699048-94c3-4389-9a86-13e73dfd23c6___RS_HL 7257.JPG,19,19,healthy,healthy,0.6784028
9114b2fbaa585c9bd54602fd2ab9e253,PV_data/Apple___healthy/89ce10db-057c-4c03-9324-b512db8ca3d6___RS_HL 5797.JPG,19,19,healthy,healthy,0.99921334
f1be28a7e28c2bfdabcfad059d1bf02d,PV_data/Apple___healthy/8a6cad28-0c10-47aa-af0e-fd82de61ba70___RS_HL 6246.JPG,19,19,healthy,healthy,0.9684683
939e7e1303ce3610b48fc5ae870145c7,PV_data/Apple___healthy/8b60fc20-52fa-40a2-8d91-367307968f8e___RS_HL 7264.JPG,19,19,healthy,healthy,0.9999225
5957848fe67a3961fe2029ef535d48be,PV_data/Apple___healthy/8c43ceb4-000b-441b-887f-ef495da381e2___RS_HL 7864.JPG,19,19,healthy,healthy,0.9997032
8d8b2c11ac8f74426bc0c59659c9d4f4,PV_data/Apple___healthy/8cc94307-16b9-4e2c-a786-5ba504d244c3___RS_HL 7799.JPG,19,19,healthy,healthy,0.9999658
926b263ee449f6f6ec8ab3c658a42d1c,PV_data/Apple___healthy/8de1ca48-0d3b-4473-bc5a-9b4a881006ff___RS_HL 7433.JPG,19,19,healthy,healthy,0.999959
63a88370005236bf48b5de52e2833b55,PV_data/Apple___healthy/8fd3cfbd-fbca-4c33-a2a7-1e7ecc71ec9e___RS_HL 6091.JPG,19,19,healthy,healthy,0.9980393
96b8ae8754530d2700337c1f2cac89a3,PV_data/Apple___healthy/90fd9659-9d97-4428-bc35-c84def0ba3ba___RS_HL 7981.JPG,19,19,healthy,healthy,0.99796283
7a0171d8c6217c0d5db807d49663f5b8,PV_data/Apple___healthy/91c6a666-8d31-466f-b7cf-78c9268fba9c___RS_HL 7697.JPG,19,19,healthy,healthy,0.99910825
f00cf0173a9482858ea77f6db2be6700,PV_data/Apple___healthy/9284bd52-df45-4fc3-aaa6-4323666b41c4___RS_HL 7348.JPG,19,19,healthy,healthy,0.815441
fcce21fbced38d312cbe74fdaf90da11,PV_data/Apple___healthy/92effbbb-c662-40c8-8aa9-a5a453d859df___RS_HL 5899.JPG,19,19,healthy,healthy,0.9998832
5917ff13050ba27980ba4bbd09242668,PV_data/Apple___healthy/946b311a-cb67-46d4-8c8b-0d91ebd456f3___RS_HL 5809.JPG,19,19,healthy,healthy,0.9993475
d41649e1a8061e01c7ea83037a58eddc,PV_data/Apple___healthy/94c36e88-6c77-4e7b-b6c8-bf354d8f6fe9___RS_HL 7930.JPG,19,19,healthy,healthy,0.9977812
57f9c825da74a60908a5ab333e1ed67f,PV_data/Apple___healthy/950b3f81-0b23-4fed-a47c-e1291f430e8f___RS_HL 7418.JPG,19,19,healthy,healthy,0.99851304
246f50daa2a9d539f25cb8ea83acf507,PV_data/Apple___healthy/9871fd63-1ee8-436a-a1b3-c6104350400b___RS_HL 5693.JPG,19,19,healthy,healthy,0.9975811
4ccfe06f40d6a1ce8287419990d0bc55,PV_data/Apple___healthy/990838f4-b976-45bb-859d-95de901acc8c___RS_HL 7365.JPG,19,19,healthy,healthy,0.99999964
83a7b4b5719a192d17384fe378664c66,PV_data/Apple___healthy/99b369d2-fa9b-4d3b-8516-462dbae8561a___RS_HL 7242.JPG,19,19,healthy,healthy,0.92772746
927a70b053e64469216bb6b1c3571acb,PV_data/Apple___healthy/9aa3bace-83a4-4572-a2b2-cc12dcb4cafa___RS_HL 5742.JPG,19,19,healthy,healthy,0.9980812
e7f4e32b12a9db2c4240e5a43fd91546,PV_data/Apple___healthy/9d872301-fed3-4fc4-bf58-9963a5248105___RS_HL 5678.JPG,19,19,healthy,healthy,0.99994636
2849e44ec05b2b93d93951a6dffb3ac6,PV_data/Apple___healthy/9ee2b5e6-46cf-400f-a82f-660a2ac05157___RS_HL 5643.JPG,19,19,healthy,healthy,0.99997985
9bd48f2342bbf964e830e3b2792a9f0f,PV_data/Apple___healthy/9f6f67e7-5369-4642-9594-a29fba331a5c___RS_HL 5907.JPG,19,19,healthy,healthy,0.99998295
475e6bdd5f44dfd131614eac31e91329,PV_data/Apple___healthy/a1630d3e-2f30-455e-b259-d92b7b332588___RS_HL 5768.JPG,19,19,healthy,healthy,0.79413646
3dec86d4c56bf2cf4fb42f650ab4d570,PV_data/Apple___healthy/a270262b-b9f7-4756-abc4-d8ce165a4a8f___RS_HL 7613.JPG,19,19,healthy,healthy,0.9984761
7ad4ee6f9f67cbbc7c3ae6c0e29e19ce,PV_data/Apple___healthy/a30bee25-14fb-43d2-9ab2-b179c920839c___RS_HL 5778.JPG,19,19,healthy,healthy,0.9999254
9537c938c6ca9d41a6dc76c7f2ec7b98,PV_data/Apple___healthy/a30edbd9-7605-47ca-9841-dce943c3e12a___RS_HL 7523.JPG,19,19,healthy,healthy,0.9996427
152f12e2fad6653b7ef80b2697b4c47c,PV_data/Apple___healthy/a58444b0-ca47-491a-8ddb-c9ae42c26747___RS_HL 6060.JPG,19,19,healthy,healthy,0.9994836
96ddf8f8c46a7fc785c62d683acafbaa,PV_data/Apple___healthy/a5acd48c-a7c2-42de-8a2e-231bb94e134d___RS_HL 7591.JPG,19,19,healthy,healthy,0.99990785
cdafca6261b6777ceb06fb70dfc93df9,PV_data/Apple___healthy/a65ad047-7fcd-4059-a4fa-15cd09a284d4___RS_HL 7861.JPG,19,19,healthy,healthy,0.999493
be336848b03b6ccd3d972ac35992db19,PV_data/Apple___healthy/a6af24a5-31a8-4154-bfe6-7b3f7d516f6a___RS_HL 7622.JPG,19,19,healthy,healthy,0.9999825
190d3e780fb3460478a14790c3a8aa19,PV_data/Apple___healthy/a8c76694-697e-4684-bc13-ac1302ebd3c0___RS_HL 7411.JPG,19,2,healthy,Black_rot,0.49968228
f677eec4e49f41d04526e33eb390dbbd,PV_data/Apple___healthy/ab23fdc9-8036-47f2-a32b-b3facb13fd5b___RS_HL 5947.JPG,19,19,healthy,healthy,0.9893394
db5b05adbb82a96f766941d110c2f038,PV_data/Apple___healthy/abc9f5f6-ea98-46c0-8df7-2986969318bf___RS_HL 5928.JPG,19,19,healthy,healthy,0.99370885
66bf9baf83c321afca64c71dd044c7b5,PV_data/Apple___healthy/ac7b5666-1fe7-4407-a769-7beb71dadd13___RS_HL 5640.JPG,19,19,healthy,healthy,0.9997835
753c00a785b0d8c546da0acf690c1ddd,PV_data/Apple___healthy/ae4a5e3d-c781-49ec-901e-940f127e1688___RS_HL 6128.JPG,19,19,healthy,healthy,0.99988973
b64d919f37cacc2ebec0630d743c963d,PV_data/Apple___healthy/af2972a9-c62d-44bf-a5df-45c0bdf70572___RS_HL 5835.JPG,19,19,healthy,healthy,0.99999714
6636858da4e85658028ea3b6d6bf99ae,PV_data/Apple___healthy/b06260e3-9149-43c1-ab1d-2a592ee2b7fc___RS_HL 5825.JPG,19,19,healthy,healthy,0.8928578
8eff0158339bd79bf9adf23b5bead4d5,PV_data/Apple___healthy/b09360ae-9c60-49b8-abb8-edc4c37d79c3___RS_HL 7643.JPG,19,19,healthy,healthy,0.99928546
51749ac56370eeecd605e48b04effeb0,PV_data/Apple___healthy/b49f9a95-3672-4f62-9767-51a0f9825267___RS_HL 6232.JPG,19,19,healthy,healthy,0.9993776
2728d683581130d4b439c2465c7f7521,PV_data/Apple___healthy/b5ff5168-38d9-4a8b-b5bb-94c310e77b53___RS_HL 6083.JPG,19,19,healthy,healthy,0.9995078
27cf7c8356f9bad911c89544f6cdd90e,PV_data/Apple___healthy/b79b7572-548b-400e-a675-1ffa9a1d6079___RS_HL 6281.JPG,19,19,healthy,healthy,0.9998909
f65c53c38902c343b22d62765d894795,PV_data/Apple___healthy/b85dfb75-f620-427c-9108-02547560a2b4___RS_HL 5913.JPG,19,19,healthy,healthy,0.9925242
70b3f1607646e5c30c309eef5298ec1a,PV_data/Apple___healthy/b876a8f5-9fee-48fe-817c-f810a55c9ee2___RS_HL 7496.JPG,19,19,healthy,healthy,0.99889237
ec2e791afe90ad23fc6ed9a4893fe0cf,PV_data/Apple___healthy/bb94fafa-e2c6-41bc-8146-83835e579513___RS_HL 7585.JPG,19,19,healthy,healthy,0.9999876
7ce399e19aee81da6622a7922731f6d9,PV_data/Apple___healthy/bd61a0a7-939f-43ba-bb02-168ceb97a32a___RS_HL 5902.JPG,19,19,healthy,healthy,0.99838305
e595d46e1117ddf84afb66f54fde1e61,PV_data/Apple___healthy/bd910a05-42d0-4e01-9d88-0c8577ccdbe2___RS_HL 7396.JPG,19,19,healthy,healthy,0.9999815
b2b8fbc1a94084c324bc6ea0bd0d9d30,PV_data/Apple___healthy/bd9222f6-b97a-4e5b-ac0f-ff320f5f7180___RS_HL 7630.JPG,19,19,healthy,healthy,0.99999225
b49c1f04e428c998726fa232bf7c9559,PV_data/Apple___healthy/bf5b3cf2-cc13-4fbd-b629-7a7f56afe59b___RS_HL 5932.JPG,19,1,healthy,Bacterial_spot,0.535828
c3750e5017634ce213934a0a01bfc10d,PV_data/Apple___healthy/bfbfd624-ea18-4469-8038-4c90e4369209___RS_HL 7628.JPG,19,19,healthy,healthy,0.9999907
d515938b30bca56c336364313762c431,PV_data/Apple___healthy/bfef73e8-a8d2-4c50-8266-b8eaafd993e4___RS_HL 5861.JPG,19,19,healthy,healthy,0.99999654
40ac1034cd44f018e7826464dbae1903,PV_data/Apple___healthy/c023b0a2-5c8b-448f-9735-2e11a7a389ec___RS_HL 6198.JPG,19,19,healthy,healthy,0.9792388
a7ea5fbbd3dc215efaa8537a2e37d5c5,PV_data/Apple___healthy/c02b90e9-753e-44a7-a4b8-1e19f1de42f4___RS_HL 7971.JPG,19,19,healthy,healthy,0.95491207
0deb3c58a183b2f6bf3123e7c9f573ea,PV_data/Apple___healthy/c2498e7d-1a61-467a-9de9-800bab0e69bb___RS_HL 7395.JPG,19,19,healthy,healthy,0.9998988
d6c19779fa8a6d6e938a6d07490c5223,PV_data/Apple___healthy/c5415525-b654-4f0d-8aaf-c529db6c630f___RS_HL 8115.JPG,19,19,healthy,healthy,0.9999888
dc563e275d716d5eb3d752b032a34f7e,PV_data/Apple___healthy/c86f1476-4e5c-4dbd-923d-a575bd03cd18___RS_HL 6210.JPG,19,19,healthy,healthy,0.9982254
e0a191081e29c9431a22dcf4f1c5eff8,PV_data/Apple___healthy/c89af5ca-be92-4d72-af08-56598771c4c3___RS_HL 5695.JPG,19,19,healthy,healthy,0.9967456
80ef14ca15cb9f2249dfdb354daa6c0e,PV_data/Apple___healthy/c8fe407d-1806-41a1-9fee-0c7d2c538fba___RS_HL 6166.JPG,19,19,healthy,healthy,0.99886394
4ee5ee4a2ec4edb306b0d3f47cb14657,PV_data/Apple___healthy/c93d7101-89bf-48d9-bcb2-3957da7131ff___RS_HL 8035.JPG,19,19,healthy,healthy,0.9996968
0c311def8c85c5b27b7d6ca26acb508a,PV_data/Apple___healthy/c95d4ca9-d33d-4cd6-b0da-31f327e8a5d6___RS_HL 7911.JPG,19,19,healthy,healthy,0.9999
d18e75f5cea56902efc0b0917c17d42d,PV_data/Apple___healthy/c9b9e157-bef7-41c8-be22-80933635137f___RS_HL 7922.JPG,19,19,healthy,healthy,0.92403626
3c38e0ffd4d9549845a9dc91f18b57bc,PV_data/Apple___healthy/cbc30a63-6c05-405d-b735-0a8eee10192d___RS_HL 5983.JPG,19,19,healthy,healthy,0.99986255
ec0635ef6a3b7cfe180c5e99e3e037a2,PV_data/Apple___healthy/cc97a80b-968e-46ba-a7ad-afd3d0ffb21f___RS_HL 6048.JPG,19,19,healthy,healthy,0.9846677
c10eb46357ab5f4db06b3ac3f8ca007d,PV_data/Apple___healthy/ce57ae51-2e2e-4e60-bbc8-033b7b0584d0___RS_HL 6005.JPG,19,19,healthy,healthy,0.9996781
dbda3fdba9c04ad75c6958739c8eda0c,PV_data/Apple___healthy/ce955079-4dde-4b96-9240-5348dbb3c774___RS_HL 7760.JPG,19,19,healthy,healthy,0.9998181
0398c658974be122646ca923c86441c4,PV_data/Apple___healthy/ceead707-a3f7-4ac7-801e-113399dcf68a___RS_HL 7254.JPG,19,19,healthy,healthy,0.8360412
3f30f9232be4cff4edc7545e0331faba,PV_data/Apple___healthy/cfb93659-94c6-4ff3-8104-bae70c975bde___RS_HL 5666.JPG,19,19,healthy,healthy,0.7652729
8b1eccbe073d3fa4218eb4a0f8717201,PV_data/Apple___healthy/d092beaf-5cb5-400a-a3b7-b8bcd501af2b___RS_HL 8076.JPG,19,19,healthy,healthy,0.99991226
c6dc48d5942d947ad8cdf7bd0a865232,PV_data/Apple___healthy/d1dd75fa-e0f8-4942-b530-5f6371ac9bc8___RS_HL 7427.JPG,19,19,healthy,healthy,0.9987012
ce3b9dbae720fe5710b684dc957dedaf,PV_data/Apple___healthy/d25674da-5147-4d9d-9041-5b1e97afbdc5___RS_HL 7492.JPG,19,19,healthy,healthy,0.9999949
81acb0cc86c654ca5b8a65706375d714,PV_data/Apple___healthy/d321145e-6ab0-4ad2-8109-f34ee4389149___RS_HL 7848.JPG,19,19,healthy,healthy,0.9999541
399f6b6c9fcf7f4e7ea50e91926fab34,PV_data/Apple___healthy/d345baff-7be6-45a6-802a-b945b95b5885___RS_HL 5956.JPG,19,19,healthy,healthy,0.9998239
e0f648ee7f2e9be00ba90baf117ad7e6,PV_data/Apple___healthy/d3524c88-0d60-43e0-a181-3ecc0facd54a___RS_HL 8181.JPG,19,19,healthy,healthy,0.9999176
6ac6de230d1c5bd1adf4078a201a9e07,PV_data/Apple___healthy/d3b63202-6e22-4d60-b4d0-31c54ffd2762___RS_HL 5675.JPG,19,19,healthy,healthy,0.9999969
5a852dc21fb049c42843c52a168da609,PV_data/Apple___healthy/d4ddb36a-e4cf-41be-b3f6-16c584e62b9a___RS_HL 7994.JPG,19,19,healthy,healthy,0.99269027
c5ce6077e5865998f9db315305b02e1b,PV_data/Apple___healthy/d56f2b29-74ed-4997-a16c-f3416fe36c04___RS_HL 7988.JPG,19,19,healthy,healthy,0.99826586
00167252e17379279e61abc45ed74781,PV_data/Apple___healthy/d6318793-dacc-4b58-bb19-043324042180___RS_HL 7246.JPG,19,19,healthy,healthy,0.9927898
a30f1a179a5b5c629f5247c08a850b88,PV_data/Apple___healthy/d7cc096f-4900-44b4-a85e-216386a73773___RS_HL 5774.JPG,19,19,healthy,healthy,0.99937606
e1bb9ddba5b0b4bb9d58596b1618f2f8,PV_data/Apple___healthy/d80a4d8f-c6a6-41e9-92d0-ba21894f8c64___RS_HL 5794.JPG,19,19,healthy,healthy,0.9948954
daf459cb6f58a5905253e048c1401a0c,PV_data/Apple___healthy/d91b6c09-9022-4860-98fb-643c0ec85fe3___RS_HL 7965.JPG,19,19,healthy,healthy,0.99951243
b660e4baa36be96b2c81b926f42d7e9c,PV_data/Apple___healthy/da781038-1b3d-4934-8927-9477efa7d5ec___RS_HL 5815.JPG,19,19,healthy,healthy,0.99958116
08a1fc2a09605b5f9ee6403228862a3a,PV_data/Apple___healthy/da91e28c-3e10-406c-be5c-d10afd8e183d___RS_HL 6041.JPG,19,19,healthy,healthy,0.9924668
c7494c6321776e578560df60f7ece7ff,PV_data/Apple___healthy/dbea92a9-9473-4cb1-b181-341789de0681___RS_HL 5708.JPG,19,19,healthy,healthy,0.99999845
19ec3ae6706597ed3eed6deb4acd00fe,PV_data/Apple___healthy/dc456961-360a-419b-abb7-b3de3963742a___RS_HL 6055.JPG,19,19,healthy,healthy,0.98824036
5a6955af223cb88fadb455265aefba10,PV_data/Apple___healthy/dd4efe08-e387-42e2-9c4c-61b35b09bd0d___RS_HL 8136.JPG,19,19,healthy,healthy,0.99979055
401f0c2eb1969985d16a82eff8422ffb,PV_data/Apple___healthy/df6bce5a-1d1b-49f6-a9cb-8f262701b335___RS_HL 8164.JPG,19,19,healthy,healthy,0.99943596
7258cd28cd54f3d76716ad847e7fa604,PV_data/Apple___healthy/dff74209-1167-4878-8236-e0bf62e877dd___RS_HL 7815.JPG,19,19,healthy,healthy,0.99936265
7422d3e9a1185d047a5c494929c46f8a,PV_data/Apple___healthy/e1571e9e-b373-4d7d-9106-a0b1e4e89bd9___RS_HL 7342.JPG,19,19,healthy,healthy,0.9999838
46fb8778bc67958e52cb7a8094cccf38,PV_data/Apple___healthy/e1ba14eb-adfc-4b8f-91ec-cb6fa892f501___RS_HL 7633.JPG,19,19,healthy,healthy,0.99999034
b6c32dba9be769f234cf23c493de187e,PV_data/Apple___healthy/e34850c1-041f-4674-ba19-b3c48956e986___RS_HL 6184.JPG,19,8,healthy,Late_blight,0.48826253
5e355f46bfd1e8b999e5bd2f1cc8568c,PV_data/Apple___healthy/e366d6d6-7a22-4182-bf81-a573831404a2___RS_HL 6165.JPG,19,19,healthy,healthy,0.697442
9d8fe236b4c8f4ebd609cfb7c7b42b98,PV_data/Apple___healthy/e439a002-e035-401e-a1aa-77f99fbd65ad___RS_HL 5880.JPG,19,19,healthy,healthy,0.97850144
f0065f5d5da9afdedd29f0b18ad9ba2f,PV_data/Apple___healthy/e703a7bf-2f28-4577-9463-e67397c1b673___RS_HL 8100.JPG,19,19,healthy,healthy,0.9999956
807f82bd450607447c6bde9be50aff4a,PV_data/Apple___healthy/e8f01d04-432d-4894-990b-df471a782651___RS_HL 6297.JPG,19,19,healthy,healthy,0.9992526
b07b84b5758e896448f12e5208e162a5,PV_data/Apple___healthy/ec274680-0ee1-49d4-af42-48c6fe0da457___RS_HL 7306.JPG,19,19,healthy,healthy,0.99850404
5e8f0b24f3bbeeba5413c25751982bd0,PV_data/Apple___healthy/ee80e1f5-3e45-49a2-9766-ee6ec0981f91___RS_HL 5690.JPG,19,19,healthy,healthy,0.9999778
9cd699461cfef0931f3847a4e7f21afb,PV_data/Apple___healthy/f09b090f-bff1-4fc9-87ad-1b9e05373698___RS_HL 6035.JPG,19,19,healthy,healthy,0.9992807
46f22af556420bc4a37fe8996a38acd5,PV_data/Apple___healthy/f1953fa5-9c15-40a5-b9cd-43341f14dc4d___RS_HL 6115.JPG,19,19,healthy,healthy,0.9986104
5b9267aae592359d8a0828c4949c4f6f,PV_data/Apple___healthy/f1ff3bc9-8483-4255-a252-95433e00d5e2___RS_HL 7509.JPG,19,19,healthy,healthy,0.9999949
db59ff6d551b47f48364e1c8c4a29ee5,PV_data/Apple___healthy/f31086c2-e23e-4ae1-85a4-89eb742271bc___RS_HL 7611.JPG,19,19,healthy,healthy,0.99995494
224b959d7b368011d8ac5ce389815238,PV_data/Apple___healthy/f32ff514-bb33-437d-96bb-526b36662981___RS_HL 6121.JPG,19,1,healthy,Bacterial_spot,0.47105956
53aba266ea82504d383d8c3945d314d8,PV_data/Apple___healthy/f38f938c-4c62-49f0-b271-d0616057e84e___RS_HL 7843.JPG,19,19,healthy,healthy,0.9934422
7a90d32a8d145e5ecdcfd036fdc95c2f,PV_data/Apple___healthy/f43cffa7-756c-40c1-ad67-8924692019a1___RS_HL 6187.JPG,19,19,healthy,healthy,0.9901051
97797f742b8303289974a4063a42e586,PV_data/Apple___healthy/f472e594-6b98-402a-a097-22f46921df9e___RS_HL 7818.JPG,19,19,healthy,healthy,0.99946433
d930b0df1fd79386c58b7d6c177c244f,PV_data/Apple___healthy/f749db98-b26d-40d0-af8e-af6740848dca___RS_HL 7895.JPG,19,19,healthy,healthy,0.999637
1a28497a3c6da2f186459814f6b13597,PV_data/Apple___healthy/f7ac955e-05a2-455a-88aa-2771234e9be0___RS_HL 7530.JPG,19,19,healthy,healthy,0.9999926
da95426b2c840c2c4fb79efc1df81485,PV_data/Apple___healthy/f7b5ebd2-2471-4a99-9944-e25696aa5fa8___RS_HL 6233.JPG,19,19,healthy,healthy,0.99996436
2f98ea609dc398daefab5c65c1641b47,PV_data/Apple___healthy/f85e6b2c-e4b2-42fe-99db-9583b58bb51b___RS_HL 6112.JPG,19,19,healthy,healthy,0.99998724
6feaf787ba25afcc4836db104031dc1e,PV_data/Apple___healthy/f8ac1022-aeb5-4d6c-a976-a4117a3c1b57___RS_HL 5892.JPG,19,19,healthy,healthy,0.99772376
f49b2763057a58e44b4389fd6b3dbc7f,PV_data/Apple___healthy/fac07867-acdd-4a19-8be5-987958575af0___RS_HL 5972.JPG,19,19,healthy,healthy,0.8875279
4dfd118704bff6f0a7c55eaf31ab2e95,PV_data/Apple___healthy/fac70506-5bb2-40bb-a8bd-249cbe7c27e3___RS_HL 7693.JPG,19,19,healthy,healthy,0.99984384
1fc1898a4a999a46b5522712dd9d3780,PV_data/Apple___healthy/faf64a07-ea03-429d-b41d-2a87d2dd066a___RS_HL 5957.JPG,19,19,healthy,healthy,0.9915087
27041d835604d390ee28d9310af686f0,PV_data/Apple___healthy/fb0953a0-71a5-4c1c-9fb3-f0d9888c2170___RS_HL 8036.JPG,19,19,healthy,healthy,0.9993938
0b9eba1599faa451299cf59fa3bb0bd9,PV_data/Apple___healthy/fc7a6626-26f1-4edd-9fa3-f4017354ef44___RS_HL 5903.JPG,19,19,healthy,healthy,0.99976057
92d973935afa72fb45c850ab0acc7019,PV_data/Apple___healthy/fcc4c8a4-2177-4a08-a785-063497dfd121___RS_HL 5844.JPG,19,19,healthy,healthy,0.90560305
c5a6b6f53ee2615e15efa0aa05fc7838,PV_data/Apple___healthy/fd7d6a50-e28f-4014-8e15-6028b5f349d0___RS_HL 5953.JPG,19,19,healthy,healthy,0.99779224
8c680f49ddb94872a92d676954f94cf2,PV_data/Apple___healthy/fda25357-1076-4707-83e7-d409448a11a8___RS_HL 6221.JPG,19,19,healthy,healthy,0.9996905
d4aed89033d4137d39ad5465a13fac76,PV_data/Apple___healthy/feb2c7d8-0cfd-4eb1-86d0-78a893dd8943___RS_HL 7866.JPG,19,19,healthy,healthy,0.99942416
72012baa5bb136621fb959b12fa60161,PV_data/Apple___healthy/ff89a869-8eb9-4a0a-9132-dc63e94421bd___RS_HL 7649.JPG,19,19,healthy,healthy,0.9999057
49d2ce43b1ae9b6d207cc228475ee6a9,PV_data/Cherry_(including_sour)___Powdery_mildew/00b7df55-c789-43d6-a02e-a579ac9d07e6___FREC_Pwd.M 4748.JPG,13,13,Powdery_mildew,Powdery_mildew,1.0
4ee42867076a4700a9e96b3978590bc7,PV_data/Cherry_(including_sour)___Powdery_mildew/02d6722b-1f47-4f11-b831-be4bba26b158___FREC_Pwd.M 4593.JPG,13,13,Powdery_mildew,Powdery_mildew,1.0
53760cb52d6ab5e7eed60a11d39267d0,PV_data/Cherry_(including_sour)___Powdery_mildew/02d6c81a-c5dc-4b29-848a-7a0b8c42e5ed___FREC_Pwd.M 4699.JPG,13,13,Powdery_mildew,Powdery_mildew,0.99996555
b6c3e20c7681d994809eaebe5b907fcd,PV_data/Cherry_(including_sour)___Powdery_mildew/04a35542-f567-4ad4-a97f-f472d21d30dd___FREC_Pwd.M 4471.JPG,13,13,Powdery_mildew,Powdery_mildew,0.9999989
1fd87a78369f842e12c16ddd2f8bb3b5,PV_data/Cherry_(including_sour)___Powdery_mildew/04fa8868-8ba4-465a-85ce-9f9b114f97b5___FREC_Pwd.M 4568.JPG,13,13,Powdery_mildew,Powdery_mildew,0.99999917
4fb77c4f3f6851473e09696516e33318,PV_data/Cherry_(including_sour)___Powdery_mildew/0711a85e-1e8f-47a3-a9ce-841af3f77544___FREC_Pwd.M 0497.JPG,13,13,Powdery_mildew,Powdery_mildew,0.9999993
5b1ecb7905a6719bfcdb0aeb559faf5e,PV_data/Cherry_(including_sour)___Powdery_mildew/080a25a5-9b62-4fa7-b7fe-44fef2750e0c___FREC_Pwd.M 4673.JPG,13,13,Powdery_mildew,Powdery_mildew,0.9999994
5d020216af9c35dfac19b9bb6b57f65c,PV_data/Cherry_(including_sour)___Powdery_mildew/081459be-800b-428c-a45e-3431c10fab63___FREC_Pwd.M 5140.JPG,13,13,Powdery_mildew,Powdery_mildew,0.9994196
9cd2ac516cd6797253338781268f37da,PV_data/Cherry_(including_sour)___Powdery_mildew/085f167e-2fef-46e1-8518-ca4e555b59a3___FREC_Pwd.M 4488.JPG,13,13,Powdery_mildew,Powdery_mildew,1.0
94ae4479b25aa286bf78f50cbc5ba6ba,PV_data/Cherry_(including_sour)___Powdery_mildew/0ac12d2d-a98c-4e25-b715-94e7579a98f1___FREC_Pwd.M 4887.JPG,13,13,Powdery_mildew,Powdery_mildew,0.99985516
a43ca943143dae5500c6b8f392204092,PV_data/Cherry_(including_sour)___Powdery_mildew/0b1da03f-3c6e-4977-96b7-6460433168b8___FREC_Pwd.M 5137.JPG,13,13,Powdery_mildew,Powdery_mildew,0.9999949
78fe19bfebf67140dad7554051412807,PV_data/Cherry_(including_sour)___Powdery_mildew/0be76485-a2bd-4f71-9735-ccec7d440de9___FREC_Pwd.M 0295.JPG,13,13,Powdery_mildew,Powdery_mildew,0.998454
d42a2cb9bea392629025f88c72675aa6,PV_data/Cherry_(including_sour)___Powdery_mildew/0df55dba-60e0-44e6-b64a-1f4d9a1377fd___FREC_Pwd.M 0527.JPG,13,13,Powdery_mildew,Powdery_mildew,1.0
18b61150897d350b7519d1186ae5e40c,PV_data/Cherry_(including_sour)___Powdery_mildew/105aa4f9-1ff7-43a4-b350-d1f7916cdc6f___FREC_Pwd.M 4963.JPG,13,13,Powdery_mildew,Powdery_mildew,1.0
e0fad37854b993125b94e6df2a53b72a,PV_data/Cherry_(including_sour)___Powdery_mildew/10729db2-3c76-406c-921a-90efaac37016___FREC_Pwd.M 0293.JPG,13,13,Powdery_mildew,Powdery_mildew,0.997422
6044c1047fe2e5866967f9f8a077ea7a,PV_data/Cherry_(including_sour)___Powdery_mildew/119ee0ba-5aec-455d-9ce7-cfc7dae1b39d___FREC_Pwd.M 4542.JPG,13,13,Powdery_mildew,Powdery_mildew,1.0
3585966836e39ca23a75bff705282161,PV_data/Cherry_(including_sour)___Powdery_mildew/167d6c02-d49c-4571-b9b8-6d77be09dfb4___FREC_Pwd.M 0256.JPG,13,13,Powdery_mildew,Powdery_mildew,0.9999958
100c75ce7f06db3a1e2969a2fa8d6d2c,PV_data/Cherry_(including_sour)___Powdery_mildew/177ebecc-dcdc-4d9f-8949-cb47b4473730___FREC_Pwd.M 4709.JPG,13,13,Powdery_mildew,Powdery_mildew,0.99999416
929d8a1e6c8ca73362f5583822aac2e4,PV_data/Cherry_(including_sour)___Powdery_mildew/182a4f7e-026f-4f73-a3a6-3345b9f82840___FREC_Pwd.M 4691.JPG,13,13,Powdery_mildew,Powdery_mildew,0.99999917
27ec3de9da38fe40c993948d0102b68d,PV_data/Cherry_(including_sour)___Powdery_mildew/1bbbffe8-ebdd-497c-b8ed-d90ad1a901e8___FREC_Pwd.M 4755.JPG,13,13,Powdery_mildew,Powdery_mildew,0.99998844
d9c0757a86c1ad85bdb3df528b762cae,PV_data/Cherry_(including_sour)___Powdery_mildew/1bfcf3d6-6103-4e03-acc5-a19127a4d60e___FREC_Pwd.M 0494.JPG,13,13,Powdery_mildew,Powdery_mildew,0.9999902
58ada8b18985d9833344654a7f2eb0f3,PV_data/Cherry_(including_sour)___Powdery_mildew/1d9a02a1-60f6-430f-aef2-5db080ad7f32___FREC_Pwd.M 4993.JPG,13,13,Powdery_mildew,Powdery_mildew,1.0
fe463f749a0bb9b727dc4dd35216cc72,PV_data/Cherry_(including_sour)___Powdery_mildew/1e9cbbdb-4760-4218-881c-9ef0c25e396c___FREC_Pwd.M 5054.JPG,13,13,Powdery_mildew,Powdery_mildew,0.99997413
34c38e3162ccbdc3466078a70ad62c1c,PV_data/Cherry_(including_sour)___Powdery_mildew/1ec4000c-0a5a-4a9c-8af8-986421967119___FREC_Pwd.M 4529.JPG,13,13,Powdery_mildew,Powdery_mildew,1.0
5d8b36902352897492099035bc06fe49,PV_data/Cherry_(including_sour)___Powdery_mildew/1f58631e-fd2c-4a0f-8cea-bc8a9feee0eb___FREC_Pwd.M 0285.JPG,13,13,Powdery_mildew,Powdery_mildew,0.9510692
bb917c6de5d9c95cedf8b6993df24ff0,PV_data/Cherry_(including_sour)___Powdery_mildew/20b3dbf2-058a-4b8c-8c1d-202b60da82f6___FREC_Pwd.M 0406.JPG,13,13,Powdery_mildew,Powdery_mildew,1.0
08f245eb5429c8a645cdf6bb2fd467cc,PV_data/Cherry_(including_sour)___Powdery_mildew/230895ef-e471-4e5a-bde2-38b53729f3ee___FREC_Pwd.M 4598.JPG,13,13,Powdery_mildew,Powdery_mildew,1.0
0abc411d24e83e829f79b64689285cbd,PV_data/Cherry_(including_sour)___Powdery_mildew/245733d5-60d3-4db2-8843-134b973b6e6b___FREC_Pwd.M 4665.JPG,13,13,Powdery_mildew,Powdery_mildew,1.0
0ebc61b9c032d61c96a4526b2f3efac4,PV_data/Cherry_(including_sour)___Powdery_mildew/25369852-ce99-4d86-8b53-6b7553f91aac___FREC_Pwd.M 4564.JPG,13,13,Powdery_mildew,Powdery_mildew,0.9999993
cd056d073f067db50e27822c3dfa43d5,PV_data/Cherry_(including_sour)___Powdery_mildew/261f74c4-437a-49a1-8039-a04f6ee6e986___FREC_Pwd.M 4819.JPG,13,13,Powdery_mildew,Powdery_mildew,0.9999999
13519881a9ce616efd9b86cf02606275,PV_data/Cherry_(including_sour)___Powdery_mildew/26dc2692-b056-4e8b-99c5-05ebd249718a___FREC_Pwd.M 4578.JPG,13,13,Powdery_mildew,Powdery_mildew,1.0
1db0711c3d9eac5672f714a1fbac4d94,PV_data/Cherry_(including_sour)___Powdery_mildew/26fb02d8-2009-475e-8a92-ec576e757205___FREC_Pwd.M 4736.JPG,13,13,Powdery_mildew,Powdery_mildew,0.9999962
5ee7e2edb54f90f4f76fa80267837fed,PV_data/Cherry_(including_sour)___Powdery_mildew/2b61ad8d-5292-4ac0-aced-1c295a38e2d0___FREC_Pwd.M 0427.JPG,13,13,Powdery_mildew,Powdery_mildew,1.0
29be72b5cad4f44af6f2465fb91599ae,PV_data/Cherry_(including_sour)___Powdery_mildew/2b80f0a1-6e46-44ab-b87f-313cdf377280___FREC_Pwd.M 4822.JPG,13,13,Powdery_mildew,Powdery_mildew,0.9999999
bfa1c5290311f589f8f69de9d2c82bb7,PV_data/Cherry_(including_sour)___Powdery_mildew/2c9735ee-ac5b-4312-8956-beadb239456f___FREC_Pwd.M 4527.JPG,13,13,Powdery_mildew,Powdery_mildew,1.0
9dbbd1e402a1df4f28e20101c4912176,PV_data/Cherry_(including_sour)___Powdery_mildew/2e013069-b7c5-4fa1-a425-4a8ec53f6e07___FREC_Pwd.M 4886.JPG,13,13,Powdery_mildew,Powdery_mildew,0.9999614
d1c2971b994b83c2c5fdd96b2620e2c9,PV_data/Cherry_(including_sour)___Powdery_mildew/2efa6588-be35-4f92-b347-e42056d1b98a___FREC_Pwd.M 5003.JPG,13,13,Powdery_mildew,Powdery_mildew,1.0
ca014f02cad40d32754845c97aff8e2d,PV_data/Cherry_(including_sour)___Powdery_mildew/2f2fdc52-8420-41d1-ab72-320a99c27537___FREC_Pwd.M 5101.JPG,13,13,Powdery_mildew,Powdery_mildew,0.9234317
7bba808fbe94f47cc7706842465dba2c,PV_data/Cherry_(including_sour)___Powdery_mildew/31f275aa-0701-4a56-b9df-16e5ee852b4a___FREC_Pwd.M 4674.JPG,13,13,Powdery_mildew,Powdery_mildew,1.0
7aeacd73ebbfa2c2d1f897896cf5a12f,PV_data/Cherry_(including_sour)___Powdery_mildew/3241ea49-4272-490b-95d5-6797a3aea739___FREC_Pwd.M 0408.JPG,13,13,Powdery_mildew,Powdery_mildew,1.0
45168d7344d2d7e22d5a1afcb40f3a20,PV_data/Cherry_(including_sour)___Powdery_mildew/327470f8-b708-4976-b2fa-873da3ef6b39___FREC_Pwd.M 0319.JPG,13,13,Powdery_mildew,Powdery_mildew,0.99999964
bdc3697777f6620f673ed824ebd5bece,PV_data/Cherry_(including_sour)___Powdery_mildew/32caa2e2-5e11-4c70-be6c-118f3599b910___FREC_Pwd.M 4901.JPG,13,13,Powdery_mildew,Powdery_mildew,0.999997
368626aff5a14226e37c1b5bcb56ee75,PV_data/Cherry_(including_sour)___Powdery_mildew/339f6950-ae1f-4907-aaf1-ef0652c8756e___FREC_Pwd.M 0530.JPG,13,13,Powdery_mildew,Powdery_mildew,1.0
1655b9ecd150498222189a98098ba418,PV_data/Cherry_(including_sour)___Powdery_mildew/34ef9fe3-385a-49a0-981d-483175edfcd1___FREC_Pwd.M 5161.JPG,13,13,Powdery_mildew,Powdery_mildew,0.9877451
8972d0d1f4692aa26082ad3dbcccb765,PV_data/Cherry_(including_sour)___Powdery_mildew/3889d54c-d40e-4663-bef0-d2df478ee413___FREC_Pwd.M 0374.JPG,13,13,Powdery_mildew,Powdery_mildew,0.99997926
979c447c6524533f4cfde4aafd33d1be,PV_data/Cherry_(including_sour)___Powdery_mildew/39f93ec3-f932-4640-a888-2e3d4d6a568d___FREC_Pwd.M 4860.JPG,13,13,Powdery_mildew,Powdery_mildew,1.0
7bdac93ad06988249862a4241522b016,PV_data/Cherry_(including_sour)___Powdery_mildew/3a043be9-9ea9-4017-9ebc-1a10084dbe08___FREC_Pwd.M 0388.JPG,13,13,Powdery_mildew,Powdery_mildew,0.99989295
041de47a96d3bd1bc873d61f4d7832e3,PV_data/Cherry_(including_sour)___Powdery_mildew/405eb186-3a7e-4160-896b-b23b25d06548___FREC_Pwd.M 4669.JPG,13,13,Powdery_mildew,Powdery_mildew,1.0
7a77fe61895c30d608d1e54821bd5569,PV_data/Cherry_(including_sour)___Powdery_mildew/43ed2a9b-8f85-4a79-b830-bbbeba856e79___FREC_Pwd.M 4498.JPG,13,13,Powdery_mildew,Powdery_mildew,0.99998
0f2b2b9e7f44a935d70f4c97aa897dff,PV_data/Cherry_(including_sour)___Powdery_mildew/4b177f1c-adfe-4a47-8c95-f03d5ffac8f3___FREC_Pwd.M 4847.JPG,13,13,Powdery_mildew,Powdery_mildew,0.9999969
6d3e03a60e84e7ca6c15475036897b84,PV_data/Cherry_(including_sour)___Powdery_mildew/4cb98a3a-3fb9-46a6-9c39-9d9f4c13ef9f___FREC_Pwd.M 0461.JPG,13,13,Powdery_mildew,Powdery_mildew,1.0
ee234a8a52dd8c547ca0ab5f0df8e272,PV_data/Cherry_(including_sour)___Powdery_mildew/4f75ddb3-f360-4d18-9d1b-f3fe7ffc1798___FREC_Pwd.M 4595.JPG,13,13,Powdery_mildew,Powdery_mildew,1.0
0d3239d5a9c3a6f2c326b1d511f01f4f,PV_data/Cherry_(including_sour)___Powdery_mildew/50acb035-381b-46f2-83df-853cb40a9d25___FREC_Pwd.M 4869.JPG,13,13,Powdery_mildew,Powdery_mildew,0.9981553
1bc7ab8d9c59c4cddf01598f0c15e9da,PV_data/Cherry_(including_sour)___Powdery_mildew/52fdca01-c6e8-4903-a8ff-c9825071e6d2___FREC_Pwd.M 0283.JPG,13,13,Powdery_mildew,Powdery_mildew,0.9949313
ca9c96f73726121a26d9469498e86dbf,PV_data/Cherry_(including_sour)___Powdery_mildew/5588e2ce-bc1e-4ce0-8392-6bfa40d334d5___FREC_Pwd.M 4671.JPG,13,13,Powdery_mildew,Powdery_mildew,1.0
ef304143792165989a9de874d1d69757,PV_data/Cherry_(including_sour)___Powdery_mildew/55ea082c-7aec-4a9a-9181-afad1a342959___FREC_Pwd.M 4492.JPG,13,13,Powdery_mildew,Powdery_mildew,0.99999905
4c7f1afcea4e02b358c3da9b4483fefe,PV_data/Cherry_(including_sour)___Powdery_mildew/5627316e-8d75-4b66-a790-02a6845a33a4___FREC_Pwd.M 4482.JPG,13,13,Powdery_mildew,Powdery_mildew,0.99999917
869c63ad108b3cd37759cc214d0dda06,PV_data/Cherry_(including_sour)___Powdery_mildew/563b4d04-b28c-416c-8469-dc0ea1fdafd4___FREC_Pwd.M 5143.JPG,13,8,Powdery_mildew,Late_blight,0.9431136
0487b1b5bcccd0682fe655dd039e6c02,PV_data/Cherry_(including_sour)___Powdery_mildew/570b41af-d7c0-4ef0-a403-0824a2f4d408___FREC_Pwd.M 5018.JPG,13,13,Powdery_mildew,Powdery_mildew,1.0
268cde1b4cc007add95957e1734e37d1,PV_data/Cherry_(including_sour)___Powdery_mildew/574742c2-224c-4b29-b2bf-d24de5a631a6___FREC_Pwd.M 4817.JPG,13,13,Powdery_mildew,Powdery_mildew,0.9999999
cff6fccb374cb67708be6c3b7f380157,PV_data/Cherry_(including_sour)___Powdery_mildew/581c8e0d-54e0-4a4e-937d-919d0b914c9b___FREC_Pwd.M 0371.JPG,13,13,Powdery_mildew,Powdery_mildew,0.99979925
53717846accd223ae3170a21dccd3e73,PV_data/Cherry_(including_sour)___Powdery_mildew/58d680f4-c586-47d0-98a6-0e89ad4f8ff2___FREC_Pwd.M 0401.JPG,13,13,Powdery_mildew,Powdery_mildew,1.0
817a8d5be3daaa4d5ab93fdfbbf88860,PV_data/Cherry_(including_sour)___Powdery_mildew/596a3002-0685-4b75-a782-1ed69092f23c___FREC_Pwd.M 4654.JPG,13,13,Powdery_mildew,Powdery_mildew,0.9999999
2468b58e8c5efb9ebf5e341a5e45ad14,PV_data/Cherry_(including_sour)___Powdery_mildew/5aa2ca92-de44-41cc-97c1-3a622d885337___FREC_Pwd.M 4490.JPG,13,13,Powdery_mildew,Powdery_mildew,1.0
64d4667120686961679d699715a8a3f9,PV_data/Cherry_(including_sour)___Powdery_mildew/5bff6ee9-60ba-46d9-82a6-637458ebb8b0___FREC_Pwd.M 0483.JPG,13,13,Powdery_mildew,Powdery_mildew,0.96984935
bdea8c57d7509c03d91083cdec3b67c5,PV_data/Cherry_(including_sour)___Powdery_mildew/5e6bb1b9-d851-4300-995f-fc2121288e5d___FREC_Pwd.M 5068.JPG,13,13,Powdery_mildew,Powdery_mildew,1.0
cbfa775f9e0b6d5397e8279cd8b269db,PV_data/Cherry_(including_sour)___Powdery_mildew/5ec8805d-ee83-4bcc-a76f-e6bfbeed7a71___FREC_Pwd.M 5158.JPG,13,1,Powdery_mildew,Bacterial_spot,0.5587132
51e312e57ac1f6e4fa78740f3ff05155,PV_data/Cherry_(including_sour)___Powdery_mildew/61a751d7-e1fe-433a-b86e-00febef2bb7e___FREC_Pwd.M 4945.JPG,13,13,Powdery_mildew,Powdery_mildew,0.99999976
73bf5023b40dfbe17e3559398c2bc22d,PV_data/Cherry_(including_sour)___Powdery_mildew/63009443-982d-4280-a402-c764c0d04420___FREC_Pwd.M 4790.JPG,13,13,Powdery_mildew,Powdery_mildew,1.0
eca6494f583d35309ce4ec1eef2be30f,PV_data/Cherry_(including_sour)___Powdery_mildew/63ca2f3f-c6aa-463e-b74a-23e328637043___FREC_Pwd.M 5109.JPG,13,13,Powdery_mildew,Powdery_mildew,0.99999166
ff7d380aa5061085087cdbdfdb7653d5,PV_data/Cherry_(including_sour)___Powdery_mildew/66175365-07ce-4b17-af32-5eb54e2266b5___FREC_Pwd.M 4853.JPG,13,13,Powdery_mildew,Powdery_mildew,1.0
a09034e4df233649935cc126f34229a0,PV_data/Cherry_(including_sour)___Powdery_mildew/6881e24e-2702-4f68-8dd1-13120bc48e9d___FREC_Pwd.M 0440.JPG,13,13,Powdery_mildew,Powdery_mildew,0.9999989
1a0218ba3dd7456931320e13ce431f6d,PV_data/Cherry_(including_sour)___Powdery_mildew/6c02f514-7059-4071-8752-4e970ccb4f2e___FREC_Pwd.M 4878.JPG,13,13,Powdery_mildew,Powdery_mildew,0.9792901
c045cf9e108c6d2456df2715e0ae147d,PV_data/Cherry_(including_sour)___Powdery_mildew/6cbf80f1-614a-4212-bb74-a926405d3898___FREC_Pwd.M 0286.JPG,13,13,Powdery_mildew,Powdery_mildew,0.88619494
8b706b83a029cf37666f1019b12f0acb,PV_data/Cherry_(including_sour)___Powdery_mildew/6d700706-12f6-40a3-b293-699aabce7ba0___FREC_Pwd.M 0288.JPG,13,13,Powdery_mildew,Powdery_mildew,0.6963738
ef395283e73b43abcaf233610c959104,PV_data/Cherry_(including_sour)___Powdery_mildew/6eb582da-cba3-44e1-832b-d8ef8526851a___FREC_Pwd.M 4774.JPG,13,13,Powdery_mildew,Powdery_mildew,0.9999577
a9767c0b7aaf3867e3516a167988220e,PV_data/Cherry_(including_sour)___Powdery_mildew/6f54b2ab-ab60-49a6-a203-bc273bbfc17e___FREC_Pwd.M 4733.JPG,13,17,Powdery_mildew,Tomato_Yellow_Leaf_Curl_Virus,0.79895943
2318deb5d30e84d7be42f7ddddde36e9,PV_data/Cherry_(including_sour)___Powdery_mildew/7153bd0f-847f-40a5-9252-cf1d2e0426c4___FREC_Pwd.M 4666.JPG,13,13,Powdery_mildew,Powdery_mildew,1.0
462d188dc0f6ddf6d0e2a29b7a460d9f,PV_data/Cherry_(including_sour)___Powdery_mildew/71bcd3c5-95d6-4b6f-88dc-c8dcbf49e6ed___FREC_Pwd.M 4650.JPG,13,13,Powdery_mildew,Powdery_mildew,1.0
35b850059c64c6d5a580a8025e1083ab,PV_data/Cherry_(including_sour)___Powdery_mildew/722fc94f-8b5b-47cc-9a9a-63c874a814b4___FREC_Pwd.M 4906.JPG,13,13,Powdery_mildew,Powdery_mildew,1.0
ab64ff34b6280aa6a9f84e1deff2cd92,PV_data/Cherry_(including_sour)___Powdery_mildew/72d335eb-b2fc-4808-ba4a-94f1178f9c54___FREC_Pwd.M 0413.JPG,13,13,Powdery_mildew,Powdery_mildew,1.0
5c3c9f950582806522dd5e75777d6bd6,PV_data/Cherry_(including_sour)___Powdery_mildew/7395ef22-f4fa-41de-8b01-adf1980a7882___FREC_Pwd.M 4497.JPG,13,13,Powdery_mildew,Powdery_mildew,1.0
8ff4db13f80d013a9004d74cdd9c4b26,PV_data/Cherry_(including_sour)___Powdery_mildew/7665ae36-28ec-4350-9798-89b4a32e32a8___FREC_Pwd.M 5124.JPG,13,13,Powdery_mildew,Powdery_mildew,0.99999523
ef6ed832a7f8baf4f93908e948804db5,PV_data/Cherry_(including_sour)___Powdery_mildew/76d8c7b8-2091-48bd-b169-37f3c739cc89___FREC_Pwd.M 4877.JPG,13,13,Powdery_mildew,Powdery_mildew,0.91701293
9c6b105991cc4b936773e393f2644eb7,PV_data/Cherry_(including_sour)___Powdery_mildew/783e28d7-3b7f-4b9c-81a0-99218f2d3f84___FREC_Pwd.M 4833.JPG,13,13,Powdery_mildew,Powdery_mildew,0.9999665
d0818c940967feb1d7f334d373fadcab,PV_data/Cherry_(including_sour)___Powdery_mildew/7899bce2-cd7e-4f46-b636-a7b350d2c9cb___FREC_Pwd.M 4585.JPG,13,13,Powdery_mildew,Powdery_mildew,1.0
628cf86d405ecc07329b32c070b6225c,PV_data/Cherry_(including_sour)___Powdery_mildew/78a912be-4a06-43c3-ac79-876b1a0f7c9f___FREC_Pwd.M 5072.JPG,13,13,Powdery_mildew,Powdery_mildew,0.9999995
ca5e7e9b3cbf2bb61fff3ac756b3fbf8,PV_data/Cherry_(including_sour)___Powdery_mildew/7d22a800-a720-4f93-9209-7dee8313f42c___FREC_Pwd.M 0272.JPG,13,13,Powdery_mildew,Powdery_mildew,0.99790084
4fb058b4c70a4693836648b976e97b2e,PV_data/Cherry_(including_sour)___Powdery_mildew/7e573bd3-4a2d-4da4-a455-1232321bbc87___FREC_Pwd.M 4524.JPG,13,13,Powdery_mildew,Powdery_mildew,1.0
d42aeeb8503d64ef2f82732a8a67c304,PV_data/Cherry_(including_sour)___Powdery_mildew/7fdf71f5-9de9-4a09-b8e4-a20d15c9b9af___FREC_Pwd.M 0417.JPG,13,13,Powdery_mildew,Powdery_mildew,1.0
cf84d394443d88982ad9c58c18de97e5,PV_data/Cherry_(including_sour)___Powdery_mildew/835aa390-f0a2-490f-9d55-ddd320dbd528___FREC_Pwd.M 0452.JPG,13,13,Powdery_mildew,Powdery_mildew,0.99999976
d17aaaf379976b5bc2beb438581dfebe,PV_data/Cherry_(including_sour)___Powdery_mildew/84270d70-0871-497f-9f9c-dc496d6c8640___FREC_Pwd.M 0454.JPG,13,13,Powdery_mildew,Powdery_mildew,1.0
244278dec239896f5eb33371c141b412,PV_data/Cherry_(including_sour)___Powdery_mildew/85447316-1260-4088-9121-3b1d69c533f1___FREC_Pwd.M 5141.JPG,13,13,Powdery_mildew,Powdery_mildew,0.7757988
370ca82a3a99f68523f6da739065e1fe,PV_data/Cherry_(including_sour)___Powdery_mildew/87b1168d-39cf-4e31-966b-53a9fc8b8917___FREC_Pwd.M 4956.JPG,13,13,Powdery_mildew,Powdery_mildew,1.0
2f055ed6cd2875914aadeb5523625271,PV_data/Cherry_(including_sour)___Powdery_mildew/88396555-c8fa-4750-8d0c-b3034960c63c___FREC_Pwd.M 4811.JPG,13,13,Powdery_mildew,Powdery_mildew,0.99999344
76d1d50fbe707f62fb70e69eb3161103,PV_data/Cherry_(including_sour)___Powdery_mildew/898a840a-b4a5-4f12-830b-434e07538b2e___FREC_Pwd.M 4649.JPG,13,13,Powdery_mildew,Powdery_mildew,0.9999995
aed988bc71f610315333b8213d2e95e8,PV_data/Cherry_(including_sour)___Powdery_mildew/8a07cd65-72a0-4b6f-a393-7e2d3e3274d0___FREC_Pwd.M 4737.JPG,13,13,Powdery_mildew,Powdery_mildew,0.9999993
a0cb71373d94a8bcd8c0c285cba0b676,PV_data/Cherry_(including_sour)___Powdery_mildew/8a3e2835-651b-4e81-8f39-60ac46db2962___FREC_Pwd.M 4897.JPG,13,13,Powdery_mildew,Powdery_mildew,0.99999595
bd5c2f87477fb4fab9cf9860a6023320,PV_data/Cherry_(including_sour)___Powdery_mildew/8ad6e23a-7ad5-47a7-a2e3-55655ef64ccd___FREC_Pwd.M 4461.JPG,13,13,Powdery_mildew,Powdery_mildew,0.99999964
c4bcd20f1d48d2f696577185c556f0db,PV_data/Cherry_(including_sour)___Powdery_mildew/902ca277-0bba-4a6d-a685-c5b1aa8fa4ec___FREC_Pwd.M 0448.JPG,13,13,Powdery_mildew,Powdery_mildew,0.9999745
0b86870b9fcc99c2d6ea84b5fa2a1bfc,PV_data/Cherry_(including_sour)___Powdery_mildew/910283ff-e130-48c1-9a7d-a379a90e8bf4___FREC_Pwd.M 0381.JPG,13,13,Powdery_mildew,Powdery_mildew,0.9998832
6bb68d5940f39a064c60a4f2afd0f4da,PV_data/Cherry_(including_sour)___Powdery_mildew/94ebc82a-0f50-4fcd-a3e7-a10b5c844781___FREC_Pwd.M 4484.JPG,13,13,Powdery_mildew,Powdery_mildew,0.99999976
c09d86cfbfa5000aab5661e02f4e0df5,PV_data/Cherry_(including_sour)___Powdery_mildew/95dbe9f1-ea94-4b3b-9ae4-5ee670226eee___FREC_Pwd.M 4829.JPG,13,13,Powdery_mildew,Powdery_mildew,0.9998429
819469272edb97a5e9b11206dea72af8,PV_data/Cherry_(including_sour)___Powdery_mildew/9772d53b-c48b-472c-86cb-24d0de2446a6___FREC_Pwd.M 0327.JPG,13,13,Powdery_mildew,Powdery_mildew,0.99998903
db936af93d4b216bed440c54931f9e97,PV_data/Cherry_(including_sour)___Powdery_mildew/98d9907e-a81b-4f0f-b282-e5736aa29eb1___FREC_Pwd.M 4573.JPG,13,13,Powdery_mildew,Powdery_mildew,1.0
fca662131fca8fb5f38203d046c71591,PV_data/Cherry_(including_sour)___Powdery_mildew/9d9c0c1a-fd2b-4563-b5c6-e393e4fd8b09___FREC_Pwd.M 4803.JPG,13,13,Powdery_mildew,Powdery_mildew,1.0
970a783cc16eb1931b595ae380082bec,PV_data/Cherry_(including_sour)___Powdery_mildew/a24067ad-f2ad-469a-ad73-033aa1bdbc51___FREC_Pwd.M 4859.JPG,13,13,Powdery_mildew,Powdery_mildew,0.99999976
8bb4ab63856e54b4cad800fa963b857f,PV_data/Cherry_(including_sour)___Powdery_mildew/a2bf26c3-9f0b-4b47-be11-ab058cc9a133___FREC_Pwd.M 5165.JPG,13,13,Powdery_mildew,Powdery_mildew,1.0
f69b0f1eed8ee99a2777847c8c30baad,PV_data/Cherry_(including_sour)___Powdery_mildew/a311fa97-e506-4f95-85ee-eb23c01f8cfd___FREC_Pwd.M 4795.JPG,13,13,Powdery_mildew,Powdery_mildew,1.0
35d0ceed0ffa1a2d730a74292437c7db,PV_data/Cherry_(including_sour)___Powdery_mildew/a3a004e2-e93b-4064-a9ed-636f58db4e49___FREC_Pwd.M 5029.JPG,13,13,Powdery_mildew,Powdery_mildew,1.0
65616030ed15a5e61b62c3fdd65534cc,PV_data/Cherry_(including_sour)___Powdery_mildew/a5fa9413-8503-4da7-8845-345402c4004f___FREC_Pwd.M 4861.JPG,13,13,Powdery_mildew,Powdery_mildew,1.0
5aa1e3d011b53fa46a0b7418ab77756e,PV_data/Cherry_(including_sour)___Powdery_mildew/a726864c-cd52-4dde-818b-7b79b6ce2f0e___FREC_Pwd.M 4915.JPG,13,13,Powdery_mildew,Powdery_mildew,0.9999999
8b561826487135d1b9da687d9f3ce540,PV_data/Cherry_(including_sour)___Powdery_mildew/a80d12ff-1263-4196-87eb-1634495fc7a7___FREC_Pwd.M 0382.JPG,13,13,Powdery_mildew,Powdery_mildew,0.9998467
ccd7c8f812db3fab1fda919ff8b752b4,PV_data/Cherry_(including_sour)___Powdery_mildew/a8532f9d-c6c3-44e4-9278-c7350c4adb09___FREC_Pwd.M 0526.JPG,13,13,Powdery_mildew,Powdery_mildew,1.0
f76e870646f12dd5dd708631038dd70b,PV_data/Cherry_(including_sour)___Powdery_mildew/a993dae5-7b74-4416-87eb-2eea9f3609c4___FREC_Pwd.M 4499.JPG,13,13,Powdery_mildew,Powdery_mildew,1.0
f58d1080d8a9078f27d7a4b488327961,PV_data/Cherry_(including_sour)___Powdery_mildew/aa2deb62-4250-4a7d-957f-ec15e090780c___FREC_Pwd.M 4661.JPG,13,13,Powdery_mildew,Powdery_mildew,1.0
e35ad0fa1f03996cb1af616f6b83cb11,PV_data/Cherry_(including_sour)___Powdery_mildew/ab82d02b-61e0-42d9-9366-17917cacfff0___FREC_Pwd.M 4776.JPG,13,13,Powdery_mildew,Powdery_mildew,0.9999995
38bbf4b7f78de4744b5624295e812539,PV_data/Cherry_(including_sour)___Powdery_mildew/ae11d51c-80f9-45bf-9cff-5bc6843b6404___FREC_Pwd.M 4560.JPG,13,13,Powdery_mildew,Powdery_mildew,0.9999989
3f6b7f957bf4f441593987f70fb59d24,PV_data/Cherry_(including_sour)___Powdery_mildew/b136af29-b428-4b17-b9c8-b56d8fadb559___FREC_Pwd.M 0378.JPG,13,13,Powdery_mildew,Powdery_mildew,0.9999995
56888d877b57fb4ec9b44c71d8e04937,PV_data/Cherry_(including_sour)___Powdery_mildew/b18fa216-909e-4c91-b8ef-37bea97d45a0___FREC_Pwd.M 0273.JPG,13,13,Powdery_mildew,Powdery_mildew,0.98054504
7ec3a7e078317ac1585c186e3cc2b485,PV_data/Cherry_(including_sour)___Powdery_mildew/b42d85e1-0707-4692-93a1-74b0465ef2ef___FREC_Pwd.M 4468.JPG,13,13,Powdery_mildew,Powdery_mildew,1.0
5c003c1ce7e4e2d3151f4a1eabff96b0,PV_data/Cherry_(including_sour)___Powdery_mildew/ba199443-ad8d-48a9-8fd6-c9a487f51f32___FREC_Pwd.M 0277.JPG,13,13,Powdery_mildew,Powdery_mildew,0.9994666
9111543e4633542596a9544d01547a00,PV_data/Cherry_(including_sour)___Powdery_mildew/bc3b4287-ce7a-4ca1-bfa8-4812832fa00f___FREC_Pwd.M 0412.JPG,13,13,Powdery_mildew,Powdery_mildew,1.0
f17b4f629adcb272b0e0ea0180bd2851,PV_data/Cherry_(including_sour)___Powdery_mildew/bc9e8c02-680e-41c5-9368-7935b5f160aa___FREC_Pwd.M 4651.JPG,13,13,Powdery_mildew,Powdery_mildew,0.9999995
a93ff345022df491671788cc9885cb4d,PV_data/Cherry_(including_sour)___Powdery_mildew/bd12f0aa-a242-420f-9811-dd75b1b5d6c0___FREC_Pwd.M 0456.JPG,13,13,Powdery_mildew,Powdery_mildew,1.0
515f0c18dcdfa9d6ab2291bd73d5eaa3,PV_data/Cherry_(including_sour)___Powdery_mildew/c11965f5-8920-4266-9f47-5dce992bd4c6___FREC_Pwd.M 4525.JPG,13,13,Powdery_mildew,Powdery_mildew,1.0
534868a9ac2f35e6142618ab7dfcb1a0,PV_data/Cherry_(including_sour)___Powdery_mildew/c28e81c2-a058-4f06-935c-80ba96dd7d4c___FREC_Pwd.M 0534.JPG,13,13,Powdery_mildew,Powdery_mildew,1.0
92f0f2e208b5e82c7df2b77455646622,PV_data/Cherry_(including_sour)___Powdery_mildew/c820f802-f07d-4a7e-b9fd-183dacec6f0f___FREC_Pwd.M 0505.JPG,13,13,Powdery_mildew,Powdery_mildew,0.9999989
38622f0b3bc714319fb366f0698be215,PV_data/Cherry_(including_sour)___Powdery_mildew/cb149e1b-f02f-4948-9058-ab06a9b7ab72___FREC_Pwd.M 4899.JPG,13,13,Powdery_mildew,Powdery_mildew,0.9968542
a786b80569a1d27e00b73e892e99c2ac,PV_data/Cherry_(including_sour)___Powdery_mildew/ccd9f930-bf7f-4235-8aec-d191089efbb2___FREC_Pwd.M 0299.JPG,13,13,Powdery_mildew,Powdery_mildew,0.9963606
2caa3f89d48893e2ea47daeb63977caf,PV_data/Cherry_(including_sour)___Powdery_mildew/cd612504-a6ca-484c-98fb-7d805b84f09c___FREC_Pwd.M 4856.JPG,13,13,Powdery_mildew,Powdery_mildew,0.99999964
d1335cc883999a8533c685a0197fea33,PV_data/Cherry_(including_sour)___Powdery_mildew/d0632da1-03b6-43e5-9a31-0f24fe456428___FREC_Pwd.M 0536.JPG,13,13,Powdery_mildew,Powdery_mildew,1.0
9010d649256a2d34d31a800258c598d0,PV_data/Cherry_(including_sour)___Powdery_mildew/d1ba4536-2485-4096-a4a9-b29ee62d05d6___FREC_Pwd.M 0344.JPG,13,13,Powdery_mildew,Powdery_mildew,0.9999949
75b5da135d8d9ade3992fc2cba0ad198,PV_data/Cherry_(including_sour)___Powdery_mildew/d70696ef-e9b2-418a-b729-51b4abad93d1___FREC_Pwd.M 0274.JPG,13,13,Powdery_mildew,Powdery_mildew,0.95413685
07f7fe534ed4e5b170ad9144e9e07f99,PV_data/Cherry_(including_sour)___Powdery_mildew/d8972cd7-999e-44c5-ac22-5ef2d595cd83___FREC_Pwd.M 4658.JPG,13,13,Powdery_mildew,Powdery_mildew,1.0
ce932ce531f64740822198301f9559a1,PV_data/Cherry_(including_sour)___Powdery_mildew/dbc6fcd8-790e-47fd-816f-4113a1754166___FREC_Pwd.M 4809.JPG,13,13,Powdery_mildew,Powdery_mildew,0.9999988
313af66d68409e4bb18c9a71105085b7,PV_data/Cherry_(including_sour)___Powdery_mildew/e00332a5-dd41-4381-9ed4-1f3d8b9a9ed9___FREC_Pwd.M 4555.JPG,13,13,Powdery_mildew,Powdery_mildew,1.0
4df70307ad7c8f839e58b49a82495342,PV_data/Cherry_(including_sour)___Powdery_mildew/e0418659-4eae-4751-9e5f-6316d2bfaf46___FREC_Pwd.M 0409.JPG,13,13,Powdery_mildew,Powdery_mildew,1.0
12169a2059516865c17ba36ba42cae13,PV_data/Cherry_(including_sour)___Powdery_mildew/e2a982d2-166f-4e9c-a869-50f52dce5315___FREC_Pwd.M 4973.JPG,13,13,Powdery_mildew,Powdery_mildew,0.9999995
f9a947fccec63ecd7e23f972744f9a9c,PV_data/Cherry_(including_sour)___Powdery_mildew/e5914945-129f-4862-836e-0866309dc6b1___FREC_Pwd.M 4989.JPG,13,13,Powdery_mildew,Powdery_mildew,1.0
31aa4845b494e7e932ebead10b5f86ac,PV_data/Cherry_(including_sour)___Powdery_mildew/e6848849-e8d5-4703-8595-c4eef77bf5ea___FREC_Pwd.M 0446.JPG,13,13,Powdery_mildew,Powdery_mildew,0.99999964
87230b84aad4539fa40b30b1815264c7,PV_data/Cherry_(including_sour)___Powdery_mildew/e79eda22-9c31-4e34-87e1-e1c9ae2d6449___FREC_Pwd.M 4988.JPG,13,13,Powdery_mildew,Powdery_mildew,1.0
69245bef416bbb44befcf0522f97754c,PV_data/Cherry_(including_sour)___Powdery_mildew/e97b9522-a04c-4b63-9062-8b857022509d___FREC_Pwd.M 0544.JPG,13,13,Powdery_mildew,Powdery_mildew,0.9999988
39d0be91987f03b2eea8b1f607558b63,PV_data/Cherry_(including_sour)___Powdery_mildew/e97f7a3c-aa95-4861-9f61-857920dd888a___FREC_Pwd.M 4944.JPG,13,13,Powdery_mildew,Powdery_mildew,1.0
4a4425ce492bbf4e47c5723497410c18,PV_data/Cherry_(including_sour)___Powdery_mildew/eaea7f6e-6e58-4e62-8c90-05ec3ebfee4b___FREC_Pwd.M 5108.JPG,13,13,Powdery_mildew,Powdery_mildew,0.9999994
cf772bb48f79ac3fd736e438fca60c59,PV_data/Cherry_(including_sour)___Powdery_mildew/ec5335a1-204b-4db7-86b2-1dec53bc4be8___FREC_Pwd.M 4638.JPG,13,13,Powdery_mildew,Powdery_mildew,1.0
27653f41348b0acbee5adc3ff02b5261,PV_data/Cherry_(including_sour)___Powdery_mildew/ed259920-d6b8-4023-bc7b-b37c371a7b85___FREC_Pwd.M 4789.JPG,13,13,Powdery_mildew,Powdery_mildew,1.0
da47dfe1116294e1edeb76133835bbad,PV_data/Cherry_(including_sour)___Powdery_mildew/edfe5673-2ddd-4908-ba5f-692bf590952c___FREC_Pwd.M 4693.JPG,13,13,Powdery_mildew,Powdery_mildew,1.0
503364558718560028eefbafeac58363,PV_data/Cherry_(including_sour)___Powdery_mildew/f34e2369-095d-45a6-8407-0272da9aeaef___FREC_Pwd.M 4920.JPG,13,13,Powdery_mildew,Powdery_mildew,1.0
3c982a3a2cfd7c22c56fe9d4e3c905a0,PV_data/Cherry_(including_sour)___Powdery_mildew/f38f68c9-d944-4308-89f3-d77eae66da95___FREC_Pwd.M 4692.JPG,13,13,Powdery_mildew,Powdery_mildew,0.9999993
c185bbf47c0f750015a8b2918f0f99d0,PV_data/Cherry_(including_sour)___Powdery_mildew/f4945a45-108e-44d3-926c-969a538ec7e7___FREC_Pwd.M 4470.JPG,13,13,Powdery_mildew,Powdery_mildew,0.9999981
59da826a54679da8e0fef9b25aceb3a8,PV_data/Cherry_(including_sour)___Powdery_mildew/f4e8883a-b92b-449c-9f9f-447bc9b288c6___FREC_Pwd.M 4893.JPG,13,13,Powdery_mildew,Powdery_mildew,0.99684435
c8a380d44d54bdab987d7cff01fdf394,PV_data/Cherry_(including_sour)___Powdery_mildew/f5ad64c9-d9ee-40be-9bbf-452adc290ea4___FREC_Pwd.M 4558.JPG,13,13,Powdery_mildew,Powdery_mildew,1.0
4464478a6274b553fc9190347912d714,PV_data/Cherry_(including_sour)___Powdery_mildew/fc524b6b-01c6-42d8-9c5c-0d9bec5ba194___FREC_Pwd.M 4522.JPG,13,13,Powdery_mildew,Powdery_mildew,1.0
adbf70f24a070beb47e0962b831a0d70,PV_data/Cherry_(including_sour)___Powdery_mildew/fd7fbe5c-d234-4c16-b587-faed3407e2dd___FREC_Pwd.M 0474.JPG,13,13,Powdery_mildew,Powdery_mildew,0.9999994
648b884ff3c381f395cf921d97cd7a81,PV_data/Cherry_(including_sour)___Powdery_mildew/fd8d4072-e0b3-4936-95c2-e2d6dc6d22b0___FREC_Pwd.M 0250.JPG,13,13,Powdery_mildew,Powdery_mildew,0.9999988
43887a3ade523cc9b1d2cc9917322669,PV_data/Cherry_(including_sour)___Powdery_mildew/fff3ae4b-4bce-4b7a-b53c-98c482d9d8fd___FREC_Pwd.M 0414.JPG,13,13,Powdery_mildew,Powdery_mildew,1.0
6b30b8fe2c16268b2cf32e1ccdc0af4e,PV_data/Cherry_(including_sour)___Powdery_mildew/fffc6a5c-66f3-4d73-afd2-84862fb83c4f___FREC_Pwd.M 5085.JPG,13,13,Powdery_mildew,Powdery_mildew,0.99991953
41fad8a23f66823d1181eddd202c4eb8,PV_data/Cherry_(including_sour)___healthy/02d14b15-897d-4081-8953-e7d83189cff4___JR_HL 9723.JPG,19,19,healthy,healthy,1.0
a99f147354be32b02be136a2dd85db58,PV_data/Cherry_(including_sour)___healthy/06904803-b778-4d54-b7ac-fd3f28cc82d9___JR_HL 9820.JPG,19,19,healthy,healthy,1.0
b398329613ea86872200efc58d8392d9,PV_data/Cherry_(including_sour)___healthy/0b2ed0b4-a6e1-4fb3-82dc-47f903f3d0a9___JR_HL 9603.JPG,19,19,healthy,healthy,0.9999999
4117449a92cbd81a96c9f1be545ee4d8,PV_data/Cherry_(including_sour)___healthy/11c2887d-1fea-4cf8-8696-325de8aad74a___JR_HL 9890.JPG,19,19,healthy,healthy,0.99999905
1d6afc4e2ad62315db6fcde98e2408f9,PV_data/Cherry_(including_sour)___healthy/161f9887-e025-4980-a2c3-811067f4b546___JR_HL 9698.JPG,19,19,healthy,healthy,1.0
93369c22a6b07e33207ede6e0ba81737,PV_data/Cherry_(including_sour)___healthy/167f246d-d93a-4a00-bcb0-5b189400a0ee___JR_HL 9547.JPG,19,19,healthy,healthy,1.0
2c0165e0a01432e3de3af806aa093e16,PV_data/Cherry_(including_sour)___healthy/16952b2d-daf9-47c6-b15e-c2c465bd5cf0___JR_HL 9882.JPG,19,19,healthy,healthy,1.0
beaae63334efb495f822a46c9f937b11,PV_data/Cherry_(including_sour)___healthy/170d5af5-538b-4cf3-b344-de385bc254f8___JR_HL 4149.JPG,19,19,healthy,healthy,1.0
3d5b91542030bb8ed2c2941e9d832848,PV_data/Cherry_(including_sour)___healthy/17ced140-3575-471d-9a52-9d37a9e4fccd___JR_HL 4266.JPG,19,19,healthy,healthy,1.0
d30f4cd9b3768fb6512feddff7e112a4,PV_data/Cherry_(including_sour)___healthy/1d191615-46d9-4aa2-92c8-781e01bfb5f5___JR_HL 3936.JPG,19,19,healthy,healthy,1.0
66d410ae3afb9358adc9a9febade4a51,PV_data/Cherry_(including_sour)___healthy/23066177-8deb-44c9-8180-d38348f63c18___JR_HL 9492.JPG,19,19,healthy,healthy,1.0
e3172946a905a31a57d381ac4d9e4403,PV_data/Cherry_(including_sour)___healthy/25140b1a-d1c0-4ac1-866b-fbe396d2ae08___JR_HL 9855.JPG,19,19,healthy,healthy,0.9999937
55b81f90746b00f6c60ba1abaf62f75c,PV_data/Cherry_(including_sour)___healthy/263640d8-3279-4568-998c-e98f6e991b44___JR_HL 9865.JPG,19,19,healthy,healthy,1.0
6a201da1c6092fe2ea0b2805f100c15b,PV_data/Cherry_(including_sour)___healthy/263c668e-176b-4e17-8065-37083fb8607b___JR_HL 4146.JPG,19,19,healthy,healthy,0.99999857
f7c5f993b57a2624f1aaf3a533eb58d8,PV_data/Cherry_(including_sour)___healthy/2861b3da-c5e4-4aeb-8f1e-0d1861bf50c1___JR_HL 9829.JPG,19,19,healthy,healthy,0.9999968
ab0245664c498341b8f1bc3f9631dab6,PV_data/Cherry_(including_sour)___healthy/28821198-5ac9-45e1-a5d7-37d58258a58a___JR_HL 9543.JPG,19,19,healthy,healthy,1.0
1aa57e6dfb8be9737c314f685b883ea4,PV_data/Cherry_(including_sour)___healthy/2a6bbbff-5bde-487c-9c10-1d3df43dba4f___JR_HL 4105.JPG,19,19,healthy,healthy,1.0
82f6c4035c7b11388197150200560eca,PV_data/Cherry_(including_sour)___healthy/2c6f17e3-1e18-49e6-8e8f-094f2ef3b5c7___JR_HL 9463.JPG,19,19,healthy,healthy,1.0
4eab54968aad6e61ec392449823f7075,PV_data/Cherry_(including_sour)___healthy/2e931d34-fb49-4e1b-9f1f-3f20d163c624___JR_HL 9672.JPG,19,19,healthy,healthy,0.9999995
90fdd9e9454bf8322a0c9bcab39871f3,PV_data/Cherry_(including_sour)___healthy/2f4df59e-0a8a-42b7-8e1c-e39fa82bfb2d___JR_HL 9778.JPG,19,19,healthy,healthy,0.99999964
2fed2d0a29ed82ae7475cbc33e0cb936,PV_data/Cherry_(including_sour)___healthy/2fcace57-26cb-485b-aff6-dbf4bae23ceb___JR_HL 9583.JPG,19,19,healthy,healthy,1.0
96860089b9a1fb703f4eb9217faa278e,PV_data/Cherry_(including_sour)___healthy/334e9c97-03ce-4ad6-96dc-16c92578d63d___JR_HL 9525.JPG,19,19,healthy,healthy,1.0
f55589af6ce367c17d7f56706b093dac,PV_data/Cherry_(including_sour)___healthy/344ccdfc-3269-4b18-aeb8-a57fbd8b5de3___JR_HL 9541.JPG,19,19,healthy,healthy,1.0
b6410f58c4f95b1881ccba90c38cbd7f,PV_data/Cherry_(including_sour)___healthy/34e05c4f-6742-442e-884e-ef3191eb923b___JR_HL 4049.JPG,19,19,healthy,healthy,1.0
06b039e1846f575d08a7c729c1f30572,PV_data/Cherry_(including_sour)___healthy/366da366-4749-4815-b834-059c52d39160___JR_HL 9883.JPG,19,19,healthy,healthy,1.0
86fb591a0d4e2e59bd7cf45866f5cd12,PV_data/Cherry_(including_sour)___healthy/3a13074d-d44e-42a8-afad-c42b5c3ea28f___JR_HL 9709.JPG,19,19,healthy,healthy,1.0
15fa43b6f53c40ad1e57f2e7a7536c6c,PV_data/Cherry_(including_sour)___healthy/3ab90983-46ea-47bd-b127-e6beae597d92___JR_HL 9500.JPG,19,19,healthy,healthy,1.0
a487376ee9143bd3c4abca2160d57188,PV_data/Cherry_(including_sour)___healthy/3c96ff43-4d86-4bfd-a450-b4a4ad398c2d___JR_HL 9862.JPG,19,19,healthy,healthy,1.0
a5ea8f6c210c45b12faa96c81bebcf52,PV_data/Cherry_(including_sour)___healthy/3cf3d581-3abf-4730-b518-8414b20d1104___JR_HL 9539.JPG,19,19,healthy,healthy,0.99999964
23ff072de7e983a934495823a86f543f,PV_data/Cherry_(including_sour)___healthy/3d03a275-5710-44b3-8425-881636594b9e___JR_HL 4054.JPG,19,19,healthy,healthy,1.0
ff484d3a1f2d7312bedd4a7bf17054b6,PV_data/Cherry_(including_sour)___healthy/3e01a27d-037d-4bf8-81ee-c2ee958ebfec___JR_HL 9615.JPG,19,19,healthy,healthy,1.0
03b14effac1b389d5d69dfb930217a33,PV_data/Cherry_(including_sour)___healthy/3e74368a-4e0c-4b68-babd-7d09ce166cee___JR_HL 9452.JPG,19,19,healthy,healthy,1.0
13c3480d46ea74eb4b1a489bbd03f488,PV_data/Cherry_(including_sour)___healthy/3fd29c90-f9b4-466b-9e10-a64c335ea6a0___JR_HL 4111.JPG,19,19,healthy,healthy,1.0
f1bfd6b8d3659971e0913a22c0046eb3,PV_data/Cherry_(including_sour)___healthy/3ff5632a-e0bd-4247-a6d6-7684984c430a___JR_HL 4055.JPG,19,19,healthy,healthy,1.0
072e382473251c73efbce6c875556a05,PV_data/Cherry_(including_sour)___healthy/4324591b-b9e1-4fb8-a231-a2b42fab0e8d___JR_HL 9773.JPG,19,19,healthy,healthy,1.0
173a2380388b85d33b8c9ad30e031b84,PV_data/Cherry_(including_sour)___healthy/456af412-3d01-4046-b2a7-1283a2121d07___JR_HL 9498.JPG,19,19,healthy,healthy,1.0
eaec9ae5f4a0d757c2174b1135d699ef,PV_data/Cherry_(including_sour)___healthy/45be9375-1fe5-4a36-9e7e-9accc0f3b275___JR_HL 9473.JPG,19,19,healthy,healthy,1.0
dca68cf2a407f1cedbc49a6c76c1e2f3,PV_data/Cherry_(including_sour)___healthy/472fd482-aec7-4e73-86d1-7161f6a5024b___JR_HL 4178.JPG,19,19,healthy,healthy,0.9999999
1d906bb71d4d3a6b0c532835202499bf,PV_data/Cherry_(including_sour)___healthy/4998a03a-2eca-4b0f-9c66-bdb616b88076___JR_HL 4154.JPG,19,19,healthy,healthy,0.99999964
bb1815e2fc3db795ccb830cc803f1fa4,PV_data/Cherry_(including_sour)___healthy/4a4c92aa-54e7-4a06-a18c-a399fcc4a649___JR_HL 4064.JPG,19,19,healthy,healthy,1.0
0afa3b3260c0e6393940c22407b311ae,PV_data/Cherry_(including_sour)___healthy/4b59856f-7264-4328-a7a3-0a84649f8e89___JR_HL 9642.JPG,19,19,healthy,healthy,1.0
b16a015405e4290ef414710e3ab68f7d,PV_data/Cherry_(including_sour)___healthy/4c37781d-f013-4426-a394-3e48b30bf88a___JR_HL 4027.JPG,19,19,healthy,healthy,1.0
f78b896b3fca6a3fe8f4744dbb851d04,PV_data/Cherry_(including_sour)___healthy/4ccaaa5f-1624-4144-b079-21f64c7bd781___JR_HL 9631.JPG,19,19,healthy,healthy,1.0
c4eccdb29f04578411ebd97cb5d1d874,PV_data/Cherry_(including_sour)___healthy/4ec2d760-cc99-4368-b94d-637022f8ea12___JR_HL 9538.JPG,19,19,healthy,healthy,1.0
765e8d934e62b1b5a0e04491bd966d9f,PV_data/Cherry_(including_sour)___healthy/50e00976-7b86-4fe4-b413-dc7f6d82694f___JR_HL 3953.JPG,19,19,healthy,healthy,0.9999802
bdad19acc93582043f39c72bbc2001d1,PV_data/Cherry_(including_sour)___healthy/5248fd97-c794-4d16-b797-957d851da129___JR_HL 9892 copy.JPG,19,19,healthy,healthy,0.99999964
df0e459135f03e5d3b7ffc82d619ea13,PV_data/Cherry_(including_sour)___healthy/546e460b-681e-48a3-b05f-4c9aa3a3b2b1___JR_HL 9604.JPG,19,19,healthy,healthy,1.0
1d84b7e10d6ca8784e12d4c9b7543faf,PV_data/Cherry_(including_sour)___healthy/57d4402b-e444-4702-86af-f18b6f5bd705___JR_HL 9725.JPG,19,19,healthy,healthy,1.0
cce1330d7e49d392e6de8a8bae6f12e7,PV_data/Cherry_(including_sour)___healthy/58a35a59-b63b-446e-a405-8e2e50f28b14___JR_HL 3930.JPG,19,19,healthy,healthy,1.0
ef0db7215c07de31d0b0ee85b77a8835,PV_data/Cherry_(including_sour)___healthy/5e30c4df-ee7c-4771-9cb9-29cf2917df78___JR_HL 9737.JPG,19,19,healthy,healthy,1.0
ba00a87fe79d97b568701f8376d2bbd8,PV_data/Cherry_(including_sour)___healthy/5f3d0eae-f30c-46b6-8611-1b524b087186___JR_HL 9602.JPG,19,19,healthy,healthy,1.0
e37267247180fb76e3b39e98dc424c85,PV_data/Cherry_(including_sour)___healthy/6252a6cd-23cf-495c-b452-518100eb243c___JR_HL 4155.JPG,19,19,healthy,healthy,0.99999976
3f044927ed8ebe85cdc11415ab76acc1,PV_data/Cherry_(including_sour)___healthy/68734aec-344c-4cdf-88ea-404d8cd90889___JR_HL 9625.JPG,19,19,healthy,healthy,1.0
5cfb893ef7f876c5b48b3b0225623268,PV_data/Cherry_(including_sour)___healthy/69de380a-4fd8-4c50-bdff-a983495dcd8c___JR_HL 4175.JPG,19,19,healthy,healthy,0.9999999
0783786920649fee7cdb538f3f911c12,PV_data/Cherry_(including_sour)___healthy/6aa34cd7-a976-4cd5-9ec4-580f622d4de7___JR_HL 9558.JPG,19,19,healthy,healthy,1.0
7951cc39c0918f48af2c11a5db9b1cac,PV_data/Cherry_(including_sour)___healthy/6ae3fb47-fad5-4167-b106-782bc5ef68d6___JR_HL 9513.JPG,19,19,healthy,healthy,1.0
35171ec605e6cf0e92921ed560ed2c59,PV_data/Cherry_(including_sour)___healthy/6b986cad-78b2-4aad-a713-5dc2e87a2d1a___JR_HL 9614.JPG,19,19,healthy,healthy,1.0
449538668bb9e6b77bfe0a50bb56de57,PV_data/Cherry_(including_sour)___healthy/6be7d4c3-bd76-4d4d-b22a-59d3095384e9___JR_HL 4122.JPG,19,19,healthy,healthy,0.99999785
4d90969acc32bb06f469a84136032390,PV_data/Cherry_(including_sour)___healthy/6e825c91-1907-4ad8-8ae4-50962f2b1b15___JR_HL 9877 copy.JPG,19,19,healthy,healthy,1.0
9b4aba7dfef7e5f16b97dc27eaf683fa,PV_data/Cherry_(including_sour)___healthy/70bab855-a953-4713-bd17-fd45933c90a0___JR_HL 9667.JPG,19,19,healthy,healthy,1.0
2dcfd8c0fbdf6059655a9ad248352090,PV_data/Cherry_(including_sour)___healthy/71226c5a-bc1f-4257-9369-506e32147cea___JR_HL 4169.JPG,19,19,healthy,healthy,1.0
2f0de5c91a9971d704dbee7d53fb314a,PV_data/Cherry_(including_sour)___healthy/744ca065-3894-4cb9-83c2-33a6f46bbd39___JR_HL 4143.JPG,19,19,healthy,healthy,1.0
4eb461a3ad906d8699f2d36c9d69f780,PV_data/Cherry_(including_sour)___healthy/76e3298c-998d-4bce-956a-f8812315e1d6___JR_HL 3979.JPG,19,19,healthy,healthy,1.0
2d9a3f9a7b8b95ae28d1a21940c9549c,PV_data/Cherry_(including_sour)___healthy/7849f661-8a45-4a10-bda1-9d382f576517___JR_HL 9775.JPG,19,19,healthy,healthy,0.9999943
6ab1887ce82243471d80a8f6dcdccb48,PV_data/Cherry_(including_sour)___healthy/791a7d36-49d2-4b61-8fc9-bfab404a9124___JR_HL 9456.JPG,19,19,healthy,healthy,1.0
00008b3e6af6a5d31a05f2734a0e7ddd,PV_data/Cherry_(including_sour)___healthy/7ad0e6bd-a9b8-475d-b2dc-d9c62a55db89___JR_HL 9728.JPG,19,19,healthy,healthy,0.9999994
b5313dcd02ce58ab15cb167cc27037ac,PV_data/Cherry_(including_sour)___healthy/7bb5ebf4-8be6-4652-913c-519b58a34821___JR_HL 9758.JPG,19,19,healthy,healthy,1.0
5d3cf0bccf99813e1d6e94c7edc6a50c,PV_data/Cherry_(including_sour)___healthy/7f710769-1940-4fff-92a6-e3ec5f073296___JR_HL 9852.JPG,19,19,healthy,healthy,1.0
a0cb91e8e5e47b9c5c4527bb830c2dd3,PV_data/Cherry_(including_sour)___healthy/7f81c242-b95a-402c-998d-0f4575b13283___JR_HL 9481.JPG,19,19,healthy,healthy,0.9999993
751fda17676ea37ac92a15df264f2304,PV_data/Cherry_(including_sour)___healthy/83b7e714-c245-47ae-819d-9ab8dc1b170f___JR_HL 9477.JPG,19,19,healthy,healthy,1.0
806a027e599cd10c980ad04f286dab0e,PV_data/Cherry_(including_sour)___healthy/871dddc4-1a16-4ad6-9990-301fed42974f___JR_HL 4223.JPG,19,19,healthy,healthy,1.0
d9a3f1a68016bdbd58ca60c9cbe29717,PV_data/Cherry_(including_sour)___healthy/8aacd48c-7710-4171-9738-7105a075cf22___JR_HL 4227.JPG,19,19,healthy,healthy,1.0
6f2a62bb1ee5ec04c4fd0914dc4aa1ec,PV_data/Cherry_(including_sour)___healthy/8ac70f19-6342-48f6-a6f7-06c8723faacf___JR_HL 9515.JPG,19,19,healthy,healthy,1.0
1f143caff5cd6ad55ae5b8af6383f6b7,PV_data/Cherry_(including_sour)___healthy/8c2ca351-4aeb-4da9-9e5b-8905509cf148___JR_HL 9683.JPG,19,19,healthy,healthy,1.0
e607cb44c15116573dadb51c3ecd3ab7,PV_data/Cherry_(including_sour)___healthy/8ec0aedd-663e-4e7a-a7ff-44af0740a2dd___JR_HL 4251.JPG,19,19,healthy,healthy,1.0
c5972d554d26fec647a5a0c895cc0900,PV_data/Cherry_(including_sour)___healthy/8ef7ac77-0588-4028-a31f-d6a5d3cded70___JR_HL 9471.JPG,19,19,healthy,healthy,1.0
49fadd7574885ba6a2cd2230a347dd42,PV_data/Cherry_(including_sour)___healthy/90cf84c2-0bca-4c08-a873-65ccfb87ed24___JR_HL 9733.JPG,19,19,healthy,healthy,0.9999999
26452fd92dae4b1576977ac1120863e1,PV_data/Cherry_(including_sour)___healthy/92da1286-a52e-4ceb-bb92-2a6eba988a14___JR_HL 4177.JPG,19,19,healthy,healthy,0.9999999
f5fa12fc81c72731d06f5b2b2c29f894,PV_data/Cherry_(including_sour)___healthy/94070a24-1b16-4696-b051-b01d4ca0b59a___JR_HL 4022.JPG,19,19,healthy,healthy,0.99999976
9514cce31a5a5a0971737b7a5456d9b9,PV_data/Cherry_(including_sour)___healthy/9711cd2a-25f1-4e08-bb70-b5443d2ed94e___JR_HL 9432.JPG,19,19,healthy,healthy,1.0
321d0b6657d4884991824ea210948fe0,PV_data/Cherry_(including_sour)___healthy/988cce2b-7897-489d-b796-9a170e815785___JR_HL 9550.JPG,19,19,healthy,healthy,1.0
580fce4bd91b8a8d917a1eeffd994941,PV_data/Cherry_(including_sour)___healthy/993cc551-ec98-4764-9c65-dae36effba8b___JR_HL 4084.JPG,19,19,healthy,healthy,0.99999964
9aa7acd3f0509d3c582e68689aa07cbc,PV_data/Cherry_(including_sour)___healthy/99418f88-7071-40ad-9d82-cc37c6199298___JR_HL 9479.JPG,19,19,healthy,healthy,1.0
2179ced4afed569efb4c648a9f74c1e4,PV_data/Cherry_(including_sour)___healthy/9d97b274-fd09-41b0-bddb-0819b2f37ea9___JR_HL 9635.JPG,19,19,healthy,healthy,1.0
bbf7f9f79a3bcffce759d10796e4acf8,PV_data/Cherry_(including_sour)___healthy/a0b4d7a4-947b-4ca7-9984-88da24f41390___JR_HL 9468.JPG,19,19,healthy,healthy,1.0
5a06e6ea6329e7a71a6bc007facb0bde,PV_data/Cherry_(including_sour)___healthy/a2196e0d-52fc-4194-8127-98076bd3a6fc___JR_HL 4241.JPG,19,19,healthy,healthy,1.0
7955c963ec0b8bacf7a2c074e860d2e9,PV_data/Cherry_(including_sour)___healthy/a36fb3a6-f05b-4541-8617-6079781ea8ed___JR_HL 9831.JPG,19,19,healthy,healthy,0.99999964
170e4ea5763ae66f698555cb060f50d4,PV_data/Cherry_(including_sour)___healthy/a3e1c4a1-22b9-4167-89c7-9a7889ad2c15___JR_HL 3922.JPG,19,19,healthy,healthy,1.0
7b619c39c378f34501ba0efea2d7755a,PV_data/Cherry_(including_sour)___healthy/a5aafeac-4d2f-4bd2-835e-79506ec7e458___JR_HL 4228.JPG,19,19,healthy,healthy,0.9999999
126e1276f862aae82a47d63e125f91f0,PV_data/Cherry_(including_sour)___healthy/a6562ee2-b37b-4734-9bf4-75da24f34bd1___JR_HL 4153.JPG,19,19,healthy,healthy,0.9999995
5bcf3b9f6b9b3a4bd1525c0e206298e3,PV_data/Cherry_(including_sour)___healthy/ab3bea0d-8559-4f2b-ad4b-3dec4bc43036___JR_HL 9467.JPG,19,19,healthy,healthy,1.0
35bd2ba3a50ed54288a229664d62e53f,PV_data/Cherry_(including_sour)___healthy/b560e9ca-bfee-4ffe-92ec-60391fcd3076___JR_HL 4039.JPG,19,19,healthy,healthy,0.9985637
a8068c12188a229edd31f2d16b8a2972,PV_data/Cherry_(including_sour)___healthy/b6014a59-9818-4222-9a74-51cbbbcda57a___JR_HL 4020.JPG,19,19,healthy,healthy,0.9999869
00af7f444dc350bd46166e896f4570f4,PV_data/Cherry_(including_sour)___healthy/b699f89c-87a3-4793-a721-60040fc42c4d___JR_HL 9659.JPG,19,19,healthy,healthy,0.9999994
639bd74514f7734d0d528972c44387d6,PV_data/Cherry_(including_sour)___healthy/b9d61fe1-5b84-405b-a7ea-b3babaa5f516___JR_HL 3943.JPG,19,19,healthy,healthy,1.0
889cdcc546d0c50545e2c86767861d3d,PV_data/Cherry_(including_sour)___healthy/ba0ab3c3-f12f-4fbd-875c-d68198c21f3a___JR_HL 9781.JPG,19,19,healthy,healthy,1.0
3ae0513aa770e4c9fb49b668980a8622,PV_data/Cherry_(including_sour)___healthy/bbf21e80-e21f-4dcb-a3ae-de05529960ef___JR_HL 9526.JPG,19,19,healthy,healthy,1.0
051a0a201a99efe01a969b3e563b045a,PV_data/Cherry_(including_sour)___healthy/bc47ca90-7317-4ad1-b424-7a346b9905e5___JR_HL 4109.JPG,19,19,healthy,healthy,0.9999999
9240ec4386055d37b50f58c3c47f75da,PV_data/Cherry_(including_sour)___healthy/bd7c0e0a-394c-43a6-8c8d-9b0c5fb05416___JR_HL 9427.JPG,19,19,healthy,healthy,1.0
d1d62d2bef7a436ed87b954c71179d7f,PV_data/Cherry_(including_sour)___healthy/c3c041f1-dac2-4110-ae56-1818774b4603___JR_HL 4208.JPG,19,19,healthy,healthy,1.0
6f95ea1da1ca9c73008453aca9eccead,PV_data/Cherry_(including_sour)___healthy/c4720744-b5a7-4cb2-8d61-b4f42d03d035___JR_HL 9783.JPG,19,19,healthy,healthy,1.0
edbc04302709f8f1559a51995695ca5d,PV_data/Cherry_(including_sour)___healthy/c4ef4ce3-b528-4cd8-8042-f23a980990c9___JR_HL 9668.JPG,19,19,healthy,healthy,1.0
bbe49771767e1fa4f78b01868186393e,PV_data/Cherry_(including_sour)___healthy/c64db855-ec89-47dd-bde3-245b122387d4___JR_HL 4170.JPG,19,19,healthy,healthy,1.0
ede737c2444604708d98adc1be7583de,PV_data/Cherry_(including_sour)___healthy/c889dabb-e9dc-448c-80f3-791fea97fafd___JR_HL 9501.JPG,19,19,healthy,healthy,1.0
348ecce677656b97d5e7fb47891bc3ba,PV_data/Cherry_(including_sour)___healthy/c8e672fc-6666-4290-ae5b-15301ead7109___JR_HL 9780.JPG,19,19,healthy,healthy,0.99999976
29c65e1439a33c3d42eea70223006e14,PV_data/Cherry_(including_sour)___healthy/cb82648e-af22-4475-894a-a215c8d8c09e___JR_HL 3976.JPG,19,19,healthy,healthy,1.0
92c0776798933dced68d703287bf6959,PV_data/Cherry_(including_sour)___healthy/cf3bdc72-a14c-4b7e-a58d-48e0d7c4a582___JR_HL 9788.JPG,19,19,healthy,healthy,0.99999785
3b165779a4b3a1f20eac27cfad67511b,PV_data/Cherry_(including_sour)___healthy/d1783f85-5cb9-4683-b493-4e9112749f23___JR_HL 9507.JPG,19,19,healthy,healthy,1.0
c9eea48a971d8bead44b63172077e9ec,PV_data/Cherry_(including_sour)___healthy/d2407963-3cdb-44a8-afba-29cfd51ceec5___JR_HL 4316.JPG,19,19,healthy,healthy,1.0
1cd0def7deab76c41b959fa1d3dae893,PV_data/Cherry_(including_sour)___healthy/d259c188-0c17-4199-aac1-5399903f74a3___JR_HL 4100.JPG,19,19,healthy,healthy,0.99999547
f1c240b8ea48dbd0c91eed132822b484,PV_data/Cherry_(including_sour)___healthy/d2fad1d0-4bcc-4617-8be6-5d07a56e1483___JR_HL 9747.JPG,19,19,healthy,healthy,1.0
43b2bf9a5664be22ce80045d6e506c2d,PV_data/Cherry_(including_sour)___healthy/d620f22d-c209-4627-b2b4-cd8e65de8212___JR_HL 4037.JPG,19,19,healthy,healthy,0.9978841
cf5f171383be25bc097e8e4e5b52acf1,PV_data/Cherry_(including_sour)___healthy/da28d492-ed69-4c2f-8359-2242b7e7e3f5___JR_HL 9848.JPG,19,19,healthy,healthy,0.99999976
11e520cb9799385b7a134a7cb5bfbb15,PV_data/Cherry_(including_sour)___healthy/e018791f-7887-4420-a1e3-174e43ed9085___JR_HL 9716.JPG,19,19,healthy,healthy,0.9999908
8cbd9b77eaa2ac648630ef5efdd77821,PV_data/Cherry_(including_sour)___healthy/e0f4ea8e-63d9-4440-8330-82ac0e34f881___JR_HL 9799.JPG,19,19,healthy,healthy,1.0
9a8f86a2c131869916451553f56b9e51,PV_data/Cherry_(including_sour)___healthy/e1f1a0eb-b3df-4b1a-9af6-01c2472a4d0c___JR_HL 9472.JPG,19,19,healthy,healthy,1.0
7cb9632b64059d5a696cd06b94bd18a4,PV_data/Cherry_(including_sour)___healthy/e4c7c7dc-cf01-41cc-86e6-d68552194785___JR_HL 4293.JPG,19,19,healthy,healthy,0.99999154
6cd4273eafb91b80967f44859976d2b6,PV_data/Cherry_(including_sour)___healthy/ea747458-cad6-409a-8de1-8fc2d5d83c25___JR_HL 9793.JPG,19,19,healthy,healthy,1.0
bf8ff6d73f9bff7c34860046fb780160,PV_data/Cherry_(including_sour)___healthy/ea80c972-f1d3-43d5-86e1-8782988c6d02___JR_HL 9695.JPG,19,19,healthy,healthy,1.0
816f5bf6eebbe79723bd7e6cf75cf77d,PV_data/Cherry_(including_sour)___healthy/eafefde7-3a21-4a76-bd73-1d20d6eee535___JR_HL 9628.JPG,19,19,healthy,healthy,1.0
0f0f1e372c3f9baa990cf0f9a2ebac3c,PV_data/Cherry_(including_sour)___healthy/ed682229-adac-4051-87d4-2d8fa45c25c8___JR_HL 9514.JPG,19,19,healthy,healthy,1.0
54eba52036eeb0ef1952e4b338d8e135,PV_data/Cherry_(including_sour)___healthy/edff0b53-bdab-4792-84b2-73deec567e67___JR_HL 9889 copy.JPG,19,19,healthy,healthy,0.9999994
a5ca1364e4bffac077e2e4b12bed4b58,PV_data/Cherry_(including_sour)___healthy/eea5ee8e-b2a8-4116-94e4-63e573b1e63b___JR_HL 4264.JPG,19,19,healthy,healthy,0.9999999
6add84b5ebdf7dfb932d865556a1ab8d,PV_data/Cherry_(including_sour)___healthy/ef018098-16b5-4b7d-828a-d9003376f24a___JR_HL 4108.JPG,19,19,healthy,healthy,1.0
0305124ff51085419cb5e82e194fea19,PV_data/Cherry_(including_sour)___healthy/f2808c4d-e64c-4bbf-a1be-86f97247f2e7___JR_HL 9564.JPG,19,19,healthy,healthy,1.0
014b65bbe4275f6f0695d92907a173da,PV_data/Cherry_(including_sour)___healthy/f94456da-a0d9-4dfc-80ed-0b2d597c5479___JR_HL 3997.JPG,19,19,healthy,healthy,1.0
355369f328e67730a4654f2bbdbe2fda,PV_data/Cherry_(including_sour)___healthy/f9905e57-5799-4122-9626-d2e575e60389___JR_HL 9743.JPG,19,19,healthy,healthy,1.0
e703247de44518d96dbcec8c51d4bb96,PV_data/Cherry_(including_sour)___healthy/feee45d9-e66f-499f-8ca9-e76881aa10ab___JR_HL 9756.JPG,19,19,healthy,healthy,1.0
f13d6495651ae9c86e7fcce3bd1ac80c,PV_data/Corn_(maize)___Cercospora_leaf_spot Gray_leaf_spot/00a20f6f-e8bd-4453-9e25-36ea70feb626___RS_GLSp 4655.JPG,4,4,Cercospora_leaf_spot Gray_leaf_spot,Cercospora_leaf_spot Gray_leaf_spot,0.9833489
56276dbed7ad690cccbd841d12e5e8e4,PV_data/Corn_(maize)___Cercospora_leaf_spot Gray_leaf_spot/05f92471-3cd4-441b-af21-1a02304d0b6c___RS_GLSp 7315.JPG,4,4,Cercospora_leaf_spot Gray_leaf_spot,Cercospora_leaf_spot Gray_leaf_spot,0.9796591
5eb9cf4f5d082157efc0bea657a974b7,PV_data/Corn_(maize)___Cercospora_leaf_spot Gray_leaf_spot/0ce6543f-9694-4b3a-b767-9bc909f54f73___RS_GLSp 4663 copy.jpg,4,4,Cercospora_leaf_spot Gray_leaf_spot,Cercospora_leaf_spot Gray_leaf_spot,0.8131253
bb9916120f597eb65a499e30d7626c77,PV_data/Corn_(maize)___Cercospora_leaf_spot Gray_leaf_spot/0d13a6d5-7993-4a5d-beb1-4f38b7805fac___RS_GLSp 9303.JPG,4,4,Cercospora_leaf_spot Gray_leaf_spot,Cercospora_leaf_spot Gray_leaf_spot,0.9990195
a1bd99964c22937ed049f4fafe6273e7,PV_data/Corn_(maize)___Cercospora_leaf_spot Gray_leaf_spot/0f08ab4f-caf6-4e50-a399-000e4e9841a0___RS_GLSp 4623.JPG,4,4,Cercospora_leaf_spot Gray_leaf_spot,Cercospora_leaf_spot Gray_leaf_spot,0.99766266
4aead5b56dc6dda303320ec848214972,PV_data/Corn_(maize)___Cercospora_leaf_spot Gray_leaf_spot/1157b4eb-dfb3-41b7-a083-77b0ca2e7634___RS_GLSp 4460.JPG,4,4,Cercospora_leaf_spot Gray_leaf_spot,Cercospora_leaf_spot Gray_leaf_spot,0.87879354
eb3a44ca6081eda06e1aaf69cb161396,PV_data/Corn_(maize)___Cercospora_leaf_spot Gray_leaf_spot/137762d7-fcd5-405c-a4d5-4096321951d0___RS_GLSp 9345.JPG,4,4,Cercospora_leaf_spot Gray_leaf_spot,Cercospora_leaf_spot Gray_leaf_spot,0.9897744
6c318d24373b5d47c5e8e69cb4cbd197,PV_data/Corn_(maize)___Cercospora_leaf_spot Gray_leaf_spot/1468d990-6016-484c-b66a-784d38d67b03___RS_GLSp 4616.JPG,4,4,Cercospora_leaf_spot Gray_leaf_spot,Cercospora_leaf_spot Gray_leaf_spot,0.9996895
f2be9c9707a245e6ae18a8b3c3a885f2,PV_data/Corn_(maize)___Cercospora_leaf_spot Gray_leaf_spot/171b34fb-183f-4b57-be91-7e02fcebb7df___RS_GLSp 4326.JPG,4,4,Cercospora_leaf_spot Gray_leaf_spot,Cercospora_leaf_spot Gray_leaf_spot,0.9645229
6cd9599a90af2b1bb5bbed9e3133d492,PV_data/Corn_(maize)___Cercospora_leaf_spot Gray_leaf_spot/1836cc95-03e5-4430-8cc1-cca482b94a0d___RS_GLSp 4289 copy.jpg,4,4,Cercospora_leaf_spot Gray_leaf_spot,Cercospora_leaf_spot Gray_leaf_spot,0.9430637
fb0bc037b428912f828717dec20149fc,PV_data/Corn_(maize)___Cercospora_leaf_spot Gray_leaf_spot/2174d811-b088-4b31-8088-1738630b94d4___RS_GLSp 4467.JPG,4,4,Cercospora_leaf_spot Gray_leaf_spot,Cercospora_leaf_spot Gray_leaf_spot,0.9829308
9a7a2775d704460fa363e58dcfc8f272,PV_data/Corn_(maize)___Cercospora_leaf_spot Gray_leaf_spot/261e0893-078f-41ae-9445-4942f8828f53___RS_GLSp 7320.JPG,4,4,Cercospora_leaf_spot Gray_leaf_spot,Cercospora_leaf_spot Gray_leaf_spot,0.9869909
d8910122e538b5ea6bb3b590e90c1e48,PV_data/Corn_(maize)___Cercospora_leaf_spot Gray_leaf_spot/276eaa0e-3c86-4190-8701-fdb5f9148bb1___RS_GLSp 7283.JPG,4,4,Cercospora_leaf_spot Gray_leaf_spot,Cercospora_leaf_spot Gray_leaf_spot,0.98770404
8dd0883b495003f00749503a09fb5843,PV_data/Corn_(maize)___Cercospora_leaf_spot Gray_leaf_spot/295e2145-800f-4c3c-9728-e45b1cd8e113___RS_GLSp 4316.JPG,4,12,Cercospora_leaf_spot Gray_leaf_spot,Northern_Leaf_Blight,0.50876284
50936499b57ce9e10c799700b39d922f,PV_data/Corn_(maize)___Cercospora_leaf_spot Gray_leaf_spot/2a2ad0a4-9f19-4366-88d3-c1c87ffc9f90___RS_GLSp 4385.JPG,4,4,Cercospora_leaf_spot Gray_leaf_spot,Cercospora_leaf_spot Gray_leaf_spot,0.95407283
f3037f39fe903d71520acd6acd16923f,PV_data/Corn_(maize)___Cercospora_leaf_spot Gray_leaf_spot/2ff35cfb-2145-4844-9755-e977af5f661d___RS_GLSp 4434.JPG,4,4,Cercospora_leaf_spot Gray_leaf_spot,Cercospora_leaf_spot Gray_leaf_spot,0.99682117
7fec087631f9ee882cbd09c29b3c65ae,PV_data/Corn_(maize)___Cercospora_leaf_spot Gray_leaf_spot/32e31361-bb57-4974-bc43-4b8e74d61653___RS_GLSp 4433 copy.jpg,4,4,Cercospora_leaf_spot Gray_leaf_spot,Cercospora_leaf_spot Gray_leaf_spot,0.99744296
9b0fa00de84e21843b1cfc16eb106a56,PV_data/Corn_(maize)___Cercospora_leaf_spot Gray_leaf_spot/346e5b39-b83e-4b5f-a02b-bc01fc230842___RS_GLSp 4311.JPG,4,4,Cercospora_leaf_spot Gray_leaf_spot,Cercospora_leaf_spot Gray_leaf_spot,0.9495705
e804bfe0a093d1b316e0ae55aaa3d4e9,PV_data/Corn_(maize)___Cercospora_leaf_spot Gray_leaf_spot/3980904f-273e-4191-911b-0ebfc12cf02c___RS_GLSp 4448 copy.jpg,4,4,Cercospora_leaf_spot Gray_leaf_spot,Cercospora_leaf_spot Gray_leaf_spot,0.9748258
2d244ea0a988381f42b75bbe2011573b,PV_data/Corn_(maize)___Cercospora_leaf_spot Gray_leaf_spot/3a1f523c-0012-43c3-9475-fc458e3511d4___RS_GLSp 4579.JPG,4,4,Cercospora_leaf_spot Gray_leaf_spot,Cercospora_leaf_spot Gray_leaf_spot,0.9847749
e6e9ba252a1fb015ce2fe1437251f880,PV_data/Corn_(maize)___Cercospora_leaf_spot Gray_leaf_spot/3aeb9908-679b-4d53-8925-5b436d0961d8___RS_GLSp 9317.JPG,4,4,Cercospora_leaf_spot Gray_leaf_spot,Cercospora_leaf_spot Gray_leaf_spot,0.985179
0b900cd5011f2fb0b811b9317d9f3e50,PV_data/Corn_(maize)___Cercospora_leaf_spot Gray_leaf_spot/3c53ba48-cb78-4803-b01c-7d10ea13284c___RS_GLSp 4611.JPG,4,4,Cercospora_leaf_spot Gray_leaf_spot,Cercospora_leaf_spot Gray_leaf_spot,0.92782205
ebd4fff7e2643ad88dd7325921f126ff,PV_data/Corn_(maize)___Cercospora_leaf_spot Gray_leaf_spot/40dceef3-f53b-4132-87c0-69bf1046f8c4___RS_GLSp 9362.JPG,4,4,Cercospora_leaf_spot Gray_leaf_spot,Cercospora_leaf_spot Gray_leaf_spot,0.98698896
5df2fb610444993556e21e0b060317bf,PV_data/Corn_(maize)___Cercospora_leaf_spot Gray_leaf_spot/40de2256-a1de-4781-830b-d9a06544fe06___RS_GLSp 4398.JPG,4,4,Cercospora_leaf_spot Gray_leaf_spot,Cercospora_leaf_spot Gray_leaf_spot,0.991109
d101cbfce9309763421e03a1be0af98b,PV_data/Corn_(maize)___Cercospora_leaf_spot Gray_leaf_spot/4cd3f6c7-18ed-45eb-ba31-013241482123___RS_GLSp 4292.JPG,4,12,Cercospora_leaf_spot Gray_leaf_spot,Northern_Leaf_Blight,0.55506325
d838e09e9c0ffbbe7adbde7747479d31,PV_data/Corn_(maize)___Cercospora_leaf_spot Gray_leaf_spot/51bec38f-7a7a-43dc-9ab8-aa9dd7d9830c___RS_GLSp 4439.JPG,4,4,Cercospora_leaf_spot Gray_leaf_spot,Cercospora_leaf_spot Gray_leaf_spot,0.9750011
fe15dbe1430ba06b9332a52b0e753123,PV_data/Corn_(maize)___Cercospora_leaf_spot Gray_leaf_spot/52acf240-2625-4b4c-8484-6c93e998b115___RS_GLSp 7337.JPG,4,4,Cercospora_leaf_spot Gray_leaf_spot,Cercospora_leaf_spot Gray_leaf_spot,0.9846561
49532032cf381e5a80e6c0b05584af62,PV_data/Corn_(maize)___Cercospora_leaf_spot Gray_leaf_spot/53ef1232-f812-41e7-bb8c-190241c11fc3___RS_GLSp 4617.JPG,4,12,Cercospora_leaf_spot Gray_leaf_spot,Northern_Leaf_Blight,0.9132976
e0905a131f18fcf877abf36148b2467d,PV_data/Corn_(maize)___Cercospora_leaf_spot Gray_leaf_spot/56861977-2bbb-445d-a956-95fcb62f93f7___RS_GLSp 4607 copy.jpg,4,4,Cercospora_leaf_spot Gray_leaf_spot,Cercospora_leaf_spot Gray_leaf_spot,0.98819005
28b0758b8662804cbf9f2a7823e65ecf,PV_data/Corn_(maize)___Cercospora_leaf_spot Gray_leaf_spot/590078f5-c132-47d1-a575-9a05637cdaba___RS_GLSp 9351.JPG,4,4,Cercospora_leaf_spot Gray_leaf_spot,Cercospora_leaf_spot Gray_leaf_spot,0.97873867
031cf408c55d761b315a8241d3706819,PV_data/Corn_(maize)___Cercospora_leaf_spot Gray_leaf_spot/5958b15a-0ab1-411d-a5f2-99ef49572954___RS_GLSp 9275.JPG,4,4,Cercospora_leaf_spot Gray_leaf_spot,Cercospora_leaf_spot Gray_leaf_spot,0.9990589
8ff50d07c19ef00f4c7aab47fc47dbb3,PV_data/Corn_(maize)___Cercospora_leaf_spot Gray_leaf_spot/5b6fe4ff-01b0-4b9d-ad8d-4c6c8ef909be___RS_GLSp 9302.JPG,4,4,Cercospora_leaf_spot Gray_leaf_spot,Cercospora_leaf_spot Gray_leaf_spot,0.9777225
5ba5cd5d4ee5b1f26d8345e439431873,PV_data/Corn_(maize)___Cercospora_leaf_spot Gray_leaf_spot/5cbbb4b8-88cc-4d5f-907a-505a2a831b8a___RS_GLSp 4599.JPG,4,4,Cercospora_leaf_spot Gray_leaf_spot,Cercospora_leaf_spot Gray_leaf_spot,0.6028709
2780a96f26a6b09cfe20d66fe7b65c1a,PV_data/Corn_(maize)___Cercospora_leaf_spot Gray_leaf_spot/5cfe5cf5-bdba-44b5-8295-c5bda6e34ae3___RS_GLSp 9353 copy.jpg,4,4,Cercospora_leaf_spot Gray_leaf_spot,Cercospora_leaf_spot Gray_leaf_spot,0.98859686
3b179aebcf772e2bd3ff7c32bf4bb64a,PV_data/Corn_(maize)___Cercospora_leaf_spot Gray_leaf_spot/659f419d-10c3-42db-9b3a-45565709354c___RS_GLSp 4658.JPG,4,4,Cercospora_leaf_spot Gray_leaf_spot,Cercospora_leaf_spot Gray_leaf_spot,0.9930646
355dd2fe7312c541ed1f8aa8f323c77f,PV_data/Corn_(maize)___Cercospora_leaf_spot Gray_leaf_spot/66151c80-6947-4062-bbb0-3771e6feefc3___RS_GLSp 7304.JPG,4,4,Cercospora_leaf_spot Gray_leaf_spot,Cercospora_leaf_spot Gray_leaf_spot,0.9850834
9361bff20087f7b6e00176c35463ddc5,PV_data/Corn_(maize)___Cercospora_leaf_spot Gray_leaf_spot/6b4ebda6-c3d3-4d7e-b38e-cf948ec16dd2___RS_GLSp 9326.JPG,4,4,Cercospora_leaf_spot Gray_leaf_spot,Cercospora_leaf_spot Gray_leaf_spot,0.9922604
3eb0f37a70214f151423a4b4b880bef7,PV_data/Corn_(maize)___Cercospora_leaf_spot Gray_leaf_spot/6db850c6-2b56-4acf-a283-2cd246c02bfa___RS_GLSp 4474 copy 2.jpg,4,4,Cercospora_leaf_spot Gray_leaf_spot,Cercospora_leaf_spot Gray_leaf_spot,0.98882294
6a3ed6f63cbe22a32f682c3984dceb8d,PV_data/Corn_(maize)___Cercospora_leaf_spot Gray_leaf_spot/6f4b40eb-6d14-4f30-9ef8-89f85bd841fd___RS_GLSp 4426.JPG,4,4,Cercospora_leaf_spot Gray_leaf_spot,Cercospora_leaf_spot Gray_leaf_spot,0.985202
07375e9f8c6afe82770c6a6751e44eed,PV_data/Corn_(maize)___Cercospora_leaf_spot Gray_leaf_spot/7118cb62-d96a-4ae0-8c85-634aa6bc6f62___RS_GLSp 4354.JPG,4,4,Cercospora_leaf_spot Gray_leaf_spot,Cercospora_leaf_spot Gray_leaf_spot,0.8453343
b019060c5bad83e7c3fb331d0d48c819,PV_data/Corn_(maize)___Cercospora_leaf_spot Gray_leaf_spot/7599513c-e2f3-4301-a010-6f32b429d047___RS_GLSp 4286.JPG,4,4,Cercospora_leaf_spot Gray_leaf_spot,Cercospora_leaf_spot Gray_leaf_spot,0.9422409
31e2e0fab13aa7742dad0c121bfc1c04,PV_data/Corn_(maize)___Cercospora_leaf_spot Gray_leaf_spot/75c57507-6463-4886-8195-b1319c434ef7___RS_GLSp 4390.JPG,4,4,Cercospora_leaf_spot Gray_leaf_spot,Cercospora_leaf_spot Gray_leaf_spot,0.9937537
cb4fa95983b87cb9bd6b456bd3ae93b1,PV_data/Corn_(maize)___Cercospora_leaf_spot Gray_leaf_spot/7944b10d-96b5-4219-882d-22b1e2380544___RS_GLSp 7309.JPG,4,4,Cercospora_leaf_spot Gray_leaf_spot,Cercospora_leaf_spot Gray_leaf_spot,0.99246633
e57ad91541ab4c986e71f157db275f1e,PV_data/Corn_(maize)___Cercospora_leaf_spot Gray_leaf_spot/79aa374c-1687-42d4-bf48-84e8b1beb762___RS_GLSp 4408.JPG,4,4,Cercospora_leaf_spot Gray_leaf_spot,Cercospora_leaf_spot Gray_leaf_spot,0.83208966
d929b1ebdc870f1ee31e7911e813126c,PV_data/Corn_(maize)___Cercospora_leaf_spot Gray_leaf_spot/7a93142b-986d-46d4-ad77-646d64f418dc___RS_GLSp 9341.JPG,4,4,Cercospora_leaf_spot Gray_leaf_spot,Cercospora_leaf_spot Gray_leaf_spot,0.86243695
fcb393ad32d5261c6ee538f10ceeaa31,PV_data/Corn_(maize)___Cercospora_leaf_spot Gray_leaf_spot/7c479d6b-0f9a-4646-8337-445b76d2959e___RS_GLSp 9349.JPG,4,4,Cercospora_leaf_spot Gray_leaf_spot,Cercospora_leaf_spot Gray_leaf_spot,0.977652
a48543db0ca1e6ecbd305da43bf247b6,PV_data/Corn_(maize)___Cercospora_leaf_spot Gray_leaf_spot/7cc0887b-1bbc-49f4-8779-f7ff62aab90e___RS_GLSp 9354.JPG,4,4,Cercospora_leaf_spot Gray_leaf_spot,Cercospora_leaf_spot Gray_leaf_spot,0.91214657
297953dc54e320754e50683a482961d4,PV_data/Corn_(maize)___Cercospora_leaf_spot Gray_leaf_spot/837474e2-d11d-44b7-b39b-0a21442b1e04___RS_GLSp 4455.JPG,4,4,Cercospora_leaf_spot Gray_leaf_spot,Cercospora_leaf_spot Gray_leaf_spot,0.9967272
9d90f34cbb355f1fac083c296a013a0a,PV_data/Corn_(maize)___Cercospora_leaf_spot Gray_leaf_spot/8895b194-2dc6-4ed5-8155-1e483d4f93f3___RS_GLSp 4644.JPG,4,4,Cercospora_leaf_spot Gray_leaf_spot,Cercospora_leaf_spot Gray_leaf_spot,0.9662435
c848f5cab88350b5247ec751123065cf,PV_data/Corn_(maize)___Cercospora_leaf_spot Gray_leaf_spot/8a3603cd-1ffa-42b5-a6d8-f9c957639a45___RS_GLSp 4677.JPG,4,4,Cercospora_leaf_spot Gray_leaf_spot,Cercospora_leaf_spot Gray_leaf_spot,0.78408223
9abb41a8d7da4f2b0df53a8158f34faa,PV_data/Corn_(maize)___Cercospora_leaf_spot Gray_leaf_spot/93b53cb0-57cd-480f-9314-8cc0ed579782___RS_GLSp 4427.JPG,4,4,Cercospora_leaf_spot Gray_leaf_spot,Cercospora_leaf_spot Gray_leaf_spot,0.9685353
a8b801a9873a499946859e920bea5ddf,PV_data/Corn_(maize)___Cercospora_leaf_spot Gray_leaf_spot/9c78e47a-8ed7-4b8f-8230-499e2d135a0a___RS_GLSp 4335.JPG,4,4,Cercospora_leaf_spot Gray_leaf_spot,Cercospora_leaf_spot Gray_leaf_spot,0.65288895
378033944cadea6cc23923b1a3918e3e,PV_data/Corn_(maize)___Cercospora_leaf_spot Gray_leaf_spot/9d24f300-aaa7-413a-8abb-bf5b2b662fdc___RS_GLSp 4374 copy.jpg,4,4,Cercospora_leaf_spot Gray_leaf_spot,Cercospora_leaf_spot Gray_leaf_spot,0.9590885
8f3f71417d2566e94b26ad4dedf8fd96,PV_data/Corn_(maize)___Cercospora_leaf_spot Gray_leaf_spot/9e6ca942-064a-49ec-b7f9-8a1e25b5c0fe___RS_GLSp 4435.JPG,4,4,Cercospora_leaf_spot Gray_leaf_spot,Cercospora_leaf_spot Gray_leaf_spot,0.9994025
0e73355633f1dde1842efe2deeeaeac3,PV_data/Corn_(maize)___Cercospora_leaf_spot Gray_leaf_spot/a0c8342a-b9ca-4604-a2b0-7000bf7cdad2___RS_GLSp 4343.JPG,4,4,Cercospora_leaf_spot Gray_leaf_spot,Cercospora_leaf_spot Gray_leaf_spot,0.74455917
77d1ae6d0af13fab75d5ba122dca725e,PV_data/Corn_(maize)___Cercospora_leaf_spot Gray_leaf_spot/a27ab77f-274b-4785-95f7-4844aa141c32___RS_GLSp 9353.JPG,4,4,Cercospora_leaf_spot Gray_leaf_spot,Cercospora_leaf_spot Gray_leaf_spot,0.98043895
8738359471a8c535380fc0ffb23a9248,PV_data/Corn_(maize)___Cercospora_leaf_spot Gray_leaf_spot/a312677c-a2d5-4aa0-bb76-0f1af43fb747___RS_GLSp 4395.JPG,4,4,Cercospora_leaf_spot Gray_leaf_spot,Cercospora_leaf_spot Gray_leaf_spot,0.8998842
619ef04487016faf8d27266c24d0ef07,PV_data/Corn_(maize)___Cercospora_leaf_spot Gray_leaf_spot/a42e0a8a-560a-4659-96ed-3af63cf57b77___RS_GLSp 9313 copy.jpg,4,4,Cercospora_leaf_spot Gray_leaf_spot,Cercospora_leaf_spot Gray_leaf_spot,0.99740404
d369ac35a0dd5a082138fc0e058c393a,PV_data/Corn_(maize)___Cercospora_leaf_spot Gray_leaf_spot/a70422d5-9fb2-4d2f-9780-e341e8ea4c82___RS_GLSp 4380 copy.jpg,4,4,Cercospora_leaf_spot Gray_leaf_spot,Cercospora_leaf_spot Gray_leaf_spot,0.9868422
e12d488c66805163bb4665bfd9dda202,PV_data/Corn_(maize)___Cercospora_leaf_spot Gray_leaf_spot/aa264c7c-cdcf-4a82-aafb-65e9f076feea___RS_GLSp 4327.JPG,4,4,Cercospora_leaf_spot Gray_leaf_spot,Cercospora_leaf_spot Gray_leaf_spot,0.9740732
0e365f64e8b18439c5bcdc7e1b1c3b36,PV_data/Corn_(maize)___Cercospora_leaf_spot Gray_leaf_spot/aa2c6e9d-ce0f-4883-8b49-45412e96478d___RS_GLSp 7306.JPG,4,4,Cercospora_leaf_spot Gray_leaf_spot,Cercospora_leaf_spot Gray_leaf_spot,0.99115413
fb1c4ff2c7b59c2a98b2e411e7e728e8,PV_data/Corn_(maize)___Cercospora_leaf_spot Gray_leaf_spot/acbed711-885d-4f1d-986f-1fdf9b48cba5___RS_GLSp 7338.JPG,4,4,Cercospora_leaf_spot Gray_leaf_spot,Cercospora_leaf_spot Gray_leaf_spot,0.5863515
6923a6dc502c548ecbc6daf0395fbb8b,PV_data/Corn_(maize)___Cercospora_leaf_spot Gray_leaf_spot/aee8f52c-50c2-4327-8240-b8767ea8692d___RS_GLSp 9339.JPG,4,4,Cercospora_leaf_spot Gray_leaf_spot,Cercospora_leaf_spot Gray_leaf_spot,0.9754242
a4efdfa91c3d79b934526339f5f1a21f,PV_data/Corn_(maize)___Cercospora_leaf_spot Gray_leaf_spot/b2980d13-da6a-4475-bb60-abed664c5506___RS_GLSp 4678.JPG,4,4,Cercospora_leaf_spot Gray_leaf_spot,Cercospora_leaf_spot Gray_leaf_spot,0.6594052
95c133f51cf809d3d461739b381dcc4b,PV_data/Corn_(maize)___Cercospora_leaf_spot Gray_leaf_spot/c17a8d9b-f000-4df3-9673-444de04b7dbd___RS_GLSp 9309.JPG,4,4,Cercospora_leaf_spot Gray_leaf_spot,Cercospora_leaf_spot Gray_leaf_spot,0.99871624
af599eaf82dcc0877dfb2cc73690ff2f,PV_data/Corn_(maize)___Cercospora_leaf_spot Gray_leaf_spot/c43e45f2-4d0b-4a15-a598-d6e64c228981___RS_GLSp 4340.JPG,4,4,Cercospora_leaf_spot Gray_leaf_spot,Cercospora_leaf_spot Gray_leaf_spot,0.9905358
f7650baedfde4d0e9d2c39eaab6e3755,PV_data/Corn_(maize)___Cercospora_leaf_spot Gray_leaf_spot/c7b810f0-d451-4fe3-bc13-f1c89273e3e9___RS_GLSp 9331.JPG,4,4,Cercospora_leaf_spot Gray_leaf_spot,Cercospora_leaf_spot Gray_leaf_spot,0.99278754
2f398d786ae9aeadaaf7eccbe45c4615,PV_data/Corn_(maize)___Cercospora_leaf_spot Gray_leaf_spot/ca1f4a1f-eacf-4fa9-9649-32353c8cc164___RS_GLSp 7342.JPG,4,4,Cercospora_leaf_spot Gray_leaf_spot,Cercospora_leaf_spot Gray_leaf_spot,0.9513531
1a4c4ffd4be1d2127333417b14801485,PV_data/Corn_(maize)___Cercospora_leaf_spot Gray_leaf_spot/cb07e000-acb9-44cc-abda-a4549ebe6037___RS_GLSp 4417.JPG,4,4,Cercospora_leaf_spot Gray_leaf_spot,Cercospora_leaf_spot Gray_leaf_spot,0.7018853
f6d6cf389a057c060f81492566814ac7,PV_data/Corn_(maize)___Cercospora_leaf_spot Gray_leaf_spot/d007f0d4-30a4-4d9c-b193-09cef70b547b___RS_GLSp 4617 copy.jpg,4,12,Cercospora_leaf_spot Gray_leaf_spot,Northern_Leaf_Blight,0.9868687
5c0d3477487bb085cd1e011050848f72,PV_data/Corn_(maize)___Cercospora_leaf_spot Gray_leaf_spot/d20981e7-70ec-495a-9921-c48de5793822___RS_GLSp 4339.JPG,4,4,Cercospora_leaf_spot Gray_leaf_spot,Cercospora_leaf_spot Gray_leaf_spot,0.938678
41a5227121814a92249ab8e8e2ee962b,PV_data/Corn_(maize)___Cercospora_leaf_spot Gray_leaf_spot/d3e2528d-3e05-4dc0-bb6b-56dcf17d01d6___RS_GLSp 7316.JPG,4,4,Cercospora_leaf_spot Gray_leaf_spot,Cercospora_leaf_spot Gray_leaf_spot,0.9977864
cff00f6cee7111bc38b55090c9d25e9a,PV_data/Corn_(maize)___Cercospora_leaf_spot Gray_leaf_spot/e42bbd37-0236-423a-9d85-6f01e27e7d79___RS_GLSp 9324.JPG,4,4,Cercospora_leaf_spot Gray_leaf_spot,Cercospora_leaf_spot Gray_leaf_spot,0.9933728
8dc6821c28762502505e601ddf059403,PV_data/Corn_(maize)___Cercospora_leaf_spot Gray_leaf_spot/ed054cc0-58f1-4ca0-a369-2c04ffba43b0___RS_GLSp 4657.JPG,4,4,Cercospora_leaf_spot Gray_leaf_spot,Cercospora_leaf_spot Gray_leaf_spot,0.9968491
eaf8396c7b103f1b5974d8716eb42f0f,PV_data/Corn_(maize)___Cercospora_leaf_spot Gray_leaf_spot/ef36729c-29b1-4f29-b100-d2490a238842___RS_GLSp 4415.JPG,4,4,Cercospora_leaf_spot Gray_leaf_spot,Cercospora_leaf_spot Gray_leaf_spot,0.9884347
0166ea085b72d9933b7130af5fea4ca7,PV_data/Corn_(maize)___Cercospora_leaf_spot Gray_leaf_spot/f8101df7-db23-4241-9362-a00396806364___RS_GLSp 4336.JPG,4,12,Cercospora_leaf_spot Gray_leaf_spot,Northern_Leaf_Blight,0.9628597
78a78bacd115eed0ab5e80525794e2ec,PV_data/Corn_(maize)___Cercospora_leaf_spot Gray_leaf_spot/fd1e7be2-d635-4d70-85ac-f5d68ce7c2d1___RS_GLSp 4450 copy.jpg,4,4,Cercospora_leaf_spot Gray_leaf_spot,Cercospora_leaf_spot Gray_leaf_spot,0.93876964
cef5a107b5d73eaa83602a5881bc6c10,PV_data/Corn_(maize)___Common_rust_/RS_Rust 1565.JPG,5,5,Common_rust_,Common_rust_,1.0
8f851a978a91747b471e2c5e72602213,PV_data/Corn_(maize)___Common_rust_/RS_Rust 1573.JPG,5,5,Common_rust_,Common_rust_,1.0
0868ba2e54b71a446eea18eb057812fd,PV_data/Corn_(maize)___Common_rust_/RS_Rust 1598.JPG,5,5,Common_rust_,Common_rust_,1.0
23f21816ce61fed6facac8fe18abc8ab,PV_data/Corn_(maize)___Common_rust_/RS_Rust 1603.JPG,5,5,Common_rust_,Common_rust_,1.0
bae48b5d2e96f6a0a716219dc41ae224,PV_data/Corn_(maize)___Common_rust_/RS_Rust 1604.JPG,5,5,Common_rust_,Common_rust_,1.0
e59f00c61d2f0e8030155eae240c0ba0,PV_data/Corn_(maize)___Common_rust_/RS_Rust 1608.JPG,5,5,Common_rust_,Common_rust_,1.0
166212ead73b1bb1a364b7509627abe1,PV_data/Corn_(maize)___Common_rust_/RS_Rust 1634.JPG,5,5,Common_rust_,Common_rust_,1.0
55eb52ff1b356c5de7d100ad2350e22b,PV_data/Corn_(maize)___Common_rust_/RS_Rust 1636.JPG,5,5,Common_rust_,Common_rust_,1.0
0769d695b1c9606540a47ffb6c743da9,PV_data/Corn_(maize)___Common_rust_/RS_Rust 1639.JPG,5,5,Common_rust_,Common_rust_,1.0
1e515233bb619012af06e634290b6c15,PV_data/Corn_(maize)___Common_rust_/RS_Rust 1644.JPG,5,5,Common_rust_,Common_rust_,1.0
e0023d3be7959e777b3ee0d9137fbaa9,PV_data/Corn_(maize)___Common_rust_/RS_Rust 1661.JPG,5,5,Common_rust_,Common_rust_,1.0
3936275f39da94fadfe972f1fdffe533,PV_data/Corn_(maize)___Common_rust_/RS_Rust 1663.JPG,5,5,Common_rust_,Common_rust_,1.0
789749a68fc83c88259c94f33c45e70a,PV_data/Corn_(maize)___Common_rust_/RS_Rust 1670.JPG,5,5,Common_rust_,Common_rust_,1.0
5f846256e20e0a52ac64b49a4557658f,PV_data/Corn_(maize)___Common_rust_/RS_Rust 1688.JPG,5,5,Common_rust_,Common_rust_,1.0
47c09961bf48a95d13e638e7c5dd3757,PV_data/Corn_(maize)___Common_rust_/RS_Rust 1704.JPG,5,5,Common_rust_,Common_rust_,1.0
cd96cc5cf57af6e7b707e55f0605a465,PV_data/Corn_(maize)___Common_rust_/RS_Rust 1723.JPG,5,5,Common_rust_,Common_rust_,1.0
2e75360fa5c82fe289d8aceefdd893f7,PV_data/Corn_(maize)___Common_rust_/RS_Rust 1729.JPG,5,5,Common_rust_,Common_rust_,1.0
a73f665a9790ea9799837e733d20c748,PV_data/Corn_(maize)___Common_rust_/RS_Rust 1731.JPG,5,5,Common_rust_,Common_rust_,1.0
663a9ed6e5b89db3dc832115b4f9f879,PV_data/Corn_(maize)___Common_rust_/RS_Rust 1732.JPG,5,5,Common_rust_,Common_rust_,1.0
a48da2d077d8bc9eea3c7992ddad78b3,PV_data/Corn_(maize)___Common_rust_/RS_Rust 1743.JPG,5,5,Common_rust_,Common_rust_,1.0
cecb2c3139bb6ca1fc5d05b8031463ac,PV_data/Corn_(maize)___Common_rust_/RS_Rust 1747.JPG,5,5,Common_rust_,Common_rust_,1.0
6f677f1909a6815ff25262aeefbf411c,PV_data/Corn_(maize)___Common_rust_/RS_Rust 1749.JPG,5,5,Common_rust_,Common_rust_,1.0
336301ba53964e5639d8c8d571c0d144,PV_data/Corn_(maize)___Common_rust_/RS_Rust 1760.JPG,5,5,Common_rust_,Common_rust_,1.0
b679114eeed3c9f12cdf7edb22feeac5,PV_data/Corn_(maize)___Common_rust_/RS_Rust 1774.JPG,5,5,Common_rust_,Common_rust_,1.0
901145adb5e87fe82de051fb2aac984b,PV_data/Corn_(maize)___Common_rust_/RS_Rust 1784.JPG,5,5,Common_rust_,Common_rust_,1.0
45dc789ed38c85f9b1272210d43af83d,PV_data/Corn_(maize)___Common_rust_/RS_Rust 1785.JPG,5,5,Common_rust_,Common_rust_,1.0
e596ae8da97e9e8fd9370997d7fdf872,PV_data/Corn_(maize)___Common_rust_/RS_Rust 1790.JPG,5,5,Common_rust_,Common_rust_,1.0
926cd5043317a5942f4879631a136cff,PV_data/Corn_(maize)___Common_rust_/RS_Rust 1793.JPG,5,5,Common_rust_,Common_rust_,1.0
c9bc326e0992a1913bb3210d850aa332,PV_data/Corn_(maize)___Common_rust_/RS_Rust 1799.JPG,5,5,Common_rust_,Common_rust_,1.0
292a1ed257ccb1844517b7602f29cfea,PV_data/Corn_(maize)___Common_rust_/RS_Rust 1804.JPG,5,5,Common_rust_,Common_rust_,1.0
fcfec26e0195734ab484646c78442617,PV_data/Corn_(maize)___Common_rust_/RS_Rust 1806.JPG,5,5,Common_rust_,Common_rust_,1.0
26adb0e8b1974d1d9123e9ab53667ed7,PV_data/Corn_(maize)___Common_rust_/RS_Rust 1810.JPG,5,5,Common_rust_,Common_rust_,1.0
ac510f2af32956c5ad6927b4949d6d6f,PV_data/Corn_(maize)___Common_rust_/RS_Rust 1819.JPG,5,5,Common_rust_,Common_rust_,1.0
3df827dcc12656c5bbabf74622e54588,PV_data/Corn_(maize)___Common_rust_/RS_Rust 1823.JPG,5,5,Common_rust_,Common_rust_,1.0
04d2d8c4c9a75fb2109e1e2f1ad165e8,PV_data/Corn_(maize)___Common_rust_/RS_Rust 1832.JPG,5,5,Common_rust_,Common_rust_,1.0
e54095eb5d2943426ebe742e70673834,PV_data/Corn_(maize)___Common_rust_/RS_Rust 1834.JPG,5,5,Common_rust_,Common_rust_,1.0
630a33452ca89a715b849562ba3bef1a,PV_data/Corn_(maize)___Common_rust_/RS_Rust 1841.JPG,5,5,Common_rust_,Common_rust_,1.0
061de8f78905bc16873bd86c20c82f63,PV_data/Corn_(maize)___Common_rust_/RS_Rust 1864.JPG,5,5,Common_rust_,Common_rust_,1.0
6774ace69d3cc989c3c5d1e850ed1e75,PV_data/Corn_(maize)___Common_rust_/RS_Rust 1866.JPG,5,5,Common_rust_,Common_rust_,1.0
7aeb9591f87b73dcb91d540297f678ff,PV_data/Corn_(maize)___Common_rust_/RS_Rust 1874.JPG,5,5,Common_rust_,Common_rust_,1.0
c44bdbce5099b94488bb39c513de9c87,PV_data/Corn_(maize)___Common_rust_/RS_Rust 1882.JPG,5,5,Common_rust_,Common_rust_,1.0
3dbdf005f09737e5eb2eb605097857f5,PV_data/Corn_(maize)___Common_rust_/RS_Rust 1883.JPG,5,5,Common_rust_,Common_rust_,1.0
27b8c92f805455a6521130e57b90166f,PV_data/Corn_(maize)___Common_rust_/RS_Rust 1891.JPG,5,5,Common_rust_,Common_rust_,0.9999975
2420e6b0885fa117055f733045117a80,PV_data/Corn_(maize)___Common_rust_/RS_Rust 1893.JPG,5,5,Common_rust_,Common_rust_,1.0
53d118bba2926d31ae9c7014d5d20c56,PV_data/Corn_(maize)___Common_rust_/RS_Rust 1906.JPG,5,5,Common_rust_,Common_rust_,1.0
c44c7bad429d988519a6a26109eb47ac,PV_data/Corn_(maize)___Common_rust_/RS_Rust 1910.JPG,5,5,Common_rust_,Common_rust_,1.0
cb1f9a18574b5310ac45b4b7d81976b7,PV_data/Corn_(maize)___Common_rust_/RS_Rust 1912.JPG,5,5,Common_rust_,Common_rust_,1.0
0ef616c62ff80dad042152a051b7f9a5,PV_data/Corn_(maize)___Common_rust_/RS_Rust 1927.JPG,5,5,Common_rust_,Common_rust_,1.0
e9625b0cabffc3411e0be073178a7119,PV_data/Corn_(maize)___Common_rust_/RS_Rust 1932.JPG,5,5,Common_rust_,Common_rust_,1.0
7223fd6acf270e8ce4636ff65fab0f76,PV_data/Corn_(maize)___Common_rust_/RS_Rust 1944.JPG,5,5,Common_rust_,Common_rust_,0.99999976
ff6f648067b69ebb1c066317c065ef17,PV_data/Corn_(maize)___Common_rust_/RS_Rust 1949.JPG,5,12,Common_rust_,Northern_Leaf_Blight,0.9999403
359b706e2cd5fe57304b30ccd67118db,PV_data/Corn_(maize)___Common_rust_/RS_Rust 1954.JPG,5,5,Common_rust_,Common_rust_,1.0
e527f2cc2bceb665333f50dc1943114d,PV_data/Corn_(maize)___Common_rust_/RS_Rust 1966.JPG,5,5,Common_rust_,Common_rust_,1.0
4f6ff3af3123e4bdbfb416995cd7d6f7,PV_data/Corn_(maize)___Common_rust_/RS_Rust 1967.JPG,5,5,Common_rust_,Common_rust_,1.0
aad4529b2b3539e04dd1bea1d599c5bc,PV_data/Corn_(maize)___Common_rust_/RS_Rust 1969.JPG,5,5,Common_rust_,Common_rust_,1.0
9964e6d417e3df20672dcc4bc24d222f,PV_data/Corn_(maize)___Common_rust_/RS_Rust 1973.JPG,5,5,Common_rust_,Common_rust_,1.0
0fbb1fefd8a1bb90012c4d5e92b3cf5e,PV_data/Corn_(maize)___Common_rust_/RS_Rust 1974.JPG,5,5,Common_rust_,Common_rust_,1.0
6e7a3b8cb2aeb95e78fecac50d245c9a,PV_data/Corn_(maize)___Common_rust_/RS_Rust 1985.JPG,5,5,Common_rust_,Common_rust_,1.0
b77651c8fa4fbf750545d8426994ad7e,PV_data/Corn_(maize)___Common_rust_/RS_Rust 1987.JPG,5,5,Common_rust_,Common_rust_,1.0
d872949e2c98867994e06157fe8d35a6,PV_data/Corn_(maize)___Common_rust_/RS_Rust 1991.JPG,5,5,Common_rust_,Common_rust_,1.0
98e00a68e454d6ecc160ed1f8f7dfab1,PV_data/Corn_(maize)___Common_rust_/RS_Rust 2004.JPG,5,5,Common_rust_,Common_rust_,1.0
37f9402481cebce4c4c75497b1f1c60b,PV_data/Corn_(maize)___Common_rust_/RS_Rust 2005.JPG,5,5,Common_rust_,Common_rust_,1.0
017fa6abf97e8c22ed1519bc741b459b,PV_data/Corn_(maize)___Common_rust_/RS_Rust 2014.JPG,5,5,Common_rust_,Common_rust_,1.0
8d19c883d3ee6e870ffec24fbe95a5c8,PV_data/Corn_(maize)___Common_rust_/RS_Rust 2020.JPG,5,5,Common_rust_,Common_rust_,1.0
23a9ef33b679f34ee527f8fcf34fb957,PV_data/Corn_(maize)___Common_rust_/RS_Rust 2028.JPG,5,5,Common_rust_,Common_rust_,1.0
b6f0f9bf2606d0ac4f88184a2284b592,PV_data/Corn_(maize)___Common_rust_/RS_Rust 2035.JPG,5,5,Common_rust_,Common_rust_,1.0
872f107ebadaf902db520a86710a12c1,PV_data/Corn_(maize)___Common_rust_/RS_Rust 2038.JPG,5,5,Common_rust_,Common_rust_,1.0
026f943b0b900dd4df65cac5eb40ad2a,PV_data/Corn_(maize)___Common_rust_/RS_Rust 2040.JPG,5,5,Common_rust_,Common_rust_,1.0
ca37a7f488b0577310b92edb4c070e24,PV_data/Corn_(maize)___Common_rust_/RS_Rust 2042.JPG,5,5,Common_rust_,Common_rust_,1.0
9ee9ac57269a09d1a73720ce8f1b0cfe,PV_data/Corn_(maize)___Common_rust_/RS_Rust 2047.JPG,5,5,Common_rust_,Common_rust_,0.9999999
d9be48127e29145c4e833e6fd041f61f,PV_data/Corn_(maize)___Common_rust_/RS_Rust 2049.JPG,5,5,Common_rust_,Common_rust_,1.0
e8420a10f41a82e4b5a944dc6636961e,PV_data/Corn_(maize)___Common_rust_/RS_Rust 2057.JPG,5,5,Common_rust_,Common_rust_,1.0
a89d458ee20c4a9a6c8da66472c39413,PV_data/Corn_(maize)___Common_rust_/RS_Rust 2060.JPG,5,5,Common_rust_,Common_rust_,1.0
6deca49a520d7ecf8e9169f6d56b02bc,PV_data/Corn_(maize)___Common_rust_/RS_Rust 2063.JPG,5,5,Common_rust_,Common_rust_,1.0
cc6263631d378b88d7eea021ffcb5a2a,PV_data/Corn_(maize)___Common_rust_/RS_Rust 2064.JPG,5,5,Common_rust_,Common_rust_,1.0
c5c65f7d6b61a6c7d7ac910cd5353077,PV_data/Corn_(maize)___Common_rust_/RS_Rust 2074.JPG,5,5,Common_rust_,Common_rust_,0.9999126
47eef4a214efe52ad91ac7e92303fcfd,PV_data/Corn_(maize)___Common_rust_/RS_Rust 2079.JPG,5,5,Common_rust_,Common_rust_,1.0
ab4f6fe77d988f439d9e0dfc5562e6a2,PV_data/Corn_(maize)___Common_rust_/RS_Rust 2085.JPG,5,5,Common_rust_,Common_rust_,1.0
3476ffdd82499fc730bdd1a8a955f6a3,PV_data/Corn_(maize)___Common_rust_/RS_Rust 2086.JPG,5,5,Common_rust_,Common_rust_,0.99848413
8a6f996f9795ae000f6ed18586e21d4d,PV_data/Corn_(maize)___Common_rust_/RS_Rust 2089.JPG,5,5,Common_rust_,Common_rust_,1.0
46926f38478de3c59fb8fe6f46ee8423,PV_data/Corn_(maize)___Common_rust_/RS_Rust 2091.JPG,5,5,Common_rust_,Common_rust_,1.0
917e517c53c9415e254af05bf3f5587f,PV_data/Corn_(maize)___Common_rust_/RS_Rust 2095.JPG,5,5,Common_rust_,Common_rust_,1.0
938d570fdbe1907d96831f3f7b5ffba3,PV_data/Corn_(maize)___Common_rust_/RS_Rust 2097.JPG,5,5,Common_rust_,Common_rust_,1.0
e9ba83f069c1b5f4b1eeb1beb3ce3094,PV_data/Corn_(maize)___Common_rust_/RS_Rust 2107.JPG,5,5,Common_rust_,Common_rust_,1.0
0da77c1ba11d28cd09912db865c1b0e6,PV_data/Corn_(maize)___Common_rust_/RS_Rust 2110.JPG,5,5,Common_rust_,Common_rust_,1.0
78347b11ca0e768cdc65e006c644911d,PV_data/Corn_(maize)___Common_rust_/RS_Rust 2119.JPG,5,5,Common_rust_,Common_rust_,1.0
a3b648280a39e5974425f9e3d3961dba,PV_data/Corn_(maize)___Common_rust_/RS_Rust 2120.JPG,5,5,Common_rust_,Common_rust_,1.0
82c61dec498f66e5cf6f008e2432f5be,PV_data/Corn_(maize)___Common_rust_/RS_Rust 2132.JPG,5,5,Common_rust_,Common_rust_,1.0
c63d41c322f32153ff4032f957324444,PV_data/Corn_(maize)___Common_rust_/RS_Rust 2133.JPG,5,5,Common_rust_,Common_rust_,1.0
fd47487ee468a36165092e8435d00812,PV_data/Corn_(maize)___Common_rust_/RS_Rust 2139.JPG,5,5,Common_rust_,Common_rust_,1.0
e084edd19fdd85ed58dcfd84f51835c2,PV_data/Corn_(maize)___Common_rust_/RS_Rust 2148.JPG,5,5,Common_rust_,Common_rust_,1.0
8b6d50fcce495c6ac06d1badf61d0f8c,PV_data/Corn_(maize)___Common_rust_/RS_Rust 2151.JPG,5,5,Common_rust_,Common_rust_,0.9999906
c5430e99a53fdba893ee1f6d27acda88,PV_data/Corn_(maize)___Common_rust_/RS_Rust 2172.JPG,5,5,Common_rust_,Common_rust_,1.0
8fc59526ddcc80d6b5ba6b49aa3e05e4,PV_data/Corn_(maize)___Common_rust_/RS_Rust 2190.JPG,5,5,Common_rust_,Common_rust_,1.0
250005f0ce852a1ce6dfb62d29946225,PV_data/Corn_(maize)___Common_rust_/RS_Rust 2192.JPG,5,5,Common_rust_,Common_rust_,1.0
453c601dcd9f8a6566f61ea20163de29,PV_data/Corn_(maize)___Common_rust_/RS_Rust 2198.JPG,5,5,Common_rust_,Common_rust_,1.0
9976bde2abb2981c960cde220b9906d9,PV_data/Corn_(maize)___Common_rust_/RS_Rust 2202.JPG,5,5,Common_rust_,Common_rust_,1.0
28ccd81feff2dbfeafd448505e1636d7,PV_data/Corn_(maize)___Common_rust_/RS_Rust 2215.JPG,5,5,Common_rust_,Common_rust_,1.0
45fe5c3cf17096fac0e69b42afcd6e0f,PV_data/Corn_(maize)___Common_rust_/RS_Rust 2220.JPG,5,5,Common_rust_,Common_rust_,1.0
727286858bdfa6ca3f79f0c94217bc39,PV_data/Corn_(maize)___Common_rust_/RS_Rust 2225.JPG,5,5,Common_rust_,Common_rust_,0.9999995
66382b15a197883d7f52150de6c7185b,PV_data/Corn_(maize)___Common_rust_/RS_Rust 2233.JPG,5,5,Common_rust_,Common_rust_,1.0
e272c48c5b6c8ee5dac660c305724f8b,PV_data/Corn_(maize)___Common_rust_/RS_Rust 2248.JPG,5,5,Common_rust_,Common_rust_,1.0
2f365ea1c9d43da1a3b59c07b897a398,PV_data/Corn_(maize)___Common_rust_/RS_Rust 2255.JPG,5,5,Common_rust_,Common_rust_,1.0
423ecfcf75bb76dfc4955526ba82ad5e,PV_data/Corn_(maize)___Common_rust_/RS_Rust 2261.JPG,5,5,Common_rust_,Common_rust_,1.0
cd46f314044a6f058872453ccd32461b,PV_data/Corn_(maize)___Common_rust_/RS_Rust 2265.JPG,5,5,Common_rust_,Common_rust_,1.0
c7c442947dc6228f805c4bd1de80b2c6,PV_data/Corn_(maize)___Common_rust_/RS_Rust 2282.JPG,5,5,Common_rust_,Common_rust_,0.9999938
43f1b15676c5e10562af75a877d54500,PV_data/Corn_(maize)___Common_rust_/RS_Rust 2290.JPG,5,5,Common_rust_,Common_rust_,1.0
8775d1deeaa169e50764630b9994c294,PV_data/Corn_(maize)___Common_rust_/RS_Rust 2293.JPG,5,5,Common_rust_,Common_rust_,1.0
612727d1642ccc2313add47f60585b62,PV_data/Corn_(maize)___Common_rust_/RS_Rust 2295.JPG,5,5,Common_rust_,Common_rust_,1.0
ab18aaceddbd7901927635a460a75b26,PV_data/Corn_(maize)___Common_rust_/RS_Rust 2300.JPG,5,5,Common_rust_,Common_rust_,1.0
4d4465b5bd55401438ee5aac6c3d32d6,PV_data/Corn_(maize)___Common_rust_/RS_Rust 2301.JPG,5,5,Common_rust_,Common_rust_,1.0
9713ae6a9a3d00f3e7cbd7770d6b6f0d,PV_data/Corn_(maize)___Common_rust_/RS_Rust 2306.JPG,5,5,Common_rust_,Common_rust_,0.9999999
abcac5ed49972f136b27fd7554e2ece8,PV_data/Corn_(maize)___Common_rust_/RS_Rust 2316.JPG,5,5,Common_rust_,Common_rust_,0.99999046
3aec1fe65f50fba71deab5d9d24cd491,PV_data/Corn_(maize)___Common_rust_/RS_Rust 2318.JPG,5,5,Common_rust_,Common_rust_,1.0
f72810276c9cd523f0481bf26d0bf0fa,PV_data/Corn_(maize)___Common_rust_/RS_Rust 2329.JPG,5,5,Common_rust_,Common_rust_,1.0
fcc02cf0c34448397f812c13972c3727,PV_data/Corn_(maize)___Common_rust_/RS_Rust 2338.JPG,5,5,Common_rust_,Common_rust_,1.0
d5b12649fa131ea99fb799872a13ade2,PV_data/Corn_(maize)___Common_rust_/RS_Rust 2341.JPG,5,5,Common_rust_,Common_rust_,1.0
c556109a7d3e53f75396fee5c6500a7c,PV_data/Corn_(maize)___Common_rust_/RS_Rust 2347.JPG,5,5,Common_rust_,Common_rust_,1.0
735561b49c4a3e356f7dab41fdf9815a,PV_data/Corn_(maize)___Common_rust_/RS_Rust 2348.JPG,5,5,Common_rust_,Common_rust_,1.0
15ad0d20293074a3391be307e1bf1a8b,PV_data/Corn_(maize)___Common_rust_/RS_Rust 2350.JPG,5,5,Common_rust_,Common_rust_,1.0
0ccb76c360ac716c8f5a61a9b168152d,PV_data/Corn_(maize)___Common_rust_/RS_Rust 2351.JPG,5,5,Common_rust_,Common_rust_,1.0
008566aea486f330188ee1ef8d3d2269,PV_data/Corn_(maize)___Common_rust_/RS_Rust 2355.JPG,5,5,Common_rust_,Common_rust_,0.9999877
1467e29831ea6a9da99ac448d16a84b1,PV_data/Corn_(maize)___Common_rust_/RS_Rust 2362.JPG,5,5,Common_rust_,Common_rust_,1.0
587b8879a20d6df93dd3aeb7be1ac758,PV_data/Corn_(maize)___Common_rust_/RS_Rust 2365.JPG,5,5,Common_rust_,Common_rust_,1.0
5573fdf452e3710a21b3b3acd930c4e2,PV_data/Corn_(maize)___Common_rust_/RS_Rust 2395.JPG,5,5,Common_rust_,Common_rust_,1.0
bb051167350c3a46dc6bd43d68c09ffb,PV_data/Corn_(maize)___Common_rust_/RS_Rust 2400.JPG,5,5,Common_rust_,Common_rust_,1.0
bd1df594daa57053ae14a27971d5b5f7,PV_data/Corn_(maize)___Common_rust_/RS_Rust 2402.JPG,5,5,Common_rust_,Common_rust_,1.0
28ef13eb1865a28d3dcd79efc705a601,PV_data/Corn_(maize)___Common_rust_/RS_Rust 2406.JPG,5,5,Common_rust_,Common_rust_,1.0
1846d792fc8bef5c566cee792398851f,PV_data/Corn_(maize)___Common_rust_/RS_Rust 2417.JPG,5,5,Common_rust_,Common_rust_,1.0
9b9b0bf0c53bdd29cd659f26f1aff6ec,PV_data/Corn_(maize)___Common_rust_/RS_Rust 2425.JPG,5,5,Common_rust_,Common_rust_,1.0
df6205fcb290fc940087b828788a657c,PV_data/Corn_(maize)___Common_rust_/RS_Rust 2437.JPG,5,5,Common_rust_,Common_rust_,0.9999832
841eb73156c86591d01377d057c0cb24,PV_data/Corn_(maize)___Common_rust_/RS_Rust 2438.JPG,5,5,Common_rust_,Common_rust_,1.0
f65bf3750922b117e6a3ae013d69e2fe,PV_data/Corn_(maize)___Common_rust_/RS_Rust 2452.JPG,5,5,Common_rust_,Common_rust_,1.0
88b4ac615299a776f89b7704ba5cc3eb,PV_data/Corn_(maize)___Common_rust_/RS_Rust 2457.JPG,5,5,Common_rust_,Common_rust_,1.0
88ed27946e4b89b2ab781d3d19cf4644,PV_data/Corn_(maize)___Common_rust_/RS_Rust 2460.JPG,5,5,Common_rust_,Common_rust_,1.0
26b007b253accde2208e87bd0dd6c7d3,PV_data/Corn_(maize)___Common_rust_/RS_Rust 2462.JPG,5,5,Common_rust_,Common_rust_,1.0
6e314a355d5932a8c97713c195965a07,PV_data/Corn_(maize)___Common_rust_/RS_Rust 2468.JPG,5,5,Common_rust_,Common_rust_,1.0
943052554ab6890e5f0ecd449bdbae9f,PV_data/Corn_(maize)___Common_rust_/RS_Rust 2469.JPG,5,5,Common_rust_,Common_rust_,1.0
6e69027c8adc4a3da386da2986663360,PV_data/Corn_(maize)___Common_rust_/RS_Rust 2480.JPG,5,5,Common_rust_,Common_rust_,1.0
4044f775e0eccab6aa39480fbe230c81,PV_data/Corn_(maize)___Common_rust_/RS_Rust 2498.JPG,5,5,Common_rust_,Common_rust_,1.0
a523025e297ebf637c737ab196ad3814,PV_data/Corn_(maize)___Common_rust_/RS_Rust 2508.JPG,5,5,Common_rust_,Common_rust_,1.0
3d21f8cd3937eed373c0551985c7bd40,PV_data/Corn_(maize)___Common_rust_/RS_Rust 2516.JPG,5,5,Common_rust_,Common_rust_,1.0
2e3a1f83a9b3388441678db8529b22cc,PV_data/Corn_(maize)___Common_rust_/RS_Rust 2527.JPG,5,5,Common_rust_,Common_rust_,1.0
e5e8f0478727b47ee840e153916d69ae,PV_data/Corn_(maize)___Common_rust_/RS_Rust 2528.JPG,5,5,Common_rust_,Common_rust_,1.0
3c02c2b49c4a69e77b154a3ee9d7cd8e,PV_data/Corn_(maize)___Common_rust_/RS_Rust 2538.JPG,5,5,Common_rust_,Common_rust_,1.0
a113945f038e15dcbc207ed94dd68a9d,PV_data/Corn_(maize)___Common_rust_/RS_Rust 2540.JPG,5,5,Common_rust_,Common_rust_,1.0
ea95189b0ed83545caebe0589c945fda,PV_data/Corn_(maize)___Common_rust_/RS_Rust 2562.JPG,5,5,Common_rust_,Common_rust_,1.0
50b7a5e0f43316ee24407ee3813d0d3a,PV_data/Corn_(maize)___Common_rust_/RS_Rust 2563.JPG,5,5,Common_rust_,Common_rust_,1.0
94b30253c945bc467e57e6ab61d91d8a,PV_data/Corn_(maize)___Common_rust_/RS_Rust 2569.JPG,5,5,Common_rust_,Common_rust_,1.0
c0759ea9bb5f91de322c900f67c10766,PV_data/Corn_(maize)___Common_rust_/RS_Rust 2570.JPG,5,5,Common_rust_,Common_rust_,1.0
d6d6b5404ba13820baad47ab5e402070,PV_data/Corn_(maize)___Common_rust_/RS_Rust 2576.JPG,5,5,Common_rust_,Common_rust_,1.0
06c9d07048fe19bf5fd78f5efa48fff8,PV_data/Corn_(maize)___Common_rust_/RS_Rust 2582.JPG,5,5,Common_rust_,Common_rust_,1.0
9ba3fcc4496b2ea3c09ecc1b9014dc40,PV_data/Corn_(maize)___Common_rust_/RS_Rust 2589.JPG,5,5,Common_rust_,Common_rust_,1.0
12ef07ee1db49a93f247ff1ac3233c1a,PV_data/Corn_(maize)___Common_rust_/RS_Rust 2592.JPG,5,5,Common_rust_,Common_rust_,1.0
ebdea5a87da301d35e0df41bb07179f8,PV_data/Corn_(maize)___Common_rust_/RS_Rust 2612.JPG,5,5,Common_rust_,Common_rust_,1.0
6362975474d99421440386a8a22bfbcf,PV_data/Corn_(maize)___Common_rust_/RS_Rust 2618.JPG,5,5,Common_rust_,Common_rust_,1.0
79fa2c61bbad2ba085e75a61de67ce72,PV_data/Corn_(maize)___Common_rust_/RS_Rust 2619.JPG,5,5,Common_rust_,Common_rust_,1.0
4480f53f4fa6408a55e63b9304628de2,PV_data/Corn_(maize)___Common_rust_/RS_Rust 2623.JPG,5,5,Common_rust_,Common_rust_,1.0
931c1c495f09c6e437b36599830e27de,PV_data/Corn_(maize)___Common_rust_/RS_Rust 2631.JPG,5,5,Common_rust_,Common_rust_,0.99999964
a5de3856de8731d7456c4fe5a7205688,PV_data/Corn_(maize)___Common_rust_/RS_Rust 2645.JPG,5,5,Common_rust_,Common_rust_,1.0
23313404edf3403efc06fcb44543bcca,PV_data/Corn_(maize)___Common_rust_/RS_Rust 2646.JPG,5,5,Common_rust_,Common_rust_,1.0
d7a09a5106909aa2a8eab6198d3aaaf4,PV_data/Corn_(maize)___Common_rust_/RS_Rust 2649.JPG,5,5,Common_rust_,Common_rust_,1.0
cb0609195b77e92a31c78467a590293a,PV_data/Corn_(maize)___Common_rust_/RS_Rust 2651.JPG,5,5,Common_rust_,Common_rust_,1.0
0e879c2dcd620d01ebe0dc0f9db73d98,PV_data/Corn_(maize)___Common_rust_/RS_Rust 2662.JPG,5,5,Common_rust_,Common_rust_,1.0
87a0134564dca6e6eb4aff1e30cc415a,PV_data/Corn_(maize)___Common_rust_/RS_Rust 2669.JPG,5,5,Common_rust_,Common_rust_,1.0
110830a8df6622a93afa0c974c8409ad,PV_data/Corn_(maize)___Common_rust_/RS_Rust 2675.JPG,5,5,Common_rust_,Common_rust_,1.0
a2a106b5b3b58391e180c41a806e60d2,PV_data/Corn_(maize)___Common_rust_/RS_Rust 2676.JPG,5,5,Common_rust_,Common_rust_,1.0
00f7f14b359e2ca1e7223c7f21ca0ccc,PV_data/Corn_(maize)___Common_rust_/RS_Rust 2679.JPG,5,5,Common_rust_,Common_rust_,1.0
ae2eedc73a50435bdb5df58c969f7afd,PV_data/Corn_(maize)___Common_rust_/RS_Rust 2681.JPG,5,5,Common_rust_,Common_rust_,1.0
aaa4355913237651db2f0b893973a6c5,PV_data/Corn_(maize)___Common_rust_/RS_Rust 2690.JPG,5,5,Common_rust_,Common_rust_,1.0
e0bf41645f19314c3f90dc40703b2570,PV_data/Corn_(maize)___Common_rust_/RS_Rust 2699.JPG,5,5,Common_rust_,Common_rust_,1.0
567f5af47cedff3555808ca56e48788c,PV_data/Corn_(maize)___Common_rust_/RS_Rust 2703.JPG,5,5,Common_rust_,Common_rust_,1.0
53db6e774cd49807cd9ef92453b3e23c,PV_data/Corn_(maize)___Common_rust_/RS_Rust 2704.JPG,5,5,Common_rust_,Common_rust_,1.0
a570426628e4eb7bc002a9199845ecbf,PV_data/Corn_(maize)___Common_rust_/RS_Rust 2715.JPG,5,5,Common_rust_,Common_rust_,1.0
0dac2e6d58c71a093fa49002c1754adf,PV_data/Corn_(maize)___Common_rust_/RS_Rust 2717.JPG,5,5,Common_rust_,Common_rust_,1.0
bfac74139b8de048b0220fc6ceec4435,PV_data/Corn_(maize)___Common_rust_/RS_Rust 2724.JPG,5,5,Common_rust_,Common_rust_,0.99999976
0dbe5c5f92a619a54ec821f30f3e8466,PV_data/Corn_(maize)___Common_rust_/RS_Rust 2725.JPG,5,5,Common_rust_,Common_rust_,1.0
196a2684eecd0c60b967c878577accf6,PV_data/Corn_(maize)___Common_rust_/RS_Rust 2737.JPG,5,5,Common_rust_,Common_rust_,1.0
4664ba1ba28293c2bee3b416c573dbf0,PV_data/Corn_(maize)___Common_rust_/RS_Rust 2761.JPG,5,5,Common_rust_,Common_rust_,1.0
d2cc29e468425ce2e3639e2955209b71,PV_data/Corn_(maize)___Northern_Leaf_Blight/033219ed-54a8-4f95-ab72-c87b90189006___RS_NLB 3818 copy 2.jpg,12,12,Northern_Leaf_Blight,Northern_Leaf_Blight,0.9975798
f66d5b158d7da7f4d0003697d66d9967,PV_data/Corn_(maize)___Northern_Leaf_Blight/07d88aa9-1c25-46c9-a48a-85db9d970905___RS_NLB 3976.JPG,12,12,Northern_Leaf_Blight,Northern_Leaf_Blight,0.99997365
97e82509f54aadc9b78219d2adc03745,PV_data/Corn_(maize)___Northern_Leaf_Blight/07f5df82-5df0-446f-a13a-d35a2ef9b2df___RS_NLB 4226.JPG,12,12,Northern_Leaf_Blight,Northern_Leaf_Blight,0.9999989
33068d39afe585e572a31f3807268fdd,PV_data/Corn_(maize)___Northern_Leaf_Blight/09160fba-83ce-4cec-887f-dce0abb79d08___RS_NLB 0832.JPG,12,12,Northern_Leaf_Blight,Northern_Leaf_Blight,0.99999344
cc8836e6fbbc1abee30a5346d58a6998,PV_data/Corn_(maize)___Northern_Leaf_Blight/0be917c7-7340-40f3-af7f-3343a45d7621___RS_NLB 3942 copy.jpg,12,12,Northern_Leaf_Blight,Northern_Leaf_Blight,0.998281
ac58d9fb1a6b71137d38ae6fdc85bdef,PV_data/Corn_(maize)___Northern_Leaf_Blight/0cf406f1-3004-4e13-87cb-e6bc02f67e51___RS_NLB 3566.JPG,12,12,Northern_Leaf_Blight,Northern_Leaf_Blight,0.99985695
534468cfca3645b2e9fce0e699ffae40,PV_data/Corn_(maize)___Northern_Leaf_Blight/0da79f56-07f6-4494-a5ba-9722919ee8ad___RS_NLB 3962 copy.jpg,12,12,Northern_Leaf_Blight,Northern_Leaf_Blight,0.9999784
bcd6d9c695a9194bd1fb9f84a12636cc,PV_data/Corn_(maize)___Northern_Leaf_Blight/0e4a16ba-4a67-4d0d-8c54-79108e3ddae2___RS_NLB 4165.JPG,12,12,Northern_Leaf_Blight,Northern_Leaf_Blight,0.9976586
1af2f9a321eba6affb6a3db591f17676,PV_data/Corn_(maize)___Northern_Leaf_Blight/11d96d18-2ccd-488d-a831-266871ee59b5___RS_NLB 4124.JPG,12,12,Northern_Leaf_Blight,Northern_Leaf_Blight,0.89419216
a9152f112ba3be3134ec99bba68a2b85,PV_data/Corn_(maize)___Northern_Leaf_Blight/11e65380-6628-446b-91af-ae42d998d5ff___RS_NLB 4220.JPG,12,12,Northern_Leaf_Blight,Northern_Leaf_Blight,0.99998903
5536f493178eb744a7170bab22d2a164,PV_data/Corn_(maize)___Northern_Leaf_Blight/1268904c-797f-4e33-bb41-afb58f369c6b___RS_NLB 3755.JPG,12,12,Northern_Leaf_Blight,Northern_Leaf_Blight,0.9999999
72cd3e30e2d2a0765440163cb1bf3892,PV_data/Corn_(maize)___Northern_Leaf_Blight/143ff440-2efd-4bc9-8312-265363c0872f___RS_NLB 3625.JPG,12,12,Northern_Leaf_Blight,Northern_Leaf_Blight,0.9999963
fdadbb70d271e288cc81a1184169477c,PV_data/Corn_(maize)___Northern_Leaf_Blight/15484387-5b5e-4248-928b-f5d4c98e8133___RS_NLB 3479.JPG,12,12,Northern_Leaf_Blight,Northern_Leaf_Blight,0.9999957
fea0b2da4335032113351d3b833942ae,PV_data/Corn_(maize)___Northern_Leaf_Blight/1ca58163-0570-48af-bdef-2fd3a751dc0a___RS_NLB 3927.JPG,12,12,Northern_Leaf_Blight,Northern_Leaf_Blight,0.99972254
0be7c12c37b8da0ce2df73a9548df282,PV_data/Corn_(maize)___Northern_Leaf_Blight/1eb43526-92fa-4fbd-b09c-899511d7a79c___RS_NLB 4039.JPG,12,12,Northern_Leaf_Blight,Northern_Leaf_Blight,0.9998393
012bc85a3140f301f5febc079e3704fb,PV_data/Corn_(maize)___Northern_Leaf_Blight/22d215df-2361-481f-b3a7-27e3e2d5cebb___RS_NLB 3587.JPG,12,12,Northern_Leaf_Blight,Northern_Leaf_Blight,0.99998915
5facd168b8b3bea8304c75488c523b06,PV_data/Corn_(maize)___Northern_Leaf_Blight/2646db6b-dba9-4de7-b569-adbc96d3f127___RS_NLB 4269 copy.jpg,12,12,Northern_Leaf_Blight,Northern_Leaf_Blight,0.99996066
649f6e7038cee52b0e85137d002e5c81,PV_data/Corn_(maize)___Northern_Leaf_Blight/29450131-41f6-4bd4-92c7-c4973ae445da___RS_NLB 3787 copy 2.jpg,12,4,Northern_Leaf_Blight,Cercospora_leaf_spot Gray_leaf_spot,0.76796484
24a6a22d63435be4cf1baf7ae35ce39c,PV_data/Corn_(maize)___Northern_Leaf_Blight/2bad1ec2-1bd5-431c-919d-31247d9f32e2___RS_NLB 4180.JPG,12,12,Northern_Leaf_Blight,Northern_Leaf_Blight,0.9975056
86ba70fcabd32cbe149c0ccf2acfd693,PV_data/Corn_(maize)___Northern_Leaf_Blight/2ea20efb-b8d6-4ff9-8e72-418fd4a239f0___RS_NLB 4022.JPG,12,12,Northern_Leaf_Blight,Northern_Leaf_Blight,0.9999982
45c5d7a4ac152f008e182b45887c04a9,PV_data/Corn_(maize)___Northern_Leaf_Blight/2f80ba76-4fdc-41cd-9b6d-4b1255a29b83___RS_NLB 3687.JPG,12,12,Northern_Leaf_Blight,Northern_Leaf_Blight,0.9951159
47977646f763a16a031c99ded216afc2,PV_data/Corn_(maize)___Northern_Leaf_Blight/30f2767e-d618-41c6-ae4f-d7ddf806318b___RS_NLB 4068.JPG,12,12,Northern_Leaf_Blight,Northern_Leaf_Blight,0.99998796
b6f5a9f28695b1d164f00860af4749b2,PV_data/Corn_(maize)___Northern_Leaf_Blight/3103f262-0222-41f6-9ce3-8f18e8aa855c___RS_NLB 4243.JPG,12,12,Northern_Leaf_Blight,Northern_Leaf_Blight,0.99996567
c823434350484ac879cf733299712b5f,PV_data/Corn_(maize)___Northern_Leaf_Blight/31a49b40-0f0a-496d-a3bc-cf566bbbe845___RS_NLB 3568.JPG,12,12,Northern_Leaf_Blight,Northern_Leaf_Blight,0.99992704
834eaef72adb38b1bd2a5b8373d6446b,PV_data/Corn_(maize)___Northern_Leaf_Blight/361f06a6-6dbc-4ea0-b954-c3a1e6b9b481___RS_NLB 3653.JPG,12,12,Northern_Leaf_Blight,Northern_Leaf_Blight,0.9924379
405fa626b3d06dc293242085a1c7a301,PV_data/Corn_(maize)___Northern_Leaf_Blight/369b969a-f820-40ec-a43c-7500df90e6d1___RS_NLB 3615.JPG,12,12,Northern_Leaf_Blight,Northern_Leaf_Blight,0.9017948
77dbb8d6763380c208eda1632d02891b,PV_data/Corn_(maize)___Northern_Leaf_Blight/36c5fd81-d688-4013-8635-19d0fd14eeb9___RS_NLB 4666.JPG,12,12,Northern_Leaf_Blight,Northern_Leaf_Blight,0.9988825
086d00cec5fb8057a5056c6665d07140,PV_data/Corn_(maize)___Northern_Leaf_Blight/39adac5b-ad7c-4ebd-b1de-a583229cc845___RS_NLB 4244.JPG,12,12,Northern_Leaf_Blight,Northern_Leaf_Blight,0.9883288
d4a5fb5d8c2d10e7ca2bff41a98a3257,PV_data/Corn_(maize)___Northern_Leaf_Blight/39facd4b-a088-4d14-8261-5e54beabc108___RS_NLB 4201.JPG,12,12,Northern_Leaf_Blight,Northern_Leaf_Blight,0.9999989
13a872b2dd88303e52543658c215b73a,PV_data/Corn_(maize)___Northern_Leaf_Blight/3ddba6ba-0467-45e1-b3d7-24b97ee2c767___RS_NLB 3720.JPG,12,12,Northern_Leaf_Blight,Northern_Leaf_Blight,0.9996894
e79aab5dc1149eaa258fbd4be22ec240,PV_data/Corn_(maize)___Northern_Leaf_Blight/42a931c8-e325-4d2b-9cc8-14babf382689___RS_NLB 4023 copy 2.jpg,12,12,Northern_Leaf_Blight,Northern_Leaf_Blight,0.9999994
12ef2196d9a8cfaea490fef69f294a85,PV_data/Corn_(maize)___Northern_Leaf_Blight/4376c828-f03e-4953-a2db-bd6405eadc68___RS_NLB 4061 copy 2.jpg,12,12,Northern_Leaf_Blight,Northern_Leaf_Blight,0.99649763
e12b009ea1e243d2780099986d27d5c8,PV_data/Corn_(maize)___Northern_Leaf_Blight/474797d0-3298-4480-ba05-7c49026ffbbf___RS_NLB 3529.JPG,12,12,Northern_Leaf_Blight,Northern_Leaf_Blight,0.9999999
94890d048339d714f6fb63ad9a87db12,PV_data/Corn_(maize)___Northern_Leaf_Blight/47e485da-d2e2-440f-ab6a-b17bcb0a83cb___RS_NLB 0808.JPG,12,12,Northern_Leaf_Blight,Northern_Leaf_Blight,0.99504596
6738d8893c33ffed8e85d971cb45f304,PV_data/Corn_(maize)___Northern_Leaf_Blight/4947341e-7e47-406b-a0ea-e1eb61a3a480___RS_NLB 3902.JPG,12,12,Northern_Leaf_Blight,Northern_Leaf_Blight,0.52164483
756ddb521067340500e8b5aece66489d,PV_data/Corn_(maize)___Northern_Leaf_Blight/496510d6-dd7c-4dda-8379-d66a89b1b42f___RS_NLB 3793.JPG,12,12,Northern_Leaf_Blight,Northern_Leaf_Blight,0.9922381
cb82088b7948619aba14c6aa50b03a1e,PV_data/Corn_(maize)___Northern_Leaf_Blight/4af2c376-1e04-4649-85f2-a2c69463388e___RS_NLB 0759 copy 2.jpg,12,12,Northern_Leaf_Blight,Northern_Leaf_Blight,0.9999969
e5f7537986d1a08d915c9ae05122ca37,PV_data/Corn_(maize)___Northern_Leaf_Blight/4b79b80a-6ad9-41b3-9d6a-7b493c5c75a0___RS_NLB 4258.JPG,12,12,Northern_Leaf_Blight,Northern_Leaf_Blight,0.99998236
d78e733ad6b63a8c24025f8667f07085,PV_data/Corn_(maize)___Northern_Leaf_Blight/4d8cfcae-64e2-49e0-964f-01f6b39a23b4___RS_NLB 3631.JPG,12,12,Northern_Leaf_Blight,Northern_Leaf_Blight,0.9999995
a5c28587f29ed0292d45ade9023f73e5,PV_data/Corn_(maize)___Northern_Leaf_Blight/4ef8e489-cafb-4d59-9fc9-00f8087f0cac___RS_NLB 4172.JPG,12,12,Northern_Leaf_Blight,Northern_Leaf_Blight,0.9982297
305dac05436fedc63af00a1a273eec1d,PV_data/Corn_(maize)___Northern_Leaf_Blight/534e86f0-1e17-4fa0-b042-b0b26ab53eb4___RS_NLB 3745.JPG,12,12,Northern_Leaf_Blight,Northern_Leaf_Blight,0.9999162
42b34a189b2be09cd0031ccc9d4220ca,PV_data/Corn_(maize)___Northern_Leaf_Blight/5586393a-7c4f-458c-86b2-13673384a87a___RS_NLB 3496.JPG,12,12,Northern_Leaf_Blight,Northern_Leaf_Blight,0.9999758
a76b7b513c81f25561e89d5f211688fe,PV_data/Corn_(maize)___Northern_Leaf_Blight/56a583b2-13e9-4b37-9afb-473a2146889f___RS_NLB 4210.JPG,12,12,Northern_Leaf_Blight,Northern_Leaf_Blight,0.99996924
7ff882d4e6785336a435355ebf20fa02,PV_data/Corn_(maize)___Northern_Leaf_Blight/571927a9-3b0a-4c5e-be0b-a3c9859d66fa___RS_NLB  4443 copy 3.jpg,12,12,Northern_Leaf_Blight,Northern_Leaf_Blight,0.99999404
2415e3ada950d637919db422abd11515,PV_data/Corn_(maize)___Northern_Leaf_Blight/571d15d7-e0eb-43f4-aca7-abcdcf1e80a5___RS_NLB 4213.JPG,12,12,Northern_Leaf_Blight,Northern_Leaf_Blight,0.99992394
110d3ea2b110f2f6deea2e2a8b7a52b1,PV_data/Corn_(maize)___Northern_Leaf_Blight/59b2026f-6b96-4a60-9461-6da43560b2df___RS_NLB 0811.JPG,12,12,Northern_Leaf_Blight,Northern_Leaf_Blight,0.99999905
b77b82d994656c80292924114a55fc50,PV_data/Corn_(maize)___Northern_Leaf_Blight/59bc212e-6b39-4712-b9c9-6edc3fa3e05f___RS_NLB 3604 copy 2.jpg,12,12,Northern_Leaf_Blight,Northern_Leaf_Blight,0.99361646
0486154d9beb447c31c1bc478cf9d418,PV_data/Corn_(maize)___Northern_Leaf_Blight/59d0b355-5722-4c98-9498-83264f1e9a84___RS_NLB 4020 copy 2.jpg,12,12,Northern_Leaf_Blight,Northern_Leaf_Blight,0.99585646
a2b46716d398f1db5f05a8e9233e7e98,PV_data/Corn_(maize)___Northern_Leaf_Blight/5a2e998f-6157-42a7-a2b3-bfb972a8c94e___RS_NLB 4111.JPG,12,12,Northern_Leaf_Blight,Northern_Leaf_Blight,0.9997402
5c5d34ceb1645f3b14142cb01b7fffd4,PV_data/Corn_(maize)___Northern_Leaf_Blight/5c203214-e08c-4af1-9b9a-0d947c6f4741___RS_NLB 4155.JPG,12,12,Northern_Leaf_Blight,Northern_Leaf_Blight,0.9999573
b5b63e69c40ce775c574dcd68c58b788,PV_data/Corn_(maize)___Northern_Leaf_Blight/5d204d2a-292f-4862-a704-cb03145ca5b1___RS_NLB 4057.JPG,12,12,Northern_Leaf_Blight,Northern_Leaf_Blight,0.9644691
dc49184a6fdd78fc1cc8f420ccd7ed67,PV_data/Corn_(maize)___Northern_Leaf_Blight/60fb1e70-5368-4b1f-ab46-12c5add010e6___RS_NLB 3839.JPG,12,12,Northern_Leaf_Blight,Northern_Leaf_Blight,0.9999325
38945fe9d68e196a8a34113ae2ae62aa,PV_data/Corn_(maize)___Northern_Leaf_Blight/6150b5d0-047c-4f46-8832-9760d8359730___RS_NLB 3669.JPG,12,12,Northern_Leaf_Blight,Northern_Leaf_Blight,0.9999918
ce972169d65be22557279bc5e2b83d11,PV_data/Corn_(maize)___Northern_Leaf_Blight/6313736d-ff6e-4180-8f38-8c9e635d9da9___RS_NLB 3865.JPG,12,12,Northern_Leaf_Blight,Northern_Leaf_Blight,0.9999982
da91b8dd001c6576817e5ef50b9a40d3,PV_data/Corn_(maize)___Northern_Leaf_Blight/63d75f8e-ad04-46d0-bc14-9c40a6961a80___RS_NLB 4185.JPG,12,12,Northern_Leaf_Blight,Northern_Leaf_Blight,0.999997
0b53b9c7da398cb19637217f399f4ed2,PV_data/Corn_(maize)___Northern_Leaf_Blight/653a38de-840f-4905-83f2-34a96410bb99___RS_NLB 3853 copy 2.jpg,12,12,Northern_Leaf_Blight,Northern_Leaf_Blight,0.99836177
f6897a3d451e552be5edd2838031421d,PV_data/Corn_(maize)___Northern_Leaf_Blight/6578fc09-44ed-4f4b-8ba9-d420a169e824___RS_NLB 3983.JPG,12,12,Northern_Leaf_Blight,Northern_Leaf_Blight,0.9876445
d3eafad4f61e14838e13a2c261529500,PV_data/Corn_(maize)___Northern_Leaf_Blight/6880b763-1f12-4d80-9aa8-a2b8eecaed1a___RS_NLB 3543.JPG,12,12,Northern_Leaf_Blight,Northern_Leaf_Blight,0.99985313
4c52fa34c9a4598ac65e1aa0dd4be302,PV_data/Corn_(maize)___Northern_Leaf_Blight/699c9da1-1968-469b-aab5-35b9856c04b4___RS_NLB 3776.JPG,12,12,Northern_Leaf_Blight,Northern_Leaf_Blight,0.99979675
a3a76ec481a4ef08f29423338d8ff99c,PV_data/Corn_(maize)___Northern_Leaf_Blight/6a43e0eb-5366-4170-9782-12c16a853d04___RS_NLB 3519.JPG,12,12,Northern_Leaf_Blight,Northern_Leaf_Blight,0.99999917
0cf871783ee02af5a9698cad6e9bb292,PV_data/Corn_(maize)___Northern_Leaf_Blight/6c8c49d0-1730-4829-aa21-ccff3079881e___RS_NLB 3540.JPG,12,12,Northern_Leaf_Blight,Northern_Leaf_Blight,0.99996686
e4bf9d25b3d4f392c46bdc79f17472f2,PV_data/Corn_(maize)___Northern_Leaf_Blight/6de48e30-eda0-403a-b24a-74642b4d9825___RS_NLB 4186.JPG,12,12,Northern_Leaf_Blight,Northern_Leaf_Blight,0.999969
e501b387447fc33d0e8ab785381c12ab,PV_data/Corn_(maize)___Northern_Leaf_Blight/6e9d79b9-3d43-4e52-86b9-e131d62407ec___RS_NLB 3743.JPG,12,12,Northern_Leaf_Blight,Northern_Leaf_Blight,0.9999813
5a312736968f12dd6e1ab8b8826c27c5,PV_data/Corn_(maize)___Northern_Leaf_Blight/6f24eec3-fd4e-478f-9688-717515242cea___RS_NLB 4278.JPG,12,12,Northern_Leaf_Blight,Northern_Leaf_Blight,0.9999969
6620c802caa38ac9b6a3ffb029c98704,PV_data/Corn_(maize)___Northern_Leaf_Blight/6f25e428-12b2-43ab-ad91-6e20df3c35af___RS_NLB 3899.JPG,12,12,Northern_Leaf_Blight,Northern_Leaf_Blight,0.7182178
f9678048ad17c3d6bb3aa0b2afa498f4,PV_data/Corn_(maize)___Northern_Leaf_Blight/7325478b-3516-4cb0-8635-57f785b6262d___RS_NLB 4109.JPG,12,12,Northern_Leaf_Blight,Northern_Leaf_Blight,0.99999654
afcfe310bcd3e6b3581e6460752b74f7,PV_data/Corn_(maize)___Northern_Leaf_Blight/739f7cf2-2f79-473b-864f-1a35916dc5a7___RS_NLB 4094.JPG,12,12,Northern_Leaf_Blight,Northern_Leaf_Blight,0.99976236
fb062ebfa8c5c0a708af7fde5300b545,PV_data/Corn_(maize)___Northern_Leaf_Blight/75bae5d9-4007-4f94-94f9-7fc9e7fd4ad5___RS_NLB 4132.JPG,12,12,Northern_Leaf_Blight,Northern_Leaf_Blight,0.9999975
d9e5a3b0a66f13f122d6fa3406981ee7,PV_data/Corn_(maize)___Northern_Leaf_Blight/7856bc05-e462-4f51-b945-b2801236d17c___RS_NLB 3881.JPG,12,12,Northern_Leaf_Blight,Northern_Leaf_Blight,0.9989724
6b461812c4c33f8cd34829eb4510c543,PV_data/Corn_(maize)___Northern_Leaf_Blight/7a424cb3-7a0b-4ec7-9560-1f040db08639___RS_NLB 3963.JPG,12,12,Northern_Leaf_Blight,Northern_Leaf_Blight,0.9998424
6ea1d87d22362b49ebaa2b8b66c86c9d,PV_data/Corn_(maize)___Northern_Leaf_Blight/7cb45f15-0315-4cb4-88fa-c0bcef1a5a73___RS_NLB 0777.JPG,12,12,Northern_Leaf_Blight,Northern_Leaf_Blight,0.999992
589ccd4587d74d436238a47e1d91b0ad,PV_data/Corn_(maize)___Northern_Leaf_Blight/7e4e9a08-b9c5-46ec-b92b-ebd0cade32e3___RS_NLB 3942.JPG,12,12,Northern_Leaf_Blight,Northern_Leaf_Blight,0.999959
892f2480009106622e989bf76103d8f7,PV_data/Corn_(maize)___Northern_Leaf_Blight/8084d22b-8026-4f2a-9820-2e4f4aba659f___RS_NLB 3520.JPG,12,12,Northern_Leaf_Blight,Northern_Leaf_Blight,0.9989151
6ef3ea7b02ee398c98f66b525fae5fb5,PV_data/Corn_(maize)___Northern_Leaf_Blight/813ee203-b638-4b3e-af2f-237218a58b8d___RS_NLB 4157.JPG,12,12,Northern_Leaf_Blight,Northern_Leaf_Blight,0.99999833
e31aa7144d6a05002bce61e1a592d311,PV_data/Corn_(maize)___Northern_Leaf_Blight/81d3043b-914e-47fb-b681-a73900025e2a___RS_NLB 3958.JPG,12,12,Northern_Leaf_Blight,Northern_Leaf_Blight,0.99958307
9be6b433c481f8e59f3d61b60d1424a9,PV_data/Corn_(maize)___Northern_Leaf_Blight/82cbd4a0-2616-4375-addc-ad4a83ef95ec___RS_NLB 3595.JPG,12,12,Northern_Leaf_Blight,Northern_Leaf_Blight,0.99989545
134779e17922eb87c346e1b9d526b2fa,PV_data/Corn_(maize)___Northern_Leaf_Blight/86062894-9b3a-475f-b321-28b4cf9074ae___RS_NLB 3903.JPG,12,12,Northern_Leaf_Blight,Northern_Leaf_Blight,0.80816454
4384b2edefbbd6dbccc822aa9ffe1de6,PV_data/Corn_(maize)___Northern_Leaf_Blight/89926d8f-aad1-4918-9d37-e1f3e0a4c6b6___RS_NLB 3861.JPG,12,12,Northern_Leaf_Blight,Northern_Leaf_Blight,0.9999937
42b6d4a02402427c143e62f38d0e7dda,PV_data/Corn_(maize)___Northern_Leaf_Blight/8bfe3fc0-c082-49e0-98b0-ff84aee8595e___RS_NLB 3842.JPG,12,5,Northern_Leaf_Blight,Common_rust_,0.65417165
4c0948e323db52868b70db79e0fb8e66,PV_data/Corn_(maize)___Northern_Leaf_Blight/8c3fa556-9a06-4f43-bfe6-17bcfabb1d8e___RS_NLB 0809.JPG,12,12,Northern_Leaf_Blight,Northern_Leaf_Blight,1.0
aba56366ac2f50366f838904bc44ea5c,PV_data/Corn_(maize)___Northern_Leaf_Blight/8f9ac1a8-f91f-4895-ba02-a2ff696fa43e___RS_NLB 3486.JPG,12,12,Northern_Leaf_Blight,Northern_Leaf_Blight,0.966155
298fe138a4d2470a589cb40a6f04a831,PV_data/Corn_(maize)___Northern_Leaf_Blight/90dd4436-0614-4f6b-ad3b-b8db56ce4de8___RS_NLB  4673.JPG,12,4,Northern_Leaf_Blight,Cercospora_leaf_spot Gray_leaf_spot,0.9363898
5b6bddd8de408e6a98c018235bb225c9,PV_data/Corn_(maize)___Northern_Leaf_Blight/94c9fcc4-a643-4a7e-b56e-5a952bb7c791___RS_NLB 3999.JPG,12,12,Northern_Leaf_Blight,Northern_Leaf_Blight,0.87963057
892045832ed7e4fe13d24018544e9c3c,PV_data/Corn_(maize)___Northern_Leaf_Blight/9545cf19-5eb2-48ca-ba90-2117f1d3af49___RS_NLB 3792.JPG,12,12,Northern_Leaf_Blight,Northern_Leaf_Blight,0.99814546
73db53326d6ca74a2364933a48598ee3,PV_data/Corn_(maize)___Northern_Leaf_Blight/95b2bcb7-56f0-47e0-82d1-7328e6863de9___RS_NLB 0787.JPG,12,12,Northern_Leaf_Blight,Northern_Leaf_Blight,0.57959944
30d66c7a7fea291413da6d63797b977a,PV_data/Corn_(maize)___Northern_Leaf_Blight/9617c741-671f-4193-bf4d-de62642d7d85___RS_NLB 4064.JPG,12,12,Northern_Leaf_Blight,Northern_Leaf_Blight,0.9984087
ac51ece3e5956ed60d6e814f0c20b85a,PV_data/Corn_(maize)___Northern_Leaf_Blight/9a4feadf-4940-4c42-9dd8-18f0e98c4c58___RS_NLB 3539.JPG,12,12,Northern_Leaf_Blight,Northern_Leaf_Blight,0.9999304
d98df6714ca4934d298a9471069640f6,PV_data/Corn_(maize)___Northern_Leaf_Blight/9b49dc45-f159-4d0e-af91-daa06f792e8b___RS_NLB 0797.JPG,12,12,Northern_Leaf_Blight,Northern_Leaf_Blight,0.99999785
d20841a2b3e4a1f0f5b5f161bf4e3ada,PV_data/Corn_(maize)___Northern_Leaf_Blight/9b687075-05f7-43ad-86f3-3c0a784743ab___RS_NLB 3909.JPG,12,12,Northern_Leaf_Blight,Northern_Leaf_Blight,0.99967283
7601b205ceb3502f7a53258fdbdde3a6,PV_data/Corn_(maize)___Northern_Leaf_Blight/9dffdf42-2221-4cab-8228-35b011956849___RS_NLB 3567.JPG,12,12,Northern_Leaf_Blight,Northern_Leaf_Blight,0.9969434
64edc2b08b111ea449f7ba21c94af5a9,PV_data/Corn_(maize)___Northern_Leaf_Blight/9e99be96-fd57-4fee-930c-340ccdad9a20___RS_NLB 4178.JPG,12,12,Northern_Leaf_Blight,Northern_Leaf_Blight,0.9855014
7a0a9d7a3988b782bb8d57ae150819fb,PV_data/Corn_(maize)___Northern_Leaf_Blight/9fec4d0d-462f-4b8f-8731-be6961908639___RS_NLB 3612.JPG,12,12,Northern_Leaf_Blight,Northern_Leaf_Blight,1.0
073f86cbc942aa1847a76c1f5ed57acc,PV_data/Corn_(maize)___Northern_Leaf_Blight/a3bffb58-3110-4063-b2dd-738d38597858___RS_NLB 3961.JPG,12,12,Northern_Leaf_Blight,Northern_Leaf_Blight,0.9998795
be9d3f1a517e67c4b12d5de904886373,PV_data/Corn_(maize)___Northern_Leaf_Blight/a523ac3f-ae53-4da7-a3e1-7cce38714f75___RS_NLB 3812.JPG,12,12,Northern_Leaf_Blight,Northern_Leaf_Blight,0.9995801
c86dbda21cf1f42abe25445b5e96c982,PV_data/Corn_(maize)___Northern_Leaf_Blight/a74f0a0e-7067-4e6d-9030-d576034f1736___RS_NLB  4508 copy.jpg,12,12,Northern_Leaf_Blight,Northern_Leaf_Blight,0.9442764
b9a47ebd3abf8a803b23498a3877ab02,PV_data/Corn_(maize)___Northern_Leaf_Blight/aab5319c-f249-41e2-86c1-ce96c4c89ca0___RS_NLB 3504.JPG,12,12,Northern_Leaf_Blight,Northern_Leaf_Blight,0.9999974
b150dc291e6846ed8de9721832be638d,PV_data/Corn_(maize)___Northern_Leaf_Blight/ad159032-2941-402b-bd42-5d79bd3fa9a8___RS_NLB 4116.JPG,12,12,Northern_Leaf_Blight,Northern_Leaf_Blight,0.99999225
2baee1d067a7bf2a58b46c63531dc5d3,PV_data/Corn_(maize)___Northern_Leaf_Blight/b0a2b2fe-4113-4498-9350-ef9580d7bed6___RS_NLB 3832.JPG,12,12,Northern_Leaf_Blight,Northern_Leaf_Blight,0.9803916
248b8ba145b7b0a5ef822a8c1cac17e2,PV_data/Corn_(maize)___Northern_Leaf_Blight/b373622c-c171-47f4-adcb-c08ea46dad12___RS_NLB 4237.JPG,12,12,Northern_Leaf_Blight,Northern_Leaf_Blight,0.997033
5843d4aa99872ff0e43bf2f229fbabe5,PV_data/Corn_(maize)___Northern_Leaf_Blight/b5b55dee-bcda-4cec-b76c-6a21f0d344bd___RS_NLB 4042.JPG,12,12,Northern_Leaf_Blight,Northern_Leaf_Blight,0.9887483
39624a8884b353f835a3a874bec027a7,PV_data/Corn_(maize)___Northern_Leaf_Blight/b669564b-720d-462c-bd15-225764698119___RS_NLB 4277.JPG,12,12,Northern_Leaf_Blight,Northern_Leaf_Blight,0.99970907
598c99066a2278ed45320d0359d84656,PV_data/Corn_(maize)___Northern_Leaf_Blight/b68a6a63-8711-4f14-a5c6-ddcd8a2cae3e___RS_NLB 3847.JPG,12,12,Northern_Leaf_Blight,Northern_Leaf_Blight,0.9307618
b9e90bd9301d7c3609981ca86b78f22b,PV_data/Corn_(maize)___Northern_Leaf_Blight/b761537f-f90f-43a6-a816-6d515dfa0e26___RS_NLB 3797.JPG,12,12,Northern_Leaf_Blight,Northern_Leaf_Blight,0.8951531
380167e7ced46190c447f11e72ac5140,PV_data/Corn_(maize)___Northern_Leaf_Blight/b9f34f6d-5d5f-4638-a2f0-d45ac2ea71c3___RS_NLB 3959.JPG,12,12,Northern_Leaf_Blight,Northern_Leaf_Blight,0.999962
133622ac729c760c0a7e8303b7741548,PV_data/Corn_(maize)___Northern_Leaf_Blight/bbd889d4-9b31-4c2e-9b53-549f2020e6f4___RS_NLB 4170.JPG,12,12,Northern_Leaf_Blight,Northern_Leaf_Blight,0.99962056
3a5ddd303845efd02c0458c86743b389,PV_data/Corn_(maize)___Northern_Leaf_Blight/bc6c495b-3b17-45fa-8ff6-2e8bd528c5a5___RS_NLB 3562.JPG,12,12,Northern_Leaf_Blight,Northern_Leaf_Blight,0.99908125
5e7664fbec01cbc60fa9fb48a1864a67,PV_data/Corn_(maize)___Northern_Leaf_Blight/c0c7e666-4b2b-46f1-b315-274cfee65342___RS_NLB 4014.JPG,12,12,Northern_Leaf_Blight,Northern_Leaf_Blight,0.9972344
e28d176f48e4d6578d0b92816acb19a9,PV_data/Corn_(maize)___Northern_Leaf_Blight/c141f6bd-5696-4388-abd0-cd413e43dfe1___RS_NLB 4208.JPG,12,12,Northern_Leaf_Blight,Northern_Leaf_Blight,0.99995685
bbfe68bf4a28e8c07711b10a2c8f65b0,PV_data/Corn_(maize)___Northern_Leaf_Blight/c3b2b118-3ee2-46cf-8c21-4d93523f4ccb___RS_NLB 3671.JPG,12,12,Northern_Leaf_Blight,Northern_Leaf_Blight,0.9928324
dfcdadc64d5a8108307e1bb7a0d3bc70,PV_data/Corn_(maize)___Northern_Leaf_Blight/c9155ccc-9e80-4d80-9926-baa5a9a8f614___RS_NLB 3635.JPG,12,12,Northern_Leaf_Blight,Northern_Leaf_Blight,0.9999876
9050451830341e5cf1a92dc82c04b990,PV_data/Corn_(maize)___Northern_Leaf_Blight/c94c8b78-b8e1-45cf-bac8-80d8a0c6b64d___RS_NLB 0781.JPG,12,12,Northern_Leaf_Blight,Northern_Leaf_Blight,0.9974043
cca1078044966abade55e84ce0b22a00,PV_data/Corn_(maize)___Northern_Leaf_Blight/c9e1c49d-7989-43bd-8680-989ecd8c0914___RS_NLB 0762.JPG,12,12,Northern_Leaf_Blight,Northern_Leaf_Blight,0.9995578
4814a02f8b4377550b4e8c4c17cdbea4,PV_data/Corn_(maize)___Northern_Leaf_Blight/cb5c61df-e4de-4667-88d2-85b43d708b59___RS_NLB 4075.JPG,12,12,Northern_Leaf_Blight,Northern_Leaf_Blight,0.99999356
69195932dc6a9f8392f4cd9c1163a8c4,PV_data/Corn_(maize)___Northern_Leaf_Blight/cea4e177-947e-466f-9b0f-fc2adae6a02e___RS_NLB 4198.JPG,12,12,Northern_Leaf_Blight,Northern_Leaf_Blight,0.9999523
dd5d6b2246da69a2684b5fee7096bd4c,PV_data/Corn_(maize)___Northern_Leaf_Blight/cff04564-1693-49ef-b5c0-6bbe4ff92d6b___RS_NLB 3475.JPG,12,12,Northern_Leaf_Blight,Northern_Leaf_Blight,0.9999988
c91dc134cfaebfe91244f8ecc61ee559,PV_data/Corn_(maize)___Northern_Leaf_Blight/d08114ac-a98f-41eb-82f9-fdfa91446ed7___RS_NLB 4062.JPG,12,4,Northern_Leaf_Blight,Cercospora_leaf_spot Gray_leaf_spot,0.4432061
5ddee142b402c94d2c5841d528838113,PV_data/Corn_(maize)___Northern_Leaf_Blight/d1dc8657-22f9-42f8-a467-0dc1f0e2ed2e___RS_NLB 3643.JPG,12,12,Northern_Leaf_Blight,Northern_Leaf_Blight,0.99911946
2987758af0b68b3a82b5b7423889da1c,PV_data/Corn_(maize)___Northern_Leaf_Blight/d1fbc905-f7df-4f45-b228-0a94b00f16ee___RS_NLB 3488.JPG,12,12,Northern_Leaf_Blight,Northern_Leaf_Blight,1.0
23974d2ccf8f055cd2f44de6ee2bfa13,PV_data/Corn_(maize)___Northern_Leaf_Blight/d2dc8342-2ba5-4bad-b579-0360316fabe0___RS_NLB 3805 copy.jpg,12,12,Northern_Leaf_Blight,Northern_Leaf_Blight,0.89789855
ddf7425ccb74c57209abb8b03cafd41b,PV_data/Corn_(maize)___Northern_Leaf_Blight/d3d7a5a3-ee3f-4654-8e90-8e722d433972___RS_NLB 3553.JPG,12,5,Northern_Leaf_Blight,Common_rust_,0.980145
c6edfbb601b2d6a50aa9d5cbedd69082,PV_data/Corn_(maize)___Northern_Leaf_Blight/d3e6dd24-b056-4371-90c9-ee41bdbfbe71___RS_NLB 3788 copy 2.jpg,12,12,Northern_Leaf_Blight,Northern_Leaf_Blight,0.968137
f95ae39540ecbdbb5825503b15889881,PV_data/Corn_(maize)___Northern_Leaf_Blight/d51a6187-b667-4848-9aed-c73387186696___RS_NLB 4146.JPG,12,12,Northern_Leaf_Blight,Northern_Leaf_Blight,0.9957867
f4b0ed78082bdea603026103247eef36,PV_data/Corn_(maize)___Northern_Leaf_Blight/d82213a9-eff4-4d5c-a2a4-c55cc8a034e3___RS_NLB 3748.JPG,12,12,Northern_Leaf_Blight,Northern_Leaf_Blight,0.9998379
be7d85fcf12c8a2b67c264573d5e8c49,PV_data/Corn_(maize)___Northern_Leaf_Blight/db19f539-05e8-4cd8-a9bc-57fb97ce0f41___RS_NLB  4443 copy.jpg,12,12,Northern_Leaf_Blight,Northern_Leaf_Blight,0.9999999
95c00c6ca96181032f3589bc1ffc4562,PV_data/Corn_(maize)___Northern_Leaf_Blight/dc425939-95f6-4cec-b669-73d61947c66b___RS_NLB 0834.JPG,12,12,Northern_Leaf_Blight,Northern_Leaf_Blight,0.95677215
81776eeb5c02d504a57d7df57ba90598,PV_data/Corn_(maize)___Northern_Leaf_Blight/dca191ee-4869-454f-a67e-6af114398edf___RS_NLB 3647.JPG,12,12,Northern_Leaf_Blight,Northern_Leaf_Blight,0.9922362
1b416f8ad1e1aa89c215f2b8980457bf,PV_data/Corn_(maize)___Northern_Leaf_Blight/e04b792b-62d1-4447-b9e2-cf3b8f565883___RS_NLB 3879.JPG,12,12,Northern_Leaf_Blight,Northern_Leaf_Blight,0.99965036
bdd58c59c87e1d87b1cdb8bf726c12f5,PV_data/Corn_(maize)___Northern_Leaf_Blight/e4a1bfbf-22a0-4455-98e2-a1bd0a243a94___RS_NLB 3975.JPG,12,12,Northern_Leaf_Blight,Northern_Leaf_Blight,0.9247904
d44cd6c0e9c4e5eb69df2f8c822ca328,PV_data/Corn_(maize)___Northern_Leaf_Blight/e949a093-bf0c-4456-a15b-5c67a02480b1___RS_NLB 4096.JPG,12,12,Northern_Leaf_Blight,Northern_Leaf_Blight,0.9966617
ee9aea3f91acaf6140f7561102646ef2,PV_data/Corn_(maize)___Northern_Leaf_Blight/eac45516-3f72-4dac-bf0f-566a663c1409___RS_NLB 3580.JPG,12,12,Northern_Leaf_Blight,Northern_Leaf_Blight,0.99217105
cb063fa0bc19306201b53c96561196b2,PV_data/Corn_(maize)___Northern_Leaf_Blight/eb732e90-d7a6-4b28-9491-ced833cc9750___RS_NLB 3940.JPG,12,12,Northern_Leaf_Blight,Northern_Leaf_Blight,0.9999089
057a6dd7ced65a0c51a33ab967d1def8,PV_data/Corn_(maize)___Northern_Leaf_Blight/ec769dd1-532c-4f81-b677-6b7b4d0d7606___RS_NLB 4140.JPG,12,12,Northern_Leaf_Blight,Northern_Leaf_Blight,0.99996877
f66904924bb70446359fe1a3035e52dd,PV_data/Corn_(maize)___Northern_Leaf_Blight/ecaf0f9a-338f-4065-bc84-7185d8394552___RS_NLB 3898.JPG,12,12,Northern_Leaf_Blight,Northern_Leaf_Blight,0.928748
2e6e07a34a5d7fdadc5c86e2b4f0380e,PV_data/Corn_(maize)___Northern_Leaf_Blight/ed8c1c19-dbd4-4c65-9ec0-e5c206667ac1___RS_NLB 3801.JPG,12,4,Northern_Leaf_Blight,Cercospora_leaf_spot Gray_leaf_spot,0.9019066
b439dfa1c10d48304b5826fce8099791,PV_data/Corn_(maize)___Northern_Leaf_Blight/f09c5304-da39-4f77-a7d5-8c101b286509___RS_NLB 4019.JPG,12,12,Northern_Leaf_Blight,Northern_Leaf_Blight,0.9944906
0a313cb7a6a128dfdbed6994075357e4,PV_data/Corn_(maize)___Northern_Leaf_Blight/f13d43cb-e365-4df6-aac8-746e4d6d7dab___RS_NLB 3528.JPG,12,12,Northern_Leaf_Blight,Northern_Leaf_Blight,0.9999993
d1e81f4a95199cbd3d1747a3fc6c858e,PV_data/Corn_(maize)___Northern_Leaf_Blight/f23ac0bb-a341-45d3-9e3d-8180658ddc96___RS_NLB 4230.JPG,12,12,Northern_Leaf_Blight,Northern_Leaf_Blight,0.9999944
aa67c9e8c24d57f2c889a0c58bb314e8,PV_data/Corn_(maize)___Northern_Leaf_Blight/f291f62a-d6f6-4f1e-92af-d6177b154263___RS_NLB 3662.JPG,12,12,Northern_Leaf_Blight,Northern_Leaf_Blight,0.99999833
e68a86e8634ad2e176aee23dccc96248,PV_data/Corn_(maize)___Northern_Leaf_Blight/f437c2b5-6299-454b-bb73-b09ebb30cbb3___RS_NLB 3664.JPG,12,12,Northern_Leaf_Blight,Northern_Leaf_Blight,0.9985336
1f04a3cf7a5063f04702a9cad8e8cca1,PV_data/Corn_(maize)___Northern_Leaf_Blight/f553d7cf-9c9f-46bf-b99a-8e3505afd96d___RS_NLB 3873.JPG,12,12,Northern_Leaf_Blight,Northern_Leaf_Blight,0.9999999
2f10dbfcfa602def98e9b40c9f53a213,PV_data/Corn_(maize)___Northern_Leaf_Blight/f7cf0608-2278-4a38-a37e-1356bd359651___RS_NLB 3490.JPG,12,12,Northern_Leaf_Blight,Northern_Leaf_Blight,0.99997103
9c386f4824000f118d1f76caef04b2b2,PV_data/Corn_(maize)___Northern_Leaf_Blight/fae01c0a-db82-4189-9193-bdad09ede531___RS_NLB 4165 copy.jpg,12,12,Northern_Leaf_Blight,Northern_Leaf_Blight,0.9954641
12c34d34210b06f186b06db711d09b24,PV_data/Corn_(maize)___Northern_Leaf_Blight/fb83c22d-b379-48c7-bccc-aebdfd19eda0___RS_NLB 4252.JPG,12,12,Northern_Leaf_Blight,Northern_Leaf_Blight,0.99999714
6eea2f89bfb6ec73229e6d53aa918119,PV_data/Corn_(maize)___Northern_Leaf_Blight/fc19258c-634e-4cc0-b6cf-0144c550ed80___RS_NLB 3834 copy.jpg,12,12,Northern_Leaf_Blight,Northern_Leaf_Blight,0.83419424
127e3f470a39415c90902ffa31770df9,PV_data/Corn_(maize)___Northern_Leaf_Blight/fcdc4514-7dfa-4003-aebd-27692e0853dd___RS_NLB 3705.JPG,12,12,Northern_Leaf_Blight,Northern_Leaf_Blight,0.9999999
575a8849a96cbfdec0fdc672c700e76f,PV_data/Corn_(maize)___Northern_Leaf_Blight/fdca88b7-bd2e-472a-b48f-7a5347d72f04___RS_NLB 3511.JPG,12,12,Northern_Leaf_Blight,Northern_Leaf_Blight,0.9999968
9f3ce800c4bf7d037f013672f8d6efee,PV_data/Corn_(maize)___Northern_Leaf_Blight/fdff294e-df6e-42eb-9bcf-edecf4002891___RS_NLB 4158.JPG,12,12,Northern_Leaf_Blight,Northern_Leaf_Blight,0.99985874
adf8dfa085d1febc905abbf49244cacb,PV_data/Corn_(maize)___Northern_Leaf_Blight/fed381d0-4407-4ec5-a178-d70ec1ca93d3___RS_NLB 3914.JPG,12,12,Northern_Leaf_Blight,Northern_Leaf_Blight,0.99995625
d4f92e6be3c69396474b810779b3cac1,PV_data/Corn_(maize)___healthy/02e76b75-f201-44ee-a694-35edf97cc82b___R.S_HL 8015 copy.jpg,19,19,healthy,healthy,1.0
fb9ef407acd970381ca1a2496f59aca3,PV_data/Corn_(maize)___healthy/04506233-3040-4d4b-9e8f-acdd0a1e9693___R.S_HL 7942 copy 2.jpg,19,19,healthy,healthy,1.0
40db6d8f2269a685b8a4b45951befd79,PV_data/Corn_(maize)___healthy/052169e1-a51d-4ff7-8b70-f07f3d2500c5___R.S_HL 0650 copy 2.jpg,19,19,healthy,healthy,1.0
bafd9b5b8c2c5af113265b58dfc03f87,PV_data/Corn_(maize)___healthy/0618b46e-b4fb-4069-9b95-6c6c2387688a___R.S_HL 0609 copy 3.jpg,19,19,healthy,healthy,1.0
3cce442b34e842b08eea519eaa2ecd02,PV_data/Corn_(maize)___healthy/0630fcdc-33c1-478b-882f-07da48cf8002___R.S_HL 8026 copy.jpg,19,19,healthy,healthy,0.9999975
8c6cb3bd7bb6d941a75004eb98bc65ff,PV_data/Corn_(maize)___healthy/093cf670-66a2-4bc6-bdb5-0c3d2ea6dab2___R.S_HL 8302 copy.jpg,19,19,healthy,healthy,0.9999989
dc1a309c6fffd2dd886c0f96caccf4b0,PV_data/Corn_(maize)___healthy/098a17fd-0351-4f0f-a4a8-6f2a638b4afb___R.S_HL 7897 copy 2.jpg,19,19,healthy,healthy,1.0
29aa2b257846afde092a457c12f7fda4,PV_data/Corn_(maize)___healthy/0a5cb475-a6e8-4233-b251-bc5165868730___R.S_HL 7978 copy.jpg,19,19,healthy,healthy,1.0
52e4dec313be43d2fb1e252c0a827554,PV_data/Corn_(maize)___healthy/0a72d779-4df2-4365-9251-1733a1a1085c___R.S_HL 7992 copy 2.jpg,19,19,healthy,healthy,1.0
d100b6eb89ebf653e37d25f1bedebee6,PV_data/Corn_(maize)___healthy/0a966c0b-85d0-41ea-82d2-3121f9325460___R.S_HL 8180 copy 2.jpg,19,19,healthy,healthy,0.9999987
97b0210f51c12ca4ab096cc594ab7854,PV_data/Corn_(maize)___healthy/10d94b50-caeb-48d2-8a4d-79a9ccbae1ea___R.S_HL 8104 copy.jpg,19,19,healthy,healthy,0.99999976
8e9150a2a95dcc2d7293a7934a9e72f1,PV_data/Corn_(maize)___healthy/11c1e3ce-73d1-4338-8939-473087e9dcbb___R.S_HL 0604.JPG,19,19,healthy,healthy,0.9999999
7165c45aeb5705f25470aaad5e631c28,PV_data/Corn_(maize)___healthy/1675b5c5-4f27-47b4-8088-1387b0eb437d___R.S_HL 8095 copy.jpg,19,19,healthy,healthy,1.0
6de753b729cae348823438a75366d3fb,PV_data/Corn_(maize)___healthy/16c3cff6-3abb-4af5-979a-9ab375e4a9b1___R.S_HL 5562 copy.jpg,19,19,healthy,healthy,1.0
a6e09c427852e48fa4ae23f9d80781c1,PV_data/Corn_(maize)___healthy/16e1b4a3-65fb-405f-964e-9fa8c45e4e97___R.S_HL 5551 copy 2.jpg,19,19,healthy,healthy,1.0
6a5cc103ae60ab393dfc724f41d2bd78,PV_data/Corn_(maize)___healthy/19554ea5-21a6-44aa-8979-2ead3c73dd62___R.S_HL 7932 copy 2.jpg,19,19,healthy,healthy,1.0
cbc8674eee244975493b50d6ec892e2d,PV_data/Corn_(maize)___healthy/1d45f289-7aef-4344-82f2-8a53e6fff2d6___R.S_HL 8082 copy 3.jpg,19,19,healthy,healthy,1.0
00ff96d75882fcb4082edb0dcdb9f4ab,PV_data/Corn_(maize)___healthy/1f618ad4-7c33-4bfc-9054-f1acae89e776___R.S_HL 5504 copy.jpg,19,19,healthy,healthy,0.9999993
fe0565179036830ff3810f5b38376de5,PV_data/Corn_(maize)___healthy/201141a7-69a3-40b2-90fd-da538cf10ffa___R.S_HL 7908 copy.jpg,19,19,healthy,healthy,1.0
196228ee9ff81851c75981a3e560c06f,PV_data/Corn_(maize)___healthy/2012c62b-11b6-4cc4-9483-adebb2f30f81___R.S_HL 8326 copy.jpg,19,19,healthy,healthy,1.0
de415c696f75fe07f96bac7f7559ff94,PV_data/Corn_(maize)___healthy/2251b665-207d-4500-a396-bc9bb097c34b___R.S_HL 8073 copy.jpg,19,19,healthy,healthy,0.99997485
90aaeddbe4b8c809c3ef0c7f55f8a368,PV_data/Corn_(maize)___healthy/2253e071-f102-481b-9a3d-e5650698e8a6___R.S_HL 7905 copy 2.jpg,19,19,healthy,healthy,0.9999994
ed23487e4daca2fba58675e18bc671f6,PV_data/Corn_(maize)___healthy/22e495d5-0daa-4cf6-8555-61f26d091b66___R.S_HL 8061 copy.jpg,19,19,healthy,healthy,1.0
69d0187426fdb8cc8996e20bd9053d5d,PV_data/Corn_(maize)___healthy/23e5ca0e-c7c3-4b27-b3b7-a0bb4ecbe177___R.S_HL 8245 copy.jpg,19,19,healthy,healthy,0.9999994
734ae2501938a0ccc8ec359ba9c5ba52,PV_data/Corn_(maize)___healthy/2500d247-7e34-424d-b7ec-6eb9c6686ed9___R.S_HL 8112 copy.jpg,19,19,healthy,healthy,0.99999416
b9551208150b41566d38aefa7de2c972,PV_data/Corn_(maize)___healthy/270c2463-8d8d-48b2-a79e-c5319c5c1763___R.S_HL 8098 copy 2.jpg,19,19,healthy,healthy,1.0
f05cf99e3fbbdcb67be6fe003150ece3,PV_data/Corn_(maize)___healthy/28469ee6-51f6-4e41-b625-fbb7c169b02a___R.S_HL 5534 copy 2.jpg,19,19,healthy,healthy,0.9999999
349634fb6de954bcd20dadc8359efe45,PV_data/Corn_(maize)___healthy/2854f11d-f6ce-4c3e-8a9d-026ae2cc9747___R.S_HL 8179 copy 2.jpg,19,19,healthy,healthy,0.9999994
e2704421463f9dc7e2213fcd07178382,PV_data/Corn_(maize)___healthy/289766de-9eb5-45f9-9959-b344fedecb62___R.S_HL 8295 copy 2.jpg,19,19,healthy,healthy,1.0
5177516632ab5c0be085d626ba063792,PV_data/Corn_(maize)___healthy/2900c66f-948b-48df-bfed-76f08a6af9ce___R.S_HL 7938 copy 2.jpg,19,19,healthy,healthy,1.0
884e92fe8f294ec5f76b4a39639edf55,PV_data/Corn_(maize)___healthy/290bb59a-1405-44b8-af6e-8b1384b76e00___R.S_HL 0614.JPG,19,19,healthy,healthy,0.9999999
49b646469a0faf944170a53d763ae1ad,PV_data/Corn_(maize)___healthy/2bc73f3d-9886-4873-8c78-835f1c219878___R.S_HL 7980 copy.jpg,19,19,healthy,healthy,0.9999999
237c3282473ec4a2f4089954cc43bd06,PV_data/Corn_(maize)___healthy/2bcf6ae6-5dcd-4330-9338-e38e54d90f32___R.S_HL 7964 copy 2.jpg,19,19,healthy,healthy,1.0
2fe0d55aa8125086b2801856cd7f7d5e,PV_data/Corn_(maize)___healthy/2cc203bd-1fdf-40e1-af08-5ab793586fc4___R.S_HL 7971 copy.jpg,19,19,healthy,healthy,1.0
0009b2d841a4f9010b13c3f72dc46c8c,PV_data/Corn_(maize)___healthy/30a2b405-dfd6-481c-8d3c-a0270d3d0891___R.S_HL 8106 copy.jpg,19,19,healthy,healthy,0.9999999
9334fc83627b7b5cbadd0d6fd194572e,PV_data/Corn_(maize)___healthy/30cc387b-d8c5-4eb4-bc27-a233be37cf6b___R.S_HL 5548 copy 2.jpg,19,19,healthy,healthy,1.0
7a33b9d611ec9baf6ee4c847e22296c2,PV_data/Corn_(maize)___healthy/333922bd-09d6-4039-9975-894d77fec8eb___R.S_HL 5496 copy.jpg,19,19,healthy,healthy,1.0
67f5fb0b299944861a7980351576fb46,PV_data/Corn_(maize)___healthy/3aa0279d-fc00-4ef4-b7a4-d2037915fb90___R.S_HL 8330 copy.jpg,19,19,healthy,healthy,1.0
e10c0e80294786d352975105cb5288b1,PV_data/Corn_(maize)___healthy/3cdfb19e-a67f-4944-8b4f-89b60f9f36fb___R.S_HL 8221 copy 3.jpg,19,19,healthy,healthy,0.9999999
6a85b1df40dec89bce6986ae40c02916,PV_data/Corn_(maize)___healthy/3d233d54-4960-454c-b98e-2febc7019bba___R.S_HL 7944 copy.jpg,19,19,healthy,healthy,1.0
9bd3f4ee690856be4bb6c200ef9a8b67,PV_data/Corn_(maize)___healthy/3d760d50-9c32-4532-b3a0-e56066a43ef1___R.S_HL 7891 copy.jpg,19,19,healthy,healthy,0.9999999
b22f02ba3a30dbc6d91881a531e6b76d,PV_data/Corn_(maize)___healthy/3d85d62d-8a88-48eb-85a5-a283c670a453___R.S_HL 7972 copy 2.jpg,19,19,healthy,healthy,0.999995
0d86357824033d3a99a907e0d2b9766a,PV_data/Corn_(maize)___healthy/3fdcf34b-cddd-4428-912b-251f982ec0da___R.S_HL 5542 copy 2.jpg,19,19,healthy,healthy,0.9999995
b2fdbe6769122a33ec0599876f453b12,PV_data/Corn_(maize)___healthy/4072df91-b71d-4b65-abc9-e843f61a9544___R.S_HL 8210 copy 2.jpg,19,19,healthy,healthy,1.0
8ea114c40e2907f658c202b791ba9c8e,PV_data/Corn_(maize)___healthy/43931e08-e92c-4c68-9334-b8554adb41fe___R.S_HL 8160 copy 2.jpg,19,19,healthy,healthy,1.0
5574bce6b39cf7aa93a5de8c3ad579a6,PV_data/Corn_(maize)___healthy/46277fc4-d989-4a82-ac74-719142e16f21___R.S_HL 7943 copy 2.jpg,19,19,healthy,healthy,0.9999999
c8ca9075306af06b41800a5193cbd072,PV_data/Corn_(maize)___healthy/466155e6-ef86-4024-9c0a-de7ca09a1d07___R.S_HL 7986 copy.jpg,19,19,healthy,healthy,1.0
5f5404f12bee90f615301212f30ce2fd,PV_data/Corn_(maize)___healthy/48296a13-4359-4df3-b19d-d457c14721ba___R.S_HL 8157 copy 2.jpg,19,19,healthy,healthy,1.0
5f0858130781f226c439d9553b36e996,PV_data/Corn_(maize)___healthy/495d4205-e476-48c0-9791-ff947e0d6fc6___R.S_HL 8077 copy.jpg,19,19,healthy,healthy,1.0
cbeafc0a330fe67fe6799fc19c8c9e7a,PV_data/Corn_(maize)___healthy/4976825c-af34-4ba8-9e2d-2a6c25eae077___R.S_HL 8269 copy.jpg,19,19,healthy,healthy,1.0
ea072b31ebf1846e918f9c00760fccbc,PV_data/Corn_(maize)___healthy/49bbfde1-06f5-41fb-baeb-4008a097a021___R.S_HL 5538 copy 2.jpg,19,19,healthy,healthy,1.0
d9a4d92bf216724167914b8b48974bcd,PV_data/Corn_(maize)___healthy/4e78f502-e486-4057-b157-3065dd4abd86___R.S_HL 7993 copy 2.jpg,19,19,healthy,healthy,1.0
6e30c35fb62e695def40fd3789da5c66,PV_data/Corn_(maize)___healthy/4f3347e6-ed68-4659-aa26-5591ea8c923e___R.S_HL 5505 copy.jpg,19,19,healthy,healthy,1.0
e4af3ee60e3f2458f90bad1eb5899420,PV_data/Corn_(maize)___healthy/500c13c7-2b8e-43ea-b842-154de7cf7f50___R.S_HL 8003 copy 2.jpg,19,19,healthy,healthy,1.0
fc86936e0eebf0918a05edc8cfdec0bd,PV_data/Corn_(maize)___healthy/50fe7549-e9f5-4104-abdc-b78630c0483e___R.S_HL 8185 copy.jpg,19,19,healthy,healthy,1.0
fd7be7e59a1c51e694c7a8927e1cafad,PV_data/Corn_(maize)___healthy/512a6f84-c287-4f78-bfbe-311bbf1ca548___R.S_HL 0626 copy.jpg,19,19,healthy,healthy,1.0
c1d713d28288155aa4e2f55ffb2a1d9b,PV_data/Corn_(maize)___healthy/53b73553-110a-4dc1-8320-332c4773b8e9___R.S_HL 7907 copy.jpg,19,19,healthy,healthy,1.0
91c41d1f5991e246093ca30b8d981b3d,PV_data/Corn_(maize)___healthy/5467efda-f4ec-4f5e-94b8-8bc0fd19c7ac___R.S_HL 8148 copy.jpg,19,19,healthy,healthy,0.9999999
ce48145d2c2d95c956caed7cf2b734eb,PV_data/Corn_(maize)___healthy/55ea99a3-17b3-4971-8159-0fa4e369c0d7___R.S_HL 8219 copy 2.jpg,19,19,healthy,healthy,0.9999999
0b327e6bba8135175e0230844012433e,PV_data/Corn_(maize)___healthy/58f71b31-7e05-4036-985d-ffa20976c668___R.S_HL 8063 copy.jpg,19,19,healthy,healthy,0.9999999
ac4b875341171a363b39bbebb9706813,PV_data/Corn_(maize)___healthy/5a09057d-7d3d-46b4-9ec8-e182f6f4afef___R.S_HL 7947 copy 2.jpg,19,19,healthy,healthy,1.0
f878d019dd418aa0f4e4a6d5c67098eb,PV_data/Corn_(maize)___healthy/5a1567d9-a5ee-49fe-8c0c-78a9fe25b213___R.S_HL 8164 copy 2.jpg,19,19,healthy,healthy,0.9999893
44865aa10a81dab51dadf20f94e91d45,PV_data/Corn_(maize)___healthy/5a2800a4-15ed-43a5-864d-01d16d37ed67___R.S_HL 8219 copy.jpg,19,19,healthy,healthy,0.9999974
5bd63dde046f9af641fed2882239069d,PV_data/Corn_(maize)___healthy/5bed19a9-9318-4160-926f-c2c641995c1e___R.S_HL 8167 copy 2.jpg,19,19,healthy,healthy,0.9999876
24cb8530f4a24cc0db80a9fc89d66944,PV_data/Corn_(maize)___healthy/5f0dff79-a1f4-4498-9165-c4b752a108f7___R.S_HL 5506 copy 3.jpg,19,19,healthy,healthy,1.0
aced5449b6666564c4f733097e3878ad,PV_data/Corn_(maize)___healthy/5fff81b5-afe1-4743-a94b-4dce92ddc524___R.S_HL 0651 copy 4.jpg,19,19,healthy,healthy,0.9999875
9eb19a0f3b116755120372048138a24c,PV_data/Corn_(maize)___healthy/600f5c3a-2156-4485-b74a-c14a16534706___R.S_HL 7958 copy.jpg,19,19,healthy,healthy,1.0
d51ab346373029ff57bd55bd43130cfa,PV_data/Corn_(maize)___healthy/60c28fba-748e-4979-9338-4d7d16a92e60___R.S_HL 8324 copy.jpg,19,19,healthy,healthy,1.0
4ec7c87b6a4a5d0c6c7a54faa69a58ab,PV_data/Corn_(maize)___healthy/60d41965-10bc-4799-815e-5b1f099fae4b___R.S_HL 8003 copy.jpg,19,19,healthy,healthy,0.9999994
0c1d54314733b12936166cf56ece1647,PV_data/Corn_(maize)___healthy/61088927-8b39-475f-a426-15b4f9969871___R.S_HL 7996 copy 2.jpg,19,19,healthy,healthy,1.0
0a5af26f3be3837b129c23b3cc93b73d,PV_data/Corn_(maize)___healthy/620e70fd-98d9-40c4-b9a9-803080d1d371___R.S_HL 7968 copy 2.jpg,19,19,healthy,healthy,1.0
d6b5408dc68c473c14d0f44ee358dab4,PV_data/Corn_(maize)___healthy/62448b26-b1ad-4670-9f8f-1c320a3187f8___R.S_HL 8260 copy.jpg,19,19,healthy,healthy,1.0
6f50fb2095e131236d71c069b805da4b,PV_data/Corn_(maize)___healthy/624c0cfa-3729-4f6c-9236-1c3a4ee66431___R.S_HL 8214 copy.jpg,19,19,healthy,healthy,1.0
fc168aa2baec699887269457d627075f,PV_data/Corn_(maize)___healthy/63067c56-0462-4548-9b58-ffec723a5875___R.S_HL 7915 copy.jpg,19,19,healthy,healthy,1.0
81aee20924583bea4465464646cbcf71,PV_data/Corn_(maize)___healthy/650d4770-c4b9-4854-8476-681d9d93034c___R.S_HL 5557 copy.jpg,19,19,healthy,healthy,1.0
806714c6829823e632a961cd2b95d514,PV_data/Corn_(maize)___healthy/662b5ad2-c80d-4c4b-ba98-7075c52698ac___R.S_HL 8008 copy 2.jpg,19,19,healthy,healthy,1.0
81909df671526f6fc47573945a1561b2,PV_data/Corn_(maize)___healthy/66f145a0-f412-48e1-b597-1ce50255116b___R.S_HL 7923 copy 3.jpg,19,19,healthy,healthy,0.9999987
c61ab56c1250f96d2eb6769678a44188,PV_data/Corn_(maize)___healthy/671e7602-81f4-4fae-9b2e-36f78463ae66___R.S_HL 7994 copy.jpg,19,19,healthy,healthy,1.0
a7f1df4bdf128e65de2b6acfd953131a,PV_data/Corn_(maize)___healthy/67580ca9-48d4-485a-8f99-bd68c56e89c2___R.S_HL 8340 copy 2.jpg,19,19,healthy,healthy,0.9999999
adee67af5c8c4f351ba73d0180c1437c,PV_data/Corn_(maize)___healthy/6792a3b8-444b-48fb-bc25-85529d7c2693___R.S_HL 8319 copy.jpg,19,19,healthy,healthy,1.0
e1b15752a270e32f299d7412310ae0e0,PV_data/Corn_(maize)___healthy/690aa499-e65c-42a5-ac1a-2eeebeb9ee9f___R.S_HL 5554 copy 2.jpg,19,19,healthy,healthy,1.0
1a368a44fa86abc5ed5d52df7bac14aa,PV_data/Corn_(maize)___healthy/695000c6-5857-45af-a8cb-470bfeedf274___R.S_HL 7970 copy.jpg,19,19,healthy,healthy,1.0
25a98fdaca4c00a7fd2a6d11bc1c3637,PV_data/Corn_(maize)___healthy/6af462af-d8d2-4ecb-9ff3-a512c64dfde6___R.S_HL 7888 copy 2.jpg,19,19,healthy,healthy,1.0
29c265d61388757339b4626c4f4e51d9,PV_data/Corn_(maize)___healthy/6be24373-115c-42d4-9e57-35a7b208a021___R.S_HL 0614 copy.jpg,19,19,healthy,healthy,0.99999857
611d2f607d4bedade7c6d25ef7809388,PV_data/Corn_(maize)___healthy/6c602efb-367c-4f64-bd31-35bbf6b5e9a7___R.S_HL 8284 copy.jpg,19,19,healthy,healthy,0.9999993
88e8f35f4e715c11cac2f00c5c90203a,PV_data/Corn_(maize)___healthy/6cfd6ab1-91fa-4b07-ab39-d3fba8b174cb___R.S_HL 7889 copy.jpg,19,19,healthy,healthy,1.0
aa520f222c87d478d8c7b8174f34070c,PV_data/Corn_(maize)___healthy/6e0ab8d1-e0f8-4e5d-bf51-72232be658e2___R.S_HL 5491 copy.jpg,19,19,healthy,healthy,1.0
0bfe9d53004160b103ea02b0e2446c22,PV_data/Corn_(maize)___healthy/6e32f66d-c54c-4df4-9894-e7aa3ff748d9___R.S_HL 0620 copy 2.jpg,19,19,healthy,healthy,0.9999758
aea64a1187f7ff726c69a98de9b88ef6,PV_data/Corn_(maize)___healthy/6fa2365c-475e-4fae-aab3-f2b49aaf1a09___R.S_HL 8144 copy 2.jpg,19,19,healthy,healthy,0.99999976
58bfe7a3c49051c4d792f5308351edcc,PV_data/Corn_(maize)___healthy/70381b2f-7964-4252-a44a-f63a2c35a71c___R.S_HL 7914 copy 2.jpg,19,19,healthy,healthy,0.9994411
58aeee19e7f5d3ff04bf4fb8b69a335d,PV_data/Corn_(maize)___healthy/703c143f-5b27-4dc5-8a0f-70e29ee1cd85___R.S_HL 7957 copy 2.jpg,19,19,healthy,healthy,0.9999019
cfb4d079aec443aa8aff7c79ac125e24,PV_data/Corn_(maize)___healthy/70e40ed3-9913-451d-8484-8155d38dac04___R.S_HL 7916 copy.jpg,19,19,healthy,healthy,1.0
7766ac78d552254b6945c42691fccf45,PV_data/Corn_(maize)___healthy/7104ad51-e018-4c0d-b767-33014cefe392___R.S_HL 8232 copy.jpg,19,19,healthy,healthy,0.99999964
7b21246e056bc2f013b3841aedaeda1c,PV_data/Corn_(maize)___healthy/735da592-2081-42bd-9652-3d12e19210cc___R.S_HL 7918 copy 2.jpg,19,19,healthy,healthy,1.0
857a4e29c706cda47d7b05a41a1ad7ec,PV_data/Corn_(maize)___healthy/740f12a2-c86a-4bed-93a0-8ee39297eea4___R.S_HL 5531 copy 2.jpg,19,19,healthy,healthy,1.0
96d9935fd2547d88a93ccecba4b0d445,PV_data/Corn_(maize)___healthy/7528601d-d6bf-4f8b-9d63-db0c185d58d9___R.S_HL 8254 copy 2.jpg,19,19,healthy,healthy,0.9999999
6e0e756fac80bcc8323cd06e6434f4a2,PV_data/Corn_(maize)___healthy/78a25387-e76b-4b03-a7dd-edbad217ffd1___R.S_HL 8252 copy.jpg,19,19,healthy,healthy,0.99999964
9014e029132977cdecad966462be2ad9,PV_data/Corn_(maize)___healthy/7b876e0e-d6bd-4b8c-952c-d0899053246c___R.S_HL 0604 copy 2.jpg,19,19,healthy,healthy,0.9999962
92d7f9945b3e85ed3d649e4fd2a20c3e,PV_data/Corn_(maize)___healthy/7c1d9131-4e97-4e81-97e6-496bab9d9134___R.S_HL 8093 copy.jpg,19,19,healthy,healthy,1.0
c24a21ad7253daaed7c2b8ef1f3e3d3e,PV_data/Corn_(maize)___healthy/7c28a1e2-08fb-406d-9fad-769be3096e85___R.S_HL 0603 copy 2.jpg,19,19,healthy,healthy,1.0
8fea590f7243f9ba0cd012af0bfa8162,PV_data/Corn_(maize)___healthy/7c7e1c48-88cd-4ea5-8e34-ce9a2a164880___R.S_HL 8300 copy.jpg,19,19,healthy,healthy,1.0
8473c9c3e362f677524a3d0b54ee90d3,PV_data/Corn_(maize)___healthy/7cb008fd-2be4-415d-bc80-912dbf959aa4___R.S_HL 7884 copy.jpg,19,19,healthy,healthy,1.0
20284e678abe3970f7705f4d4d4631ae,PV_data/Corn_(maize)___healthy/7d9ba686-3d31-41d2-a078-588d1bcf3aee___R.S_HL 5555 copy 2.jpg,19,19,healthy,healthy,1.0
a21d68d1efded10886d4d583657ec8e0,PV_data/Corn_(maize)___healthy/801ec1d8-e4e4-4682-85ff-fddfeaeae8c6___R.S_HL 0603 copy.jpg,19,19,healthy,healthy,1.0
668982ea7ecc00baca3678476d62eec1,PV_data/Corn_(maize)___healthy/81ec1ee6-7ff1-4811-8bf0-f97870a71a84___R.S_HL 8133 copy 2.jpg,19,19,healthy,healthy,0.99999547
bdd8a7adea0eaba938b1d70af6cc327c,PV_data/Corn_(maize)___healthy/85581bfb-0508-4cea-a76c-b929fea867a1___R.S_HL 0605 copy 2.jpg,19,19,healthy,healthy,0.9963576
15e4c97f6b47a18f84cfb55dc08398d1,PV_data/Corn_(maize)___healthy/874dd6c4-2b34-4b55-b278-011d6fa3eede___R.S_HL 0607 copy.jpg,19,19,healthy,healthy,0.99992263
1100438e945ac41fd4f0211d32a3320e,PV_data/Corn_(maize)___healthy/88221039-f7c7-42aa-9249-ee621623d676___R.S_HL 0598 copy.jpg,19,19,healthy,healthy,0.99991894
38307e49f9d7be3a5fed75a164414852,PV_data/Corn_(maize)___healthy/88935f3f-d71e-451d-8fd4-ccf4c11ab1c7___R.S_HL 8142 copy.jpg,19,19,healthy,healthy,0.9999995
4d203b154bc6a119b47d76c09af6a390,PV_data/Corn_(maize)___healthy/8adb9e1d-8e13-4814-b06e-9a4dd1e000c6___R.S_HL 8282 copy.jpg,19,19,healthy,healthy,0.99999857
2108ead5b42a49518dc9bce4090da485,PV_data/Corn_(maize)___healthy/8c9c52f6-f03a-41e5-ab65-f4ccf30fd5d5___R.S_HL 5559 copy.jpg,19,19,healthy,healthy,1.0
54a2931eeb81a0c173cb60d2a93717ba,PV_data/Corn_(maize)___healthy/90548ed6-1573-4a72-9f60-6188a1fbd2ff___R.S_HL 8150 copy.jpg,19,19,healthy,healthy,1.0
114b045061c08b2e435c43929012876f,PV_data/Corn_(maize)___healthy/9528e518-5767-42b6-9ece-d647dfe6b5d6___R.S_HL 8014 copy 2.jpg,19,19,healthy,healthy,0.9999999
244ed1fca990cabadd05b84bafac3ce2,PV_data/Corn_(maize)___healthy/9822967e-a218-48cd-9c31-632481bb8091___R.S_HL 8008 copy 3.jpg,19,19,healthy,healthy,1.0
1f5547e74576f0a6cb03e09efb1d574c,PV_data/Corn_(maize)___healthy/9bf79f09-b182-4092-b4a7-b1a00830ecfc___R.S_HL 0627 copy.jpg,19,19,healthy,healthy,1.0
7cac8473c4a9672aaf98f5ef1fbad982,PV_data/Corn_(maize)___healthy/9d37aa23-994e-41b8-8f4c-1e11a05506cf___R.S_HL 8046 copy.jpg,19,19,healthy,healthy,1.0
b47cfeaf65401e9b000ea0d660020fd1,PV_data/Corn_(maize)___healthy/9d47547e-512f-49d0-9589-081a50333382___R.S_HL 7985 copy.jpg,19,19,healthy,healthy,1.0
fd1fce6885d0694ff3be7c7b4410ebf1,PV_data/Corn_(maize)___healthy/9d7fe0ec-48b6-4b1e-83ea-391d53de37af___R.S_HL 8210 copy 3.jpg,19,19,healthy,healthy,1.0
c09826ed5176f9c30d7324c872676284,PV_data/Corn_(maize)___healthy/9e5babf1-042a-4272-aa78-c29f30041a47___R.S_HL 7910 copy 2.jpg,19,19,healthy,healthy,0.9999999
c27cedf15cef1b92a0dadfda372e3a31,PV_data/Corn_(maize)___healthy/9f0564fa-2184-4df2-b0b9-bec3f36294e8___R.S_HL 0651 copy 2.jpg,19,19,healthy,healthy,1.0
7a4065033f622f535faa75febf5dfc3a,PV_data/Corn_(maize)___healthy/a30b3484-0f97-474a-92f5-5e6dc55885cd___R.S_HL 8000 copy.jpg,19,19,healthy,healthy,1.0
9974473a8348c924a7ecc4dab1852369,PV_data/Corn_(maize)___healthy/a4933b63-666a-4214-84a7-7712bb32b8b6___R.S_HL 0633 copy 2.jpg,19,19,healthy,healthy,1.0
d03c6baf6da2ce07b0a7228f98858852,PV_data/Corn_(maize)___healthy/a5964bbc-97ad-4ee7-a5e4-2463d49b2d5a___R.S_HL 8214 copy 2.jpg,19,19,healthy,healthy,1.0
ba3d224967ff31ec0dd324e17778d5ce,PV_data/Corn_(maize)___healthy/a69fb110-6abc-4025-b22a-9ce26e02a4e4___R.S_HL 7961 copy 3.jpg,19,19,healthy,healthy,1.0
7e19ff1def2112003d7100177b823e36,PV_data/Corn_(maize)___healthy/a797dcca-bb84-42ae-bb58-18020c6c3f52___R.S_HL 8343 copy 2.jpg,19,19,healthy,healthy,0.9999995
c89ea76e11b94cef21bd79e492f88c59,PV_data/Corn_(maize)___healthy/a8474109-c782-4c89-ab64-616c1aaea061___R.S_HL 7965 copy.jpg,19,19,healthy,healthy,1.0
4d3a32a67996c0712050ba7d29713cc3,PV_data/Corn_(maize)___healthy/abcb076f-c7b8-4feb-98aa-2e65669af656___R.S_HL 7886 copy 2.jpg,19,19,healthy,healthy,1.0
c1afaaab45d3c9d2915110665f97172d,PV_data/Corn_(maize)___healthy/adde8d22-15d9-42a5-a75d-6befa661ff4d___R.S_HL 8012 copy.jpg,19,19,healthy,healthy,1.0
ddb94989ecf236ea67397411d941e4c4,PV_data/Corn_(maize)___healthy/ae06c7e3-e283-4359-9d98-2c97a1dd3e83___R.S_HL 8062 copy.jpg,19,19,healthy,healthy,1.0
75054e5e55b15d5622efb880003e68e3,PV_data/Corn_(maize)___healthy/ae544c0a-4743-426e-a311-883311bceddd___R.S_HL 7882 copy 2.jpg,19,19,healthy,healthy,1.0
b1345831f0a876d86e9d7ab044633e2f,PV_data/Corn_(maize)___healthy/af647b0e-db3a-459e-915c-4e522cb46c6c___R.S_HL 8101 copy .jpg,19,19,healthy,healthy,1.0
25de61c99ee9b45c1086ff9f38200893,PV_data/Corn_(maize)___healthy/b1034c8c-c98d-44ca-a702-a0053e16d7c7___R.S_HL 8252 copy 2.jpg,19,19,healthy,healthy,0.99999964
f5c3011a48dc329759ad6e68b0779522,PV_data/Corn_(maize)___healthy/b16d14f2-4fb2-42dd-a6d1-08bbb242fccb___R.S_HL 8082 copy.jpg,19,19,healthy,healthy,1.0
78cea9665ce4ca297fd48653c965b401,PV_data/Corn_(maize)___healthy/b27ca23d-e90c-4087-8421-dec6e1876c89___R.S_HL 8075 copy.jpg,19,19,healthy,healthy,1.0
8caa4aa7b7c20a4eccdcdfe3a99bacd1,PV_data/Corn_(maize)___healthy/b4f7d270-984f-4bac-807c-d804ae7b7de2___R.S_HL 8241 copy.jpg,19,19,healthy,healthy,1.0
4e1cbba41225e738aa68e573eece622f,PV_data/Corn_(maize)___healthy/b557da0d-48ca-4f2c-b820-7dc94f3d907d___R.S_HL 0604 copy.jpg,19,19,healthy,healthy,0.9999994
5cba19e616d75066474277807307a350,PV_data/Corn_(maize)___healthy/b8bffa6b-fda9-491f-a757-56b51caf5157___R.S_HL 8135 copy 2.jpg,19,19,healthy,healthy,0.9999993
dd3450833ab0a7ec68aca1e8a3fa435b,PV_data/Corn_(maize)___healthy/ba5545b4-4812-42ed-94ee-73fa785156ad___R.S_HL 8227 copy 2.jpg,19,19,healthy,healthy,0.9999999
be9a649a59bf226bc5bfef36f6957f43,PV_data/Corn_(maize)___healthy/bb0f8a9d-1c38-46a7-b922-2bbd3ba72fba___R.S_HL 7942 copy.jpg,19,19,healthy,healthy,1.0
1fd0457e8d95c5c768daf98848977629,PV_data/Corn_(maize)___healthy/c1a74057-c9e7-416e-b31a-17a670d7c1ee___R.S_HL 0599 copy.jpg,19,19,healthy,healthy,0.9999987
c6d9aa3750cb1f43136401c3ca5ce849,PV_data/Corn_(maize)___healthy/c6d72b1a-9f34-4d50-8c80-a5628f60fc21___R.S_HL 8117 copy.jpg,19,19,healthy,healthy,1.0
17ceb78c2987e3aee643fde51c22e6e7,PV_data/Corn_(maize)___healthy/c71e7906-fa3e-4689-9061-b9ff4a827c92___R.S_HL 5514 copy 3.jpg,19,19,healthy,healthy,1.0
3665569428531b21ef45c71ea3f3a43c,PV_data/Corn_(maize)___healthy/ca38172d-5f4b-42aa-bef9-e88b94f7f47d___R.S_HL 7932 copy.jpg,19,19,healthy,healthy,1.0
322e52193ea912385a7c478295693c39,PV_data/Corn_(maize)___healthy/cb08f6cf-4701-475a-b589-d3f486a672a5___R.S_HL 7898 copy.jpg,19,19,healthy,healthy,0.9999993
6a3dd48136c871a726ad2b5b3744d1d0,PV_data/Corn_(maize)___healthy/cb4a3d83-e307-4eb7-8723-21ae84d4fb64___R.S_HL 8244 copy 2.jpg,19,19,healthy,healthy,0.99999976
9f6be4902b1e66dacd899985b86d97a1,PV_data/Corn_(maize)___healthy/cb4cd602-6771-45f2-9235-6e6590707998___R.S_HL 7896 copy.jpg,19,19,healthy,healthy,1.0
d8d16a7b61f42c95e43f9b78bb1991d3,PV_data/Corn_(maize)___healthy/ce35ae6e-3f27-4105-adc8-a661a1157170___R.S_HL 5556 copy 2.jpg,19,19,healthy,healthy,1.0
41dc76f66327712aded4cd67273ed377,PV_data/Corn_(maize)___healthy/cf700a80-b413-4b95-ad88-d916bc9ffc93___R.S_HL 7946 copy.jpg,19,19,healthy,healthy,1.0
e06ee04bc95c73e0a596b0c61744d612,PV_data/Corn_(maize)___healthy/d128a635-3090-4ca1-904d-d471f67134e3___R.S_HL 0623 copy 3.jpg,19,19,healthy,healthy,0.9999994
40f4972dad006ec9f4690b7ac09eecf5,PV_data/Corn_(maize)___healthy/d4ec84d5-69d6-45e9-a846-c8976446d31a___R.S_HL 7906 copy.jpg,19,19,healthy,healthy,1.0
58aab0dc8f8f36960eebb39eab385443,PV_data/Corn_(maize)___healthy/d83ea494-b075-49d2-9c86-07e988bd6033___R.S_HL 8095 copy 2.jpg,19,19,healthy,healthy,0.9999976
d23a85eb84762c9231dd5c6b43e470db,PV_data/Corn_(maize)___healthy/d8a72016-5579-43da-841b-d13030eaae6d___R.S_HL 7968 copy.jpg,19,19,healthy,healthy,1.0
a53224fb47cb5da877f0baef599d847a,PV_data/Corn_(maize)___healthy/d96a3d7e-3c5d-4b22-9506-6451660bb8bf___R.S_HL 8182 copy 2.jpg,19,19,healthy,healthy,0.9999981
93787adfe1759d8455f887eb0626142f,PV_data/Corn_(maize)___healthy/db66adfd-cc22-4c44-bf5d-856827ef14b4___R.S_HL 7977 copy.jpg,19,19,healthy,healthy,1.0
8533478201049257b028814c3942de5b,PV_data/Corn_(maize)___healthy/e07b298d-7dff-4297-a884-06c20a77e453___R.S_HL 5503 copy 2.jpg,19,19,healthy,healthy,1.0
25368dfbb5e39d0287ef3fbf6637c2c9,PV_data/Corn_(maize)___healthy/e2735878-7aa1-4db0-9013-6bf31f6e4e43___R.S_HL 0598 copy 2.jpg,19,19,healthy,healthy,0.9998996
c395bc2c5b37e2408370de4ba2f86997,PV_data/Corn_(maize)___healthy/e2e6d3f1-9f01-44e6-a466-0272b8663f8e___R.S_HL 8307 copy.jpg,19,19,healthy,healthy,0.999997
c4bc293234786868f5ffdee429aa6b7d,PV_data/Corn_(maize)___healthy/e3cd8f06-0635-4a93-adb4-21fe7b7fd714___R.S_HL 8226 copy 2.jpg,19,19,healthy,healthy,0.9999999
cda356b2ad81c6a2ffaa988ac1dfc00c,PV_data/Corn_(maize)___healthy/e4b84e79-9126-4f19-984a-3105c07b9029___R.S_HL 8055 copy 3.jpg,19,19,healthy,healthy,1.0
2f7c157903400a7031dfd6e838b94204,PV_data/Corn_(maize)___healthy/e7aa584e-4bbb-470c-9bd0-ffae20349a96___R.S_HL 8169 copy.jpg,19,19,healthy,healthy,1.0
369cb18255be68480715cc0e4af0ab0a,PV_data/Corn_(maize)___healthy/e7f68761-74d5-4947-a40e-1ad45db8aec1___R.S_HL 8161 copy 2.jpg,19,19,healthy,healthy,0.9999999
5f002d1d6eedbd8e203987e54298d0c4,PV_data/Corn_(maize)___healthy/e83663a8-93f0-470c-8f43-7366bb3d8233___R.S_HL 7908 copy 2.jpg,19,19,healthy,healthy,1.0
82337839030a23037766fd18ef30eca6,PV_data/Corn_(maize)___healthy/eb4095e8-2f8e-40a8-bf8f-b49d3dd66c27___R.S_HL 8237 copy 2.jpg,19,19,healthy,healthy,1.0
d1af02b39d099720bb7506125492c516,PV_data/Corn_(maize)___healthy/ee069f8c-3110-446b-827b-f7a229833db6___R.S_HL 8154 copy.jpg,19,19,healthy,healthy,0.99997854
038116d7087ed7a3cef640a4bff3a4cb,PV_data/Corn_(maize)___healthy/eea6fb7d-469e-446d-9383-92098c9f495b___R.S_HL 5511 copy 2.jpg,19,19,healthy,healthy,1.0
18de89c77abbd76982d3633ba106072e,PV_data/Corn_(maize)___healthy/ef061910-eea2-4ebb-9523-d2c0510e3031___R.S_HL 0623 copy 4.jpg,19,19,healthy,healthy,0.9998348
981582d4650f360f97ba25ce76c22992,PV_data/Corn_(maize)___healthy/f0fedb37-88fb-4631-a69c-573c849ced9c___R.S_HL 7892 copy.jpg,19,19,healthy,healthy,0.9999323
790a0082391ea701c8a3d8c775ee8882,PV_data/Corn_(maize)___healthy/f327dad3-e4af-42f0-ab8f-94c1b57c0203___R.S_HL 8088 copy 2.jpg,19,19,healthy,healthy,1.0
858574fd771def55410e82eb96a8083b,PV_data/Corn_(maize)___healthy/f3c516b2-43df-4646-a8fc-a6fe2a81b305___R.S_HL 8332 copy 2.jpg,19,19,healthy,healthy,1.0
d2fe72b409703803505eb2bc9ff14a4a,PV_data/Corn_(maize)___healthy/f741de14-0e76-4922-8c59-3281d55f019a___R.S_HL 5491 copy 2.jpg,19,19,healthy,healthy,1.0
e271de652dc38947ecaa7f48d62be820,PV_data/Corn_(maize)___healthy/f8cfcbb0-78fc-4610-9555-24b5774003b3___R.S_HL 8274 copy.jpg,19,19,healthy,healthy,1.0
6e70dd9d4fa12370095c00c6793c15bb,PV_data/Corn_(maize)___healthy/fe50a4b4-0e43-47d7-afdf-de6544ebbec9___R.S_HL 7952 copy 2.jpg,19,19,healthy,healthy,1.0
6f98db5a2fa42538aac135162ad7a93b,PV_data/Corn_(maize)___healthy/feddfdfa-14e3-4919-a527-814888364871___R.S_HL 5530 copy.jpg,19,19,healthy,healthy,1.0
20661acb6759a0ba2d7d98b9d992dcba,PV_data/Corn_(maize)___healthy/ff78bd79-1823-4a96-8d42-e7cf12dc3127___R.S_HL 5546 copy 2.jpg,19,19,healthy,healthy,1.0
60c5d76b94595affd3e589a33ea03a87,PV_data/Grape___Black_rot/006efc68-9e46-4168-921c-10ef8065702c___FAM_B.Rot 3470.JPG,2,2,Black_rot,Black_rot,0.9700217
5b9af38a680e7ef4cc2e6765b6d0cb97,PV_data/Grape___Black_rot/012658ed-f0a3-4791-a996-7115dd1e6e3b___FAM_B.Rot 3036.JPG,2,2,Black_rot,Black_rot,0.99953467
c2462fef05c7d587142f058c728a1cbb,PV_data/Grape___Black_rot/017268b1-c25c-4299-a566-1b7ba3f1591e___FAM_B.Rot 3014.JPG,2,2,Black_rot,Black_rot,0.999995
f7f684b4b8c221442f6df92d28d3c0bd,PV_data/Grape___Black_rot/04e6bfe5-ccc3-4888-87bb-780035a243e1___FAM_B.Rot 0577.JPG,2,2,Black_rot,Black_rot,0.9999857
2e118f16937fa6058d69d157c3efca1e,PV_data/Grape___Black_rot/06334f9c-abb5-4ded-b731-3588a818ec85___FAM_B.Rot 3497.JPG,2,2,Black_rot,Black_rot,0.99999475
8918bcd62ced0b57e5fbaab258a14584,PV_data/Grape___Black_rot/0679fd57-9695-4627-9825-b0a55cdfa84b___FAM_B.Rot 0451.JPG,2,2,Black_rot,Black_rot,0.99998677
e4b132f7f1ca4ee4d6fa057d502015c4,PV_data/Grape___Black_rot/06fde815-e82e-42b1-acb6-c097f126fb9b___FAM_B.Rot 0628.JPG,2,2,Black_rot,Black_rot,0.9999914
b83c643266cc1a082c68a03f3885f663,PV_data/Grape___Black_rot/0aff8add-93ad-4099-97ae-23515744e620___FAM_B.Rot 0748.JPG,2,2,Black_rot,Black_rot,0.99999046
23bdee021c6c0affd56596394f3cb78d,PV_data/Grape___Black_rot/0cf5d61f-fb1a-4533-b0aa-f174d2acdc82___FAM_B.Rot 0721.JPG,2,2,Black_rot,Black_rot,0.98582363
de2aadccbe3b24e410fa18a9810ea2af,PV_data/Grape___Black_rot/106a2cd1-4ac3-4620-90fe-79067dea22d9___FAM_B.Rot 0456.JPG,2,2,Black_rot,Black_rot,0.97957987
850ebe1426cf440e3953afdc0d414050,PV_data/Grape___Black_rot/12669996-08a8-4ed9-80fb-6f0e1fabca8a___FAM_B.Rot 0386.JPG,2,2,Black_rot,Black_rot,0.9998834
88e7f706202cf4fef8e51b77ccd340f7,PV_data/Grape___Black_rot/12ab53a5-dbd3-4f9f-a95b-500f6c1c4bff___FAM_B.Rot 3195.JPG,2,2,Black_rot,Black_rot,0.9999988
5b4fe29aded1961018ed1a394fd200cc,PV_data/Grape___Black_rot/1596dd33-4e8c-4e1f-8b9e-1894f2dbb1d6___FAM_B.Rot 0353.JPG,2,2,Black_rot,Black_rot,0.9997866
14a6e7a706cfa0d333e70c97e273aa61,PV_data/Grape___Black_rot/1701d7e3-686d-4dc3-b8fe-1fb220c422fc___FAM_B.Rot 0485.JPG,2,2,Black_rot,Black_rot,0.99999976
f6e91f1f4e61da10e2153eaf8c61235f,PV_data/Grape___Black_rot/19fb3c5f-8c99-40da-96b0-4b66e0f87f04___FAM_B.Rot 3072.JPG,2,2,Black_rot,Black_rot,0.9999999
4b211fb11986f84c7c2a189986a77dcc,PV_data/Grape___Black_rot/1a1ba048-3ecb-4ad3-9ccf-87ee96b9a75e___FAM_B.Rot 3628.JPG,2,2,Black_rot,Black_rot,0.99910384
e5bcc14e3d0b99ae12f7a0609631d717,PV_data/Grape___Black_rot/1e3a2734-e21c-438e-a344-935d8d2129f7___FAM_B.Rot 5063.JPG,2,2,Black_rot,Black_rot,0.98927855
1f57b9eb189c1ad4187828c37283b361,PV_data/Grape___Black_rot/1f3c15b8-5d36-4238-a6d3-f5a23ad8865c___FAM_B.Rot 3514.JPG,2,2,Black_rot,Black_rot,0.99999857
e60fb51529ddce74560da7b8289f5a47,PV_data/Grape___Black_rot/20665daf-9b0c-4485-84e3-1387941ce4b3___FAM_B.Rot 0516.JPG,2,2,Black_rot,Black_rot,0.99997985
4b834c1209f6939149a4c1c8fb8a7a3f,PV_data/Grape___Black_rot/21ddccfa-2e67-498c-8ae4-e996ce36bdec___FAM_B.Rot 3466.JPG,2,2,Black_rot,Black_rot,0.99979186
3232237a3dd14c27224b26bfe1fc8751,PV_data/Grape___Black_rot/220154d8-a9a0-4705-9626-db37647e138f___FAM_B.Rot 3401.JPG,2,2,Black_rot,Black_rot,0.9999304
7840d01428e2d94c7c1e2eedeab8f707,PV_data/Grape___Black_rot/2224007e-bf2b-40a0-976f-738871210fc7___FAM_B.Rot 3587.JPG,2,2,Black_rot,Black_rot,0.999995
72ce17073d818d872b5a11e66ff28e8a,PV_data/Grape___Black_rot/237405e4-4ba2-486f-b29f-ceed2a217a90___FAM_B.Rot 3225.JPG,2,2,Black_rot,Black_rot,0.57272494
f0fc4ae837658f100e932cb4c96e2c2f,PV_data/Grape___Black_rot/2442faf8-279d-44a3-9b81-22db5be3d477___FAM_B.Rot 0555.JPG,2,2,Black_rot,Black_rot,0.9994227
b29b441b55c638a46f4724356c12d268,PV_data/Grape___Black_rot/2541dbf5-a9ef-4822-9d47-409bf36d988f___FAM_B.Rot 0634.JPG,2,2,Black_rot,Black_rot,0.99982536
cbcfeb1810081a2905a1b0a4aecbecfc,PV_data/Grape___Black_rot/25724a0e-ed32-47d0-b5bc-70d4c5d0ac9a___FAM_B.Rot 0593.JPG,2,2,Black_rot,Black_rot,0.99981093
030a01f85ca5ef62da1ef8b0d3737ebb,PV_data/Grape___Black_rot/25b865db-bc3b-495f-aab9-966787d9f408___FAM_B.Rot 3055.JPG,2,2,Black_rot,Black_rot,0.9997883
36d1100676962b74e431c5b2e31dcaf2,PV_data/Grape___Black_rot/26c24a0b-568c-407b-90b6-7335ac631f8a___FAM_B.Rot 0536.JPG,2,2,Black_rot,Black_rot,0.9998666
3621582561d5105d3862d7fbadd32bcb,PV_data/Grape___Black_rot/2811c5a0-6f98-413d-bd3a-08f34fde27ec___FAM_B.Rot 3152.JPG,2,2,Black_rot,Black_rot,0.8443424
bab84355f5480015b57c7a94896015d2,PV_data/Grape___Black_rot/28e1d198-a1d1-4a3a-90e9-91b783c4c40a___FAM_B.Rot 3061.JPG,2,2,Black_rot,Black_rot,0.9967245
0c68908593ad91ba17c5673e45f8984b,PV_data/Grape___Black_rot/308370b6-de46-4127-ad4e-ccbc67725881___FAM_B.Rot 3230.JPG,2,2,Black_rot,Black_rot,0.9965082
ec1308ea8250c586ce8551ba1ed2d4c0,PV_data/Grape___Black_rot/312e9cb8-9d37-46eb-bf94-f9323774d41b___FAM_B.Rot 3009.JPG,2,2,Black_rot,Black_rot,0.9999864
3149d7db384524ffb2cb45fc55faf0b3,PV_data/Grape___Black_rot/32ccb28a-15a7-4358-8806-a052914b00e0___FAM_B.Rot 0523.JPG,2,2,Black_rot,Black_rot,0.99999666
26f85ebc3126f32ec3cc76c4401db7e2,PV_data/Grape___Black_rot/366a6137-fac0-4f9c-85e3-afc2da8a350f___FAM_B.Rot 3550.JPG,2,2,Black_rot,Black_rot,0.99988604
be0be304a3e6c9ae0f2108a04a7fee1e,PV_data/Grape___Black_rot/37556529-d885-49b1-a6dd-7250fdc34592___FAM_B.Rot 3618.JPG,2,2,Black_rot,Black_rot,0.9999975
bdfa64bff2447850fe63aa5aa40b4c05,PV_data/Grape___Black_rot/3b4f4925-6982-4527-a88d-6cbacbd60460___FAM_B.Rot 3031.JPG,2,2,Black_rot,Black_rot,0.9996962
a1af584b0aad68c5d129057b714a482e,PV_data/Grape___Black_rot/3bb9a09d-433c-4245-b0a8-7fc8d96d4090___FAM_B.Rot 0720.JPG,2,2,Black_rot,Black_rot,0.9999914
7486ef96018eaad26815483242bc15fd,PV_data/Grape___Black_rot/3f70c9d3-cf8a-43c3-87e3-c7a788579e7a___FAM_B.Rot 3534.JPG,2,2,Black_rot,Black_rot,0.9998331
e1de7612656939ce566e2886a4dc97df,PV_data/Grape___Black_rot/40f7f974-67d0-4a8d-b1b8-386007854643___FAM_B.Rot 0471.JPG,2,2,Black_rot,Black_rot,0.99998426
c13e7864389c5d6ab0283c77b958f145,PV_data/Grape___Black_rot/42aafcbe-ea42-4dc5-bb1c-8e30ec255b6e___FAM_B.Rot 3178.JPG,2,2,Black_rot,Black_rot,0.99999833
f7b00addbd556ac826f127cd2db7d8e0,PV_data/Grape___Black_rot/42aecd06-177a-4efd-9647-2a5dcda46c9b___FAM_B.Rot 3299.JPG,2,2,Black_rot,Black_rot,0.99957114
82bcdbb07b6f9d1245f91bd00f3ebcf3,PV_data/Grape___Black_rot/43fbcf64-eb79-4406-a832-a7567775a94c___FAM_B.Rot 0407.JPG,2,2,Black_rot,Black_rot,0.99974793
6e3524bbc5903b8c9ef3418a2c8923e9,PV_data/Grape___Black_rot/449d4da0-3b3f-4b74-b710-f74f09a3ed69___FAM_B.Rot 0334.JPG,2,2,Black_rot,Black_rot,0.99567586
34ed75cd5745aade4ee1994e3a6daea6,PV_data/Grape___Black_rot/461ca062-5f02-457a-a060-7ba8d459878d___FAM_B.Rot 3427.JPG,2,2,Black_rot,Black_rot,0.99959373
27ab8b4e3ec2012670ef2f9f9292b995,PV_data/Grape___Black_rot/493fb6d4-ab6e-4e65-b365-d9c37c817e0b___FAM_B.Rot 3516.JPG,2,2,Black_rot,Black_rot,0.99944454
616302bf77143790a2cdf4a1d21f69e7,PV_data/Grape___Black_rot/4b58bd4b-a23c-4677-b52e-5301a120c981___FAM_B.Rot 3150.JPG,2,2,Black_rot,Black_rot,0.99959075
244c8f75a4d0915871c71f14ada75728,PV_data/Grape___Black_rot/4b91056f-d3f6-4bdc-9387-7f8458993878___FAM_B.Rot 0757.JPG,2,2,Black_rot,Black_rot,0.96842325
281e96419708c03723ef49982f004184,PV_data/Grape___Black_rot/50911cb0-4fc0-4403-b42d-d21b60b76ed6___FAM_B.Rot 0422.JPG,2,2,Black_rot,Black_rot,0.990562
eaa73ae19634ba37a9a2272139ec5bc5,PV_data/Grape___Black_rot/50b94540-6e19-4dc1-9562-4d005bc609c8___FAM_B.Rot 0439.JPG,2,2,Black_rot,Black_rot,0.99997425
9d89583ae9b735d1a2c9e70e97e24874,PV_data/Grape___Black_rot/51a8eb51-21e7-45b7-a38a-51524c8bbaf3___FAM_B.Rot 3130.JPG,2,2,Black_rot,Black_rot,0.9999938
291370227c2549c5487a95c1448510da,PV_data/Grape___Black_rot/52018b03-b024-4eb9-b19e-b62fd70a2523___FAM_B.Rot 5037.JPG,2,2,Black_rot,Black_rot,0.9588242
fc4087c6f4760f8fc24d566064fb20ff,PV_data/Grape___Black_rot/5253392d-9dc1-45cf-8f69-ac81ac69db47___FAM_B.Rot 0518.JPG,2,2,Black_rot,Black_rot,0.9999714
8004aef1b89f1729abb5bdbc3f9df3d4,PV_data/Grape___Black_rot/53e3967e-a5cf-47b0-a2aa-08f0de24b815___FAM_B.Rot 0423.JPG,2,2,Black_rot,Black_rot,0.9996413
0ef8ab68fa5d6b03e7b0eda75c2a94ae,PV_data/Grape___Black_rot/54c4b168-dee9-4c20-8b41-3aed28fd3aca___FAM_B.Rot 5089.JPG,2,2,Black_rot,Black_rot,0.99714714
e3c580b8d4b7f70018401271ad010b5f,PV_data/Grape___Black_rot/55bd709e-4202-4175-8d60-5302eba8e3d1___FAM_B.Rot 3410.JPG,2,2,Black_rot,Black_rot,0.9807314
321909bf869ee5dcbf40845eaf1d081e,PV_data/Grape___Black_rot/597cb459-6d10-4b4c-b927-c7808cd370a6___FAM_B.Rot 0395.JPG,2,2,Black_rot,Black_rot,0.9999752
be007b7ace4d101a0acfd620bb7d2104,PV_data/Grape___Black_rot/5ca2ac16-73d9-475d-bb60-40afddb76ef0___FAM_B.Rot 3409.JPG,2,7,Black_rot,Esca_(Black_Measles),0.5533708
138243f52f49c860e6eac3a9051ffcf4,PV_data/Grape___Black_rot/5e12ba62-8d95-4348-9278-6ec81b8b7eea___FAM_B.Rot 3186.JPG,2,2,Black_rot,Black_rot,0.9999995
931622fbe52e976db2f0cd8446816a20,PV_data/Grape___Black_rot/5e8d554a-6374-4d36-b389-a56cae97a9d7___FAM_B.Rot 3144.JPG,2,2,Black_rot,Black_rot,0.99999964
4ab0affc67ddd4851dff873672fdd48c,PV_data/Grape___Black_rot/61d82157-b873-457a-ae37-0ed62d6e8c51___FAM_B.Rot 3135.JPG,2,2,Black_rot,Black_rot,0.99997056
48f7d45688d36fdd665bda898a5b568f,PV_data/Grape___Black_rot/623d6138-8f61-48b4-a724-8ca614740ca6___FAM_B.Rot 3167.JPG,2,2,Black_rot,Black_rot,0.99995506
ae47ebf224dc353b6971864c7e9c0f41,PV_data/Grape___Black_rot/630cea2f-1457-4f55-b9cf-ca3a5362fd63___FAM_B.Rot 3075.JPG,2,2,Black_rot,Black_rot,0.9991825
84a56057fcd592f4511c605d546595db,PV_data/Grape___Black_rot/639728f8-1d6b-4f6f-860c-2c48653eb564___FAM_B.Rot 3547.JPG,2,2,Black_rot,Black_rot,0.99978006
cf12c6189bb8e485ae12100034e0b52e,PV_data/Grape___Black_rot/6488bb78-31c7-4836-b562-54ef77da753f___FAM_B.Rot 5073.JPG,2,2,Black_rot,Black_rot,0.9991743
b4898577f9a375dfe652c7b3d15d4665,PV_data/Grape___Black_rot/64e0f03c-56e7-409e-8e0c-77d3e4bbb7ee___FAM_B.Rot 5064.JPG,2,2,Black_rot,Black_rot,0.9993967
634e83863da8b933ce3db9002e7290fc,PV_data/Grape___Black_rot/671c5fce-9cae-430f-b798-d7ff4a859773___FAM_B.Rot 3125.JPG,2,2,Black_rot,Black_rot,0.99959934
648b331cd418bfc1632ce5bf12445c54,PV_data/Grape___Black_rot/674d1b13-c042-4b8d-8df3-406ba1ea6c9f___FAM_B.Rot 0736.JPG,2,2,Black_rot,Black_rot,0.99974793
33ca3b2aa3cad924adfd2a62167a222c,PV_data/Grape___Black_rot/6813e6bf-0878-4e6b-85a2-24e2a7c563d0___FAM_B.Rot 3385.JPG,2,2,Black_rot,Black_rot,0.99975044
f610076cd8314254c121371d771776d5,PV_data/Grape___Black_rot/6a140925-ad57-4690-abc4-0aad99a706e8___FAM_B.Rot 0554.JPG,2,2,Black_rot,Black_rot,0.99310476
f024e63326dfae1f9b1ac543dd9b3f44,PV_data/Grape___Black_rot/6a292305-78bc-4000-ad62-857b4261fec5___FAM_B.Rot 5090.JPG,2,2,Black_rot,Black_rot,0.9967957
fa613e47a6c057f648cec742453a174f,PV_data/Grape___Black_rot/6a7b59ac-9e36-4c8c-bbe5-3ab4bbfe7d26___FAM_B.Rot 0565.JPG,2,2,Black_rot,Black_rot,0.9999999
2092bc00121ffd549b847ed359394baa,PV_data/Grape___Black_rot/6a9a646a-60df-4044-94bc-fc3f0fad2fca___FAM_B.Rot 3235.JPG,2,2,Black_rot,Black_rot,0.9931566
286f2330c516195b20abdb9cb8ec67a0,PV_data/Grape___Black_rot/6cb9a452-597b-4e9f-8bdc-f48aa398874d___FAM_B.Rot 0678.JPG,2,2,Black_rot,Black_rot,0.99998033
91d15b699ddc06eac64c2cbca4dff685,PV_data/Grape___Black_rot/6db7ba10-ca7d-4709-a171-90fefad9dc05___FAM_B.Rot 5111.JPG,2,2,Black_rot,Black_rot,0.99952006
65a00da5f228603eaeff6480606fd306,PV_data/Grape___Black_rot/704fed67-9ea8-4832-80ef-170c1029c497___FAM_B.Rot 5033.JPG,2,2,Black_rot,Black_rot,0.99568874
c54a9876372050663325989b9c39ac66,PV_data/Grape___Black_rot/726f2717-235a-45cf-8a0b-ba76b5e54771___FAM_B.Rot 3217.JPG,2,2,Black_rot,Black_rot,0.99999905
4d58fe60b99f7c8d7b8cf429d6ce42b0,PV_data/Grape___Black_rot/7661223b-e7e1-48e0-97e6-0df8e696fbad___FAM_B.Rot 3280.JPG,2,2,Black_rot,Black_rot,0.9874324
cb3af412547a34f7f600d0e0b76d1769,PV_data/Grape___Black_rot/78687a2d-624c-4462-84d3-fb8384f532e7___FAM_B.Rot 3595.JPG,2,2,Black_rot,Black_rot,0.99727064
753ac8b7117b4361248822008ab9a630,PV_data/Grape___Black_rot/793ac5bc-a6e7-4988-a757-16768d3f8870___FAM_B.Rot 3346.JPG,2,2,Black_rot,Black_rot,0.96723
0f43e310b9d31e66395671521d77e571,PV_data/Grape___Black_rot/7aac1eed-28f8-410a-beea-4dc99b54fd69___FAM_B.Rot 3153.JPG,2,6,Black_rot,Early_blight,0.68727607
a81f5e848edd1d7ac8d9bc0f4179c02e,PV_data/Grape___Black_rot/7b6831ec-c21f-4b02-8f83-7c08a9eab2ff___FAM_B.Rot 3523.JPG,2,2,Black_rot,Black_rot,0.9999782
0213668d29607ed2a6773fd420d389a4,PV_data/Grape___Black_rot/7be2d885-f2a9-4336-9eb0-f2c2e9d879f4___FAM_B.Rot 3343.JPG,2,2,Black_rot,Black_rot,0.992695
1612c50432d490407a2a33008b6d7e0e,PV_data/Grape___Black_rot/7c515504-bb19-49fd-8253-593342a3013f___FAM_B.Rot 0514.JPG,2,2,Black_rot,Black_rot,0.99930537
dec902d090a9bb709c495a20576c4828,PV_data/Grape___Black_rot/7df2a430-5b23-4c2c-9268-a0de52733c39___FAM_B.Rot 0356.JPG,2,14,Black_rot,Septoria_leaf_spot,0.72285193
e163719b1c4a24ec320afc210836131a,PV_data/Grape___Black_rot/7fca570e-59da-4f97-829d-dec4eeb0f341___FAM_B.Rot 3525.JPG,2,2,Black_rot,Black_rot,0.99995995
8fb296c21d7272655c704301eb1dd3dc,PV_data/Grape___Black_rot/840871b3-63fb-4c24-a455-b26b2d6b1bb1___FAM_B.Rot 0503.JPG,2,2,Black_rot,Black_rot,0.9999852
11d893787f1d3a1b9a6a00a841cd79c5,PV_data/Grape___Black_rot/858899f7-5627-4674-af30-8c4cc7fd5535___FAM_B.Rot 3340.JPG,2,2,Black_rot,Black_rot,0.999604
45712cfaa4de175d0894d96b76eb9bbf,PV_data/Grape___Black_rot/882ad038-3d79-491d-b9f4-dc3357e5b34e___FAM_B.Rot 0602.JPG,2,2,Black_rot,Black_rot,0.9999019
ee99b1fff6bb525dd6c2cb18ff43ae33,PV_data/Grape___Black_rot/883258f4-f61d-413f-8231-f2cf18947b72___FAM_B.Rot 0459.JPG,2,2,Black_rot,Black_rot,0.9999981
c6f8f3fb18817f7e8a481e85e27b0aaa,PV_data/Grape___Black_rot/8a021f3a-e9a4-4af9-a37d-d558b25c3452___FAM_B.Rot 3363.JPG,2,2,Black_rot,Black_rot,0.9988341
13d31bd63b3a785c4ef028d487acc5b5,PV_data/Grape___Black_rot/8ac447fe-062a-4a55-8891-776cc5c2cb61___FAM_B.Rot 0761.JPG,2,2,Black_rot,Black_rot,0.99999976
628ad8c585044b984fb4a2567a4ce17a,PV_data/Grape___Black_rot/8bc229a3-e9bd-4691-a50f-d26cda2f06c2___FAM_B.Rot 0326.JPG,2,2,Black_rot,Black_rot,0.99985206
dca218a2a6654912925e5e1789f00fde,PV_data/Grape___Black_rot/8c2374fd-2ad8-4f94-8634-9adfc9933444___FAM_B.Rot 0543.JPG,2,2,Black_rot,Black_rot,0.9999981
14797d65f22a236628d43c79cfc570a7,PV_data/Grape___Black_rot/8e6afe37-0b36-4470-bb3a-bf3bf96475d4___FAM_B.Rot 3521.JPG,2,2,Black_rot,Black_rot,0.99974066
b94df424700a0ed449b1ee009594349b,PV_data/Grape___Black_rot/901e836a-591f-4b64-876b-33c8be0fd856___FAM_B.Rot 3103.JPG,2,2,Black_rot,Black_rot,0.9999571
e87566818c666e799ce12a107774f994,PV_data/Grape___Black_rot/903c52a3-7f01-4b6d-be46-cde5909d5a8b___FAM_B.Rot 0429.JPG,2,2,Black_rot,Black_rot,0.9999969
fb0009b994f9c39383cde0aae9e39a5a,PV_data/Grape___Black_rot/90ef5d0f-2546-415e-aef4-daf452fec1be___FAM_B.Rot 3387.JPG,2,2,Black_rot,Black_rot,0.8435838
7fcc2cb4d5976ee81a40650d08213bbe,PV_data/Grape___Black_rot/926d12b2-ca2a-47c1-bf78-dab6e7826069___FAM_B.Rot 3239.JPG,2,2,Black_rot,Black_rot,0.99296325
365c86fd749fa77507be5309cac093d5,PV_data/Grape___Black_rot/9286be3b-f436-4bfa-856e-75a613a4f70e___FAM_B.Rot 5099.JPG,2,2,Black_rot,Black_rot,0.99997747
a0d22de487d0f3975e3dd6798bc082a8,PV_data/Grape___Black_rot/95aa02f8-6dcb-46d2-baee-cc26b10ca094___FAM_B.Rot 0479.JPG,2,2,Black_rot,Black_rot,0.9995173
12eca6cc1bb6d2ccb31498b75a20a2b4,PV_data/Grape___Black_rot/967a897e-f058-4f33-bb28-fcc57206eb4f___FAM_B.Rot 0484.JPG,2,2,Black_rot,Black_rot,0.99999976
48a915b318f118a1e02a65afd76e10d8,PV_data/Grape___Black_rot/9687cfa3-24f6-419f-b8cb-9e885866c4a8___FAM_B.Rot 3374.JPG,2,2,Black_rot,Black_rot,0.9956268
9ce446fe1fa2fa80d5e0adb6d744eca3,PV_data/Grape___Black_rot/96da0067-ff51-4631-9546-44da9931d894___FAM_B.Rot 0377.JPG,2,2,Black_rot,Black_rot,0.9384366
e93fdc0b3b809f5c35c55ae0a1f1421c,PV_data/Grape___Black_rot/98f7fb58-363a-4475-8f11-6d931c509c3e___FAM_B.Rot 3607.JPG,2,2,Black_rot,Black_rot,0.9948841
bccbe3595d48b082c2a640fbdc3edfa5,PV_data/Grape___Black_rot/9a8bea1b-f6ff-4313-a943-b27b4850761e___FAM_B.Rot 3141.JPG,2,2,Black_rot,Black_rot,0.9999975
6211713eb366aa840f5add912652c866,PV_data/Grape___Black_rot/9b42e289-6e83-4788-b453-fd1b1a9006ae___FAM_B.Rot 3071.JPG,2,2,Black_rot,Black_rot,0.9999974
9d7d9f1f56825591d92f407aa2eee07a,PV_data/Grape___Black_rot/9e03a638-fcf6-494b-859f-3beead48e8cd___FAM_B.Rot 0432.JPG,2,2,Black_rot,Black_rot,0.9999995
15dd86688ca59b3fb1d55b1cf2aade03,PV_data/Grape___Black_rot/a15de63e-7c9d-4171-bc7f-8399249ed247___FAM_B.Rot 3090.JPG,2,2,Black_rot,Black_rot,0.99997413
4b0aac178bdfdbd6d886008945049eb6,PV_data/Grape___Black_rot/a3bcb66a-36e5-4c73-801a-4e1013c30058___FAM_B.Rot 3219.JPG,2,2,Black_rot,Black_rot,0.90310276
b2a5fce46265908994d9544f96c085a7,PV_data/Grape___Black_rot/a42262f5-5068-4640-85d3-a285fe0f5004___FAM_B.Rot 3123.JPG,2,2,Black_rot,Black_rot,0.99999595
832ce474b0f11a0f68a3c33ecf35c473,PV_data/Grape___Black_rot/a6c171eb-ae85-42ec-b4c1-02fbb2b647ac___FAM_B.Rot 0728.JPG,2,2,Black_rot,Black_rot,0.9999052
de9578b0d25cdd7e33526ddfb68632d7,PV_data/Grape___Black_rot/a6ef3e8d-1bd6-4426-9251-cf7985a04f26___FAM_B.Rot 0468.JPG,2,2,Black_rot,Black_rot,0.9998965
b7a363044c3dc83cd3c40a14c97eaba6,PV_data/Grape___Black_rot/a729f8d8-c001-490e-a057-bd6083b00ed6___FAM_B.Rot 3106.JPG,2,2,Black_rot,Black_rot,0.84926295
dfd2840cfa10e8e32acb4069b9db46b5,PV_data/Grape___Black_rot/a7ceb34f-c330-4239-a235-bfff8d2a12ac___FAM_B.Rot 3345.JPG,2,2,Black_rot,Black_rot,0.99898046
90270e5fea5433c30db4ef8ac086e1c1,PV_data/Grape___Black_rot/a8297426-4f59-4df0-94e0-c41cbaa63383___FAM_B.Rot 3302.JPG,2,2,Black_rot,Black_rot,0.99999964
07a26ee8fae85b848aa52678aace4628,PV_data/Grape___Black_rot/a919f188-f2ef-4e7a-88f7-236491cd4ba8___FAM_B.Rot 3500.JPG,2,2,Black_rot,Black_rot,0.9945015
84be3e64215ba2fbe5745a1f45e6af5d,PV_data/Grape___Black_rot/a91c5989-a36b-4dac-981c-f19dd18cc522___FAM_B.Rot 3488.JPG,2,2,Black_rot,Black_rot,0.98096126
ed1c511410bce6ed3d7a023e6ccc9a10,PV_data/Grape___Black_rot/aa600fb5-718b-443a-b959-21d13c97a5c2___FAM_B.Rot 0686.JPG,2,2,Black_rot,Black_rot,0.9614864
3a839df0d7d57c12f936f0d356fda375,PV_data/Grape___Black_rot/ab075df6-0bb0-4b45-a855-825db3ec5196___FAM_B.Rot 3155.JPG,2,2,Black_rot,Black_rot,0.99992573
1adeaf26599853fc853a847f3400abe4,PV_data/Grape___Black_rot/ab0d0af3-5f10-4eb9-a043-9c7a3a696075___FAM_B.Rot 3306.JPG,2,2,Black_rot,Black_rot,0.99999964
eff18c48ecf270c9aa34ce8fdf687e80,PV_data/Grape___Black_rot/ab274db8-a323-48e9-8d02-be441144f6f4___FAM_B.Rot 3238.JPG,2,2,Black_rot,Black_rot,0.9992431
3de8990729f62b1877ace41314dd0626,PV_data/Grape___Black_rot/ab93f9e5-dfcb-4f51-8470-3dbb3d9935dc___FAM_B.Rot 0497.JPG,2,2,Black_rot,Black_rot,0.8830102
844047f2bee19dfc9164fa0091fa0c12,PV_data/Grape___Black_rot/abf20d6d-258d-4991-bc46-39c8b72e499e___FAM_B.Rot 3445.JPG,2,2,Black_rot,Black_rot,0.98702335
08f1c20b32b6ea1c8631cf0c15e869d7,PV_data/Grape___Black_rot/ad364b4a-8e64-4e9a-9e9e-9e535774a9d1___FAM_B.Rot 3064.JPG,2,2,Black_rot,Black_rot,0.9992512
08271348204afe4158c833b05af30ecb,PV_data/Grape___Black_rot/aeb30f42-c4b4-451a-9e5c-1e0f7510b023___FAM_B.Rot 0630.JPG,2,2,Black_rot,Black_rot,0.9999995
009c19ecf83abe9d3ccde5b91f04097c,PV_data/Grape___Black_rot/b2158b67-cc34-4d6e-ab41-d7879b20e801___FAM_B.Rot 3349.JPG,2,2,Black_rot,Black_rot,0.9727686
d0f198a4a27592dace47c30c042b8dab,PV_data/Grape___Black_rot/b303a2a2-8c2a-4b70-9517-e932835b6016___FAM_B.Rot 3136.JPG,2,2,Black_rot,Black_rot,0.99999285
5f684ab4411b9201d0e0a08608a873cf,PV_data/Grape___Black_rot/b74183ce-4579-4ea7-bfa2-4d9453e1d05d___FAM_B.Rot 3453.JPG,2,2,Black_rot,Black_rot,0.99994385
6ec074ff683f891c8bcec973cf7afec4,PV_data/Grape___Black_rot/b9583e41-c022-4796-918f-7b481103dc4e___FAM_B.Rot 0532.JPG,2,2,Black_rot,Black_rot,0.9999887
d856af3da2ddc642fa3da742760eaba7,PV_data/Grape___Black_rot/bacb1da3-6758-47a9-920f-274b227c0944___FAM_B.Rot 0474.JPG,2,2,Black_rot,Black_rot,0.9999583
bc129309523bbb976965927183fe138e,PV_data/Grape___Black_rot/bacc041a-df0e-401f-8da5-85303f596784___FAM_B.Rot 0592.JPG,2,2,Black_rot,Black_rot,0.99986947
977801b2476983aa3e5f4041d497cada,PV_data/Grape___Black_rot/bae4a493-664a-4de0-ba94-772f8053e6f7___FAM_B.Rot 5046.JPG,2,2,Black_rot,Black_rot,0.99039865
1b67a29dd8ae3f7a576a40d0b071f00d,PV_data/Grape___Black_rot/bc29bf91-3597-48d1-8ec3-8fe9112185ca___FAM_B.Rot 0760.JPG,2,2,Black_rot,Black_rot,0.98568195
90d61753cda1c1483ce9a98d9cac565a,PV_data/Grape___Black_rot/bd154441-20f1-4052-a268-899a73e4b680___FAM_B.Rot 3315.JPG,2,2,Black_rot,Black_rot,0.99717355
a1b8ed13fdaf46172140b73e950c041b,PV_data/Grape___Black_rot/bedd096d-7b67-4da5-be9a-a4acabfffe18___FAM_B.Rot 3598.JPG,2,2,Black_rot,Black_rot,0.9988569
e331b62cacb43a4d3a849d548a4e927a,PV_data/Grape___Black_rot/bfc00633-7fa0-4430-aae3-596e196a0a6a___FAM_B.Rot 3303.JPG,2,2,Black_rot,Black_rot,0.9999645
2d045bebc5eb2f6bd3beef81b1831d6d,PV_data/Grape___Black_rot/c130b096-87fc-45c9-823d-ea18438c04f8___FAM_B.Rot 0447.JPG,2,2,Black_rot,Black_rot,0.99999976
a5562c4b3466657814670a8147cf87be,PV_data/Grape___Black_rot/c1721601-4172-4785-8319-ee6d550d7363___FAM_B.Rot 0705.JPG,2,2,Black_rot,Black_rot,0.9998491
3f92c1faa2a3ac61f6977bf59ddbcd4e,PV_data/Grape___Black_rot/c1a903d5-1f13-4206-bbc7-4e775e5b9334___FAM_B.Rot 5107.JPG,2,2,Black_rot,Black_rot,0.9999801
19a6c13601d1030000a8385bd8bf7699,PV_data/Grape___Black_rot/c1d1fa11-2ed7-46b9-b87f-3b351998f7fe___FAM_B.Rot 0428.JPG,2,2,Black_rot,Black_rot,0.99999607
a7f4d607b63c7f9a41369074243eef0f,PV_data/Grape___Black_rot/c433030c-75eb-465e-9d1d-b6da53552459___FAM_B.Rot 3146.JPG,2,2,Black_rot,Black_rot,0.9893203
2b0f16e40306730568cac6262a380acc,PV_data/Grape___Black_rot/c6e1f132-3e73-4c9a-acee-ca707f2203d7___FAM_B.Rot 5008.JPG,2,2,Black_rot,Black_rot,0.9725018
d86dd7b458872bc7e4440f6dcbc582f0,PV_data/Grape___Black_rot/ca6aa4c7-f7f6-4d8a-8fb5-5813ba90e00c___FAM_B.Rot 0446.JPG,2,2,Black_rot,Black_rot,0.99977136
37d39f0ab341fe819001bb2543d0898d,PV_data/Grape___Black_rot/d048fcf4-7c92-4c62-8a0c-bcda83387a07___FAM_B.Rot 0742.JPG,2,2,Black_rot,Black_rot,0.9999548
b5065dd7621f996cef2c5bb093f9b2d5,PV_data/Grape___Black_rot/d336d448-b524-4596-ab0b-8267f4936135___FAM_B.Rot 3364.JPG,2,2,Black_rot,Black_rot,0.95154756
e73c37062f80f95938eb96188580cb5a,PV_data/Grape___Black_rot/d3bc40cd-beca-449a-9ec3-f50981efe749___FAM_B.Rot 0702.JPG,2,2,Black_rot,Black_rot,0.9999864
b39e2b2c05a7bdb6c7250e265cd7a394,PV_data/Grape___Black_rot/d5222a7a-9aca-4c0e-9a62-061bfb9dbdd8___FAM_B.Rot 3501.JPG,2,2,Black_rot,Black_rot,0.9972325
dc06e0328f477d06b8d8bae3469758c0,PV_data/Grape___Black_rot/d6b17e3c-bb9f-431c-a67b-c28e7c3b72ca___FAM_B.Rot 3461.JPG,2,2,Black_rot,Black_rot,0.9993352
1dca877d8ff81758d8b4c828f4042571,PV_data/Grape___Black_rot/d87304a3-073d-4f06-838d-7ea029bbcffd___FAM_B.Rot 3589.JPG,2,2,Black_rot,Black_rot,0.9999857
adc749b221ec7432ab2dad543301c11f,PV_data/Grape___Black_rot/da9513b8-5974-4ccc-8a64-3c6c9047010a___FAM_B.Rot 3541.JPG,2,2,Black_rot,Black_rot,0.9997156
9a9b3d7d3310276ec354142968a60052,PV_data/Grape___Black_rot/db94dbdb-30b1-4528-884a-90accbbb37fa___FAM_B.Rot 0696.JPG,2,2,Black_rot,Black_rot,0.99997234
8a644d0c0858652352dcf33cd0b2033b,PV_data/Grape___Black_rot/dd9d9f5b-382d-4348-b878-618b99f19915___FAM_B.Rot 3286.JPG,2,2,Black_rot,Black_rot,0.9999999
e8c99be38183bee2ec99f720b71c5983,PV_data/Grape___Black_rot/de5b642b-8598-4827-b9bd-b528fa031b96___FAM_B.Rot 3499.JPG,2,2,Black_rot,Black_rot,0.99962485
d5d65e4162ea18359a37283c9570ac72,PV_data/Grape___Black_rot/de63ae94-76e4-489c-94fd-21199e6f7732___FAM_B.Rot 3251.JPG,2,2,Black_rot,Black_rot,0.98852825
465a54ccd8d1ca5964c8c6f8c08ccd5f,PV_data/Grape___Black_rot/de972c6c-f2a4-485d-89e4-c8123c3c4545___FAM_B.Rot 3078.JPG,2,2,Black_rot,Black_rot,0.9998306
418eff2a8e3205fc22c5daa754fcf141,PV_data/Grape___Black_rot/e16c58ee-a3e8-4586-ae53-4dd47b86be56___FAM_B.Rot 0756.JPG,2,2,Black_rot,Black_rot,0.99999356
4f08691ed2418da82d15e34c0ddfebcf,PV_data/Grape___Black_rot/e17eca18-a9bc-4cf6-a350-8c2ddf3cfe35___FAM_B.Rot 5097.JPG,2,2,Black_rot,Black_rot,0.99995196
963788a14e55ef394c1b0d976259c1b8,PV_data/Grape___Black_rot/e1e8dd0c-499e-49c5-81e1-c059d83bbf63___FAM_B.Rot 0715.JPG,2,2,Black_rot,Black_rot,0.54090303
6cf1295452e6b24a7ead2493da4f3dee,PV_data/Grape___Black_rot/e29dff4c-302a-4424-8f53-6d20931342a0___FAM_B.Rot 0590.JPG,2,2,Black_rot,Black_rot,0.8574652
77f1044c913386fa82583574cd36dcb7,PV_data/Grape___Black_rot/e4049ecb-7ff1-4bdf-a6e9-d99ad5d4d690___FAM_B.Rot 3492.JPG,2,2,Black_rot,Black_rot,0.99991405
fb6932e36c78c5d3afd00c5944801b9b,PV_data/Grape___Black_rot/e433b682-23e6-4618-8bdf-94e198c22858___FAM_B.Rot 3348.JPG,2,6,Black_rot,Early_blight,0.6188738
5220af241e35c29960e24ff901b0754e,PV_data/Grape___Black_rot/e751fc65-f484-4022-9ea8-a4199a8cc67a___FAM_B.Rot 3432.JPG,2,2,Black_rot,Black_rot,0.9997619
9e798671782c6311884bf7a17f3729ca,PV_data/Grape___Black_rot/e7cae881-171d-442c-aa19-04b82b6c055d___FAM_B.Rot 0534.JPG,2,2,Black_rot,Black_rot,0.9998683
923ce85e63e0f6ef3721377333ebdf74,PV_data/Grape___Black_rot/e7dc456b-f8c8-4cdb-b1d3-fe5d543991f1___FAM_B.Rot 0549.JPG,2,2,Black_rot,Black_rot,0.62455016
e553bb3f9ae08be8a701ddfc4fbb1c7f,PV_data/Grape___Black_rot/e83845d6-8cd7-4dd7-a71e-3a901bc6db06___FAM_B.Rot 0559.JPG,2,2,Black_rot,Black_rot,0.99175465
cc2041ecdb1a6a298d53c50b2070dd45,PV_data/Grape___Black_rot/e98c6a46-badc-44af-992e-1493f70cf6f5___FAM_B.Rot 3138.JPG,2,2,Black_rot,Black_rot,0.9999968
1128b4d4e4bd4e7e8b279e9c246260e7,PV_data/Grape___Black_rot/ee376899-ae9e-4f14-9e05-11aa9517487f___FAM_B.Rot 0652.JPG,2,2,Black_rot,Black_rot,0.9999025
c4aa5e04e57bd00f5c19bd90f88b2bc1,PV_data/Grape___Black_rot/eecf59c3-7fed-4403-b6e2-f2f4ee967768___FAM_B.Rot 5050.JPG,2,2,Black_rot,Black_rot,0.99994075
df44e2a640e004e80d9015c353085b22,PV_data/Grape___Black_rot/f0cb2eb6-70cf-4270-9091-0d9ad45eee5c___FAM_B.Rot 3223.JPG,2,2,Black_rot,Black_rot,0.9752251
1f85bd4d0b5b591b107e7fc91997741a,PV_data/Grape___Black_rot/f23737c8-26a7-4b16-b25b-85ba58c4a986___FAM_B.Rot 0598.JPG,2,2,Black_rot,Black_rot,0.9999647
3f7bb2527073bdded6db6d3be081326c,PV_data/Grape___Black_rot/f6280204-a771-45f8-b217-c69938fbb84f___FAM_B.Rot 3567.JPG,2,2,Black_rot,Black_rot,0.9999913
c1a6d83e465ac2c3ab35e9bb890c5aa6,PV_data/Grape___Black_rot/f704774d-f2f1-44fc-a8e9-098d4c455ace___FAM_B.Rot 0461.JPG,2,2,Black_rot,Black_rot,0.9999987
131b713cc33633d65672c783546a1ff9,PV_data/Grape___Black_rot/f8ee6c26-bb61-4956-a3fb-8a96342249fa___FAM_B.Rot 3158.JPG,2,2,Black_rot,Black_rot,0.99999106
393513f6fe1c48e1e4bb3099996e99db,PV_data/Grape___Black_rot/fa07010a-ee0b-49a7-909e-4c72cb079a9d___FAM_B.Rot 0336.JPG,2,2,Black_rot,Black_rot,0.9812449
2969a22a02cc0cb903a39a1541f5cb10,PV_data/Grape___Black_rot/faf6fee8-7092-4955-8c90-abee39bd7bd4___FAM_B.Rot 0473.JPG,2,2,Black_rot,Black_rot,0.9999672
9572c6c300870f16cd2b04c24d2de455,PV_data/Grape___Black_rot/fc4a5f21-0d08-479d-b506-2d5eae6d0ac1___FAM_B.Rot 3358.JPG,2,2,Black_rot,Black_rot,0.99999523
3e5c08f784585196b0626af369ca7a28,PV_data/Grape___Black_rot/fc75404e-0b13-4827-8fde-b9b92be735cc___FAM_B.Rot 0330.JPG,2,2,Black_rot,Black_rot,0.9995073
e2e56ac722bc7727b94da94daf034157,PV_data/Grape___Esca_(Black_Measles)/019afd88-6645-44c4-a5d2-bd583b877a50___FAM_B.Msls 1744.JPG,7,7,Esca_(Black_Measles),Esca_(Black_Measles),1.0
af115f199681d2c15b50b762428fef16,PV_data/Grape___Esca_(Black_Measles)/01c74b8d-1113-47c0-86a3-6ceea27853c0___FAM_B.Msls 4113.JPG,7,7,Esca_(Black_Measles),Esca_(Black_Measles),0.999995
e7ca90d7d451b4a338ec844c26e699df,PV_data/Grape___Esca_(Black_Measles)/0429d206-55e2-4e3c-8cc5-c7a590db9c11___FAM_B.Msls 1803.JPG,7,7,Esca_(Black_Measles),Esca_(Black_Measles),0.99991214
c822d5c3df99916b298528c5274d8b8a,PV_data/Grape___Esca_(Black_Measles)/04bb8842-a90a-410b-a211-2cfb76735d8b___FAM_B.Msls 4289.JPG,7,7,Esca_(Black_Measles),Esca_(Black_Measles),1.0
602340fd9fc9fce15a835920636cabeb,PV_data/Grape___Esca_(Black_Measles)/0598129d-b448-4576-9c66-650388302622___FAM_B.Msls 4097.JPG,7,7,Esca_(Black_Measles),Esca_(Black_Measles),0.9999975
0b02a91ce01c24091c40d0fe22e0f94e,PV_data/Grape___Esca_(Black_Measles)/06b3cef1-9eeb-4a15-a8c6-429532a64e2e___FAM_B.Msls 4427.JPG,7,7,Esca_(Black_Measles),Esca_(Black_Measles),0.9878027
bf2d11eb65f839c2810e33f63dc13e9f,PV_data/Grape___Esca_(Black_Measles)/09282a81-6cb1-4140-b6a3-6ea517ee31f9___FAM_B.Msls 3928.JPG,7,7,Esca_(Black_Measles),Esca_(Black_Measles),1.0
097468ea19a4d7b7f6157cface64c2ac,PV_data/Grape___Esca_(Black_Measles)/0ab276b8-1342-4b3b-a87d-620880112e9c___FAM_B.Msls 1009.JPG,7,7,Esca_(Black_Measles),Esca_(Black_Measles),1.0
9a4845e3bf573b5cfe8b7bffa905f08e,PV_data/Grape___Esca_(Black_Measles)/0b7270e2-a05c-45ea-9803-b4d3aa31ab18___FAM_B.Msls 1292.JPG,7,7,Esca_(Black_Measles),Esca_(Black_Measles),0.99999654
444e3d8c3e0850199866689642f8014e,PV_data/Grape___Esca_(Black_Measles)/0ca3b914-f951-485e-897d-ed75dc3c423f___FAM_B.Msls 3844.JPG,7,7,Esca_(Black_Measles),Esca_(Black_Measles),1.0
bc63841846dfd4a9debee7fcc3c01e6a,PV_data/Grape___Esca_(Black_Measles)/0d56d708-22c4-477a-bd29-7c5776dbcf25___FAM_B.Msls 4457.JPG,7,7,Esca_(Black_Measles),Esca_(Black_Measles),1.0
2e12776d0f6bdf02d31ef2e22efbeb69,PV_data/Grape___Esca_(Black_Measles)/0e944041-c132-49cb-bd8c-0224c0f06cad___FAM_B.Msls 1241.JPG,7,7,Esca_(Black_Measles),Esca_(Black_Measles),1.0
de87135f4e3e4b4042e5f71edeb298f3,PV_data/Grape___Esca_(Black_Measles)/0fc171a5-5a95-47b4-a2b2-6b36b51b27bf___FAM_B.Msls 4381.JPG,7,7,Esca_(Black_Measles),Esca_(Black_Measles),1.0
2ce8361aecfb8f70242237745ca56ff6,PV_data/Grape___Esca_(Black_Measles)/10306b6a-6de5-4fcf-acb4-aad5e37ece3d___FAM_B.Msls 3918.JPG,7,7,Esca_(Black_Measles),Esca_(Black_Measles),0.9999777
e5b74b35919f810198bf35dfa72bd5cd,PV_data/Grape___Esca_(Black_Measles)/125b2ab2-473d-4b42-adc5-f0619bf48b91___FAM_B.Msls 1256.JPG,7,7,Esca_(Black_Measles),Esca_(Black_Measles),0.9996899
a5ccfdb871c070cc367c03e53cc239de,PV_data/Grape___Esca_(Black_Measles)/12bc502a-e3c4-4748-8715-2d757997e344___FAM_B.Msls 1857.JPG,7,7,Esca_(Black_Measles),Esca_(Black_Measles),0.99999475
880513848593012bcb376d7462dd18af,PV_data/Grape___Esca_(Black_Measles)/12e7f078-c4ae-4334-97a7-1533320b1f41___FAM_B.Msls 3856.JPG,7,11,Esca_(Black_Measles),Leaf_scorch,0.99865556
814fb2845f618ed95b8760ff457eb2ad,PV_data/Grape___Esca_(Black_Measles)/12ee472b-9386-4d02-80d5-9d947f82a819___FAM_B.Msls 1340.JPG,7,7,Esca_(Black_Measles),Esca_(Black_Measles),0.9909862
4eed975f2610eda232db1b21b28f7f9c,PV_data/Grape___Esca_(Black_Measles)/1351fdd4-210d-4767-aa56-442096556fa9___FAM_B.Msls 1255.JPG,7,7,Esca_(Black_Measles),Esca_(Black_Measles),0.9989453
22709fbfe2b0f7b435436a9cc52f5b64,PV_data/Grape___Esca_(Black_Measles)/13e2440f-af59-47bc-b060-4c8c8ba82f7b___FAM_B.Msls 1100.JPG,7,7,Esca_(Black_Measles),Esca_(Black_Measles),1.0
0d4551878357b192557a57822cea137c,PV_data/Grape___Esca_(Black_Measles)/1461c5b3-2b6b-4cd2-947c-f2610257bde9___FAM_B.Msls 3899.JPG,7,7,Esca_(Black_Measles),Esca_(Black_Measles),0.99751794
5b6ffd75a8f8de4f5e626286272ee068,PV_data/Grape___Esca_(Black_Measles)/1480083c-86a4-479c-90cf-9488d782f32e___FAM_B.Msls 1317.JPG,7,7,Esca_(Black_Measles),Esca_(Black_Measles),1.0
dc0b0f7fcfa41649f2d742ed4e1521ed,PV_data/Grape___Esca_(Black_Measles)/17c6b47a-d03e-4b80-9a35-0db97d82357d___FAM_B.Msls 4204.JPG,7,7,Esca_(Black_Measles),Esca_(Black_Measles),0.9999999
1c81c0bfe27efcac5323848783e52cc7,PV_data/Grape___Esca_(Black_Measles)/17f06d95-a112-4a6f-85ab-c8d29a98a461___FAM_B.Msls 4172.JPG,7,7,Esca_(Black_Measles),Esca_(Black_Measles),0.9999975
4e305262dc05d401d494c8584bd504b9,PV_data/Grape___Esca_(Black_Measles)/1a550a2d-aafb-44c7-9358-aa8fceeb183a___FAM_B.Msls 1773.JPG,7,7,Esca_(Black_Measles),Esca_(Black_Measles),1.0
bca10a7e039768c1031dd097e0dee351,PV_data/Grape___Esca_(Black_Measles)/1a93f5a0-49ce-4ec1-b47b-13bb1da34a35___FAM_B.Msls 1751.JPG,7,7,Esca_(Black_Measles),Esca_(Black_Measles),1.0
29722270eb9b4b0ec12b5c902ebda7d0,PV_data/Grape___Esca_(Black_Measles)/1aeac161-7472-4d64-bd17-da030db1fdcb___FAM_B.Msls 1137.JPG,7,7,Esca_(Black_Measles),Esca_(Black_Measles),0.9999988
54a338ced715d393081af365a6a05496,PV_data/Grape___Esca_(Black_Measles)/1cb1a7e1-b930-43c2-a1ee-26b694931955___FAM_B.Msls 4395.JPG,7,7,Esca_(Black_Measles),Esca_(Black_Measles),1.0
b5f93b97af84f29dfa5e448704ceb7e7,PV_data/Grape___Esca_(Black_Measles)/1da61926-6b73-46ee-98e1-01c9317803df___FAM_B.Msls 3824.JPG,7,7,Esca_(Black_Measles),Esca_(Black_Measles),1.0
950c7c746b9d846efdee790cd4a3f807,PV_data/Grape___Esca_(Black_Measles)/1f826aa9-11b8-40c5-9206-f70c7138c673___FAM_B.Msls 1737.JPG,7,7,Esca_(Black_Measles),Esca_(Black_Measles),0.9999999
cbec79eb9d5db3a8ed642f9df909f57f,PV_data/Grape___Esca_(Black_Measles)/2058103c-82a0-49ef-9b88-68ff282de479___FAM_B.Msls 3909.JPG,7,7,Esca_(Black_Measles),Esca_(Black_Measles),1.0
2a22b62dbb1efa1a6b08b13421c403a6,PV_data/Grape___Esca_(Black_Measles)/2105463c-cf7a-411f-8254-6618685b4147___FAM_B.Msls 0948.JPG,7,7,Esca_(Black_Measles),Esca_(Black_Measles),1.0
8893d5bdf7dc1f7f20039589a002827e,PV_data/Grape___Esca_(Black_Measles)/217b815b-6f1f-414e-9e05-eb235dbb1efb___FAM_B.Msls 3818.JPG,7,7,Esca_(Black_Measles),Esca_(Black_Measles),0.9999906
451bc82c38b51d047bb9cc029b62aa54,PV_data/Grape___Esca_(Black_Measles)/255a469a-6adc-43a7-8567-09cb553ba336___FAM_B.Msls 4293.JPG,7,7,Esca_(Black_Measles),Esca_(Black_Measles),1.0
b4dbbd90beebfbcac709def3b2461389,PV_data/Grape___Esca_(Black_Measles)/25b61f8a-d220-49c9-953e-fa2c8b76f19b___FAM_B.Msls 1863.JPG,7,7,Esca_(Black_Measles),Esca_(Black_Measles),1.0
d33acbc7f7c8d39493e7d4e15826e60a,PV_data/Grape___Esca_(Black_Measles)/260bdf15-e113-4c70-a987-603bd0eac488___FAM_B.Msls 4397.JPG,7,7,Esca_(Black_Measles),Esca_(Black_Measles),1.0
532a6c9a1b5331c847ab722c6cbcbed9,PV_data/Grape___Esca_(Black_Measles)/2678c709-f9f4-489d-8f8a-13ed2a6ee355___FAM_B.Msls 4322.JPG,7,7,Esca_(Black_Measles),Esca_(Black_Measles),1.0
6372be4156782b6c33c52db4cbd90c68,PV_data/Grape___Esca_(Black_Measles)/279af42b-dfcb-4287-8848-edaf49a333fc___FAM_B.Msls 1093.JPG,7,7,Esca_(Black_Measles),Esca_(Black_Measles),1.0
d2da17f33c1e3d7dbfe69281fb4e39ef,PV_data/Grape___Esca_(Black_Measles)/27f497cf-1032-44ae-b3d8-40fd6fd9ab4d___FAM_B.Msls 3956.JPG,7,7,Esca_(Black_Measles),Esca_(Black_Measles),1.0
1537b96ce2f2f865d012c2b0c15aef8f,PV_data/Grape___Esca_(Black_Measles)/28db1d81-876f-466f-97ac-c009bae14501___FAM_B.Msls 3929.JPG,7,7,Esca_(Black_Measles),Esca_(Black_Measles),0.99999976
f0e26d1711131a195b8f16b22001dde2,PV_data/Grape___Esca_(Black_Measles)/290a5fb5-12ae-4f0c-befb-39b83b09524a___FAM_B.Msls 1170.JPG,7,7,Esca_(Black_Measles),Esca_(Black_Measles),1.0
9a7f629485e9d439fcb3cd4736de838f,PV_data/Grape___Esca_(Black_Measles)/29d37648-9474-4e6f-a92a-42af58cc7e1b___FAM_B.Msls 4433.JPG,7,7,Esca_(Black_Measles),Esca_(Black_Measles),0.99999917
dbb24cc21c2f0f795be676c64d29132b,PV_data/Grape___Esca_(Black_Measles)/2cb1fa02-4423-47d2-8fda-9a8d76024446___FAM_B.Msls 4033.JPG,7,7,Esca_(Black_Measles),Esca_(Black_Measles),1.0
b5a06a488327bf2879bf46ef62d28473,PV_data/Grape___Esca_(Black_Measles)/30efa3ae-f975-43c3-96f7-6eb22d65e07d___FAM_B.Msls 4367.JPG,7,7,Esca_(Black_Measles),Esca_(Black_Measles),0.9999963
d4cbeed8d805b598fa93de1489822190,PV_data/Grape___Esca_(Black_Measles)/316ccd32-0e9c-40bb-869b-1378cebdb6a0___FAM_B.Msls 0968.JPG,7,7,Esca_(Black_Measles),Esca_(Black_Measles),1.0
73a6ec9fdbb940272cd50c051e021c2e,PV_data/Grape___Esca_(Black_Measles)/3288cfd7-1989-4154-89ba-d20eba66a9d5___FAM_B.Msls 4004.JPG,7,7,Esca_(Black_Measles),Esca_(Black_Measles),1.0
300235d3cf070aa806aa3c3d65ec6ca7,PV_data/Grape___Esca_(Black_Measles)/32bb6f54-7655-406f-a60f-88767f8f8b83___FAM_B.Msls 3944.JPG,7,7,Esca_(Black_Measles),Esca_(Black_Measles),1.0
967b3008ec350d20f61c16f010f19cb6,PV_data/Grape___Esca_(Black_Measles)/3306483f-5feb-42e3-9c39-0a0b29ac1959___FAM_B.Msls 1767.JPG,7,7,Esca_(Black_Measles),Esca_(Black_Measles),1.0
c5d080bcbdaf7d0c687d09b608dd59bf,PV_data/Grape___Esca_(Black_Measles)/337aedbd-4df6-472e-ac88-705559c11aaa___FAM_B.Msls 1101.JPG,7,7,Esca_(Black_Measles),Esca_(Black_Measles),1.0
5358b5b9764594cd89e393af1a324039,PV_data/Grape___Esca_(Black_Measles)/3394d516-c118-4362-b159-da7a97bcde07___FAM_B.Msls 1120.JPG,7,7,Esca_(Black_Measles),Esca_(Black_Measles),1.0
9e3864518f715d8359d7e38b0b58f86f,PV_data/Grape___Esca_(Black_Measles)/342908ce-8cad-40e9-a422-d7744e079292___FAM_B.Msls 0869.JPG,7,7,Esca_(Black_Measles),Esca_(Black_Measles),1.0
8c9e4acd4303f73d5a0c8e18a9079b5a,PV_data/Grape___Esca_(Black_Measles)/39afc0c1-dcbe-4f0a-94ad-68386b478eb0___FAM_B.Msls 1833.JPG,7,7,Esca_(Black_Measles),Esca_(Black_Measles),1.0
290353623f3e064935ebbaa28cea4c17,PV_data/Grape___Esca_(Black_Measles)/3cc66447-eb13-46f0-a1bf-c2da568dfd88___FAM_B.Msls 3957.JPG,7,7,Esca_(Black_Measles),Esca_(Black_Measles),1.0
3b1a06fbbc4bc1c930b5533edbd6dcc6,PV_data/Grape___Esca_(Black_Measles)/3d48745c-6fd1-49d9-877d-a18d84a20faa___FAM_B.Msls 3994.JPG,7,7,Esca_(Black_Measles),Esca_(Black_Measles),0.9998423
81b5bbdc461e2772558e7aacadcf6c34,PV_data/Grape___Esca_(Black_Measles)/3d5cbacc-b073-4905-9033-8ce450836f6f___FAM_B.Msls 3831.JPG,7,7,Esca_(Black_Measles),Esca_(Black_Measles),1.0
854a5c146c2e98ea263fc2aa681d94fc,PV_data/Grape___Esca_(Black_Measles)/3e5c673a-dc32-40d7-a226-900b8cefccd9___FAM_B.Msls 3849.JPG,7,7,Esca_(Black_Measles),Esca_(Black_Measles),0.9999999
76b1a43a65d9a26bc7c1f3c67594288b,PV_data/Grape___Esca_(Black_Measles)/3fad4f3b-c4ac-4bd3-a633-ebbc5abc4bd1___FAM_B.Msls 3954.JPG,7,7,Esca_(Black_Measles),Esca_(Black_Measles),1.0
7251600eb73535b2630f0b261201e871,PV_data/Grape___Esca_(Black_Measles)/40175b4b-929c-4f59-bdc6-157054b2fdce___FAM_B.Msls 3843.JPG,7,7,Esca_(Black_Measles),Esca_(Black_Measles),0.99999905
e79cf794ad35e87036a7314f0f0a4b88,PV_data/Grape___Esca_(Black_Measles)/40518be1-a5c8-464e-b42e-5b23c9529383___FAM_B.Msls 1085.JPG,7,7,Esca_(Black_Measles),Esca_(Black_Measles),1.0
2b9812dff7d0014119dda1cf9cd8663e,PV_data/Grape___Esca_(Black_Measles)/40bb979c-d121-44c1-b522-9f5b5b28dddd___FAM_B.Msls 1274.JPG,7,7,Esca_(Black_Measles),Esca_(Black_Measles),1.0
35acc4ec6af20969bdbda2d5f00b8492,PV_data/Grape___Esca_(Black_Measles)/419a7e1b-a8f5-4ef1-8ff3-4d680dcea8df___FAM_B.Msls 4301.JPG,7,7,Esca_(Black_Measles),Esca_(Black_Measles),1.0
7e748860b7818af008865702e0c3810f,PV_data/Grape___Esca_(Black_Measles)/42988882-591d-4c83-bf3b-2d6f1f9bb2b5___FAM_B.Msls 1746.JPG,7,14,Esca_(Black_Measles),Septoria_leaf_spot,0.5516577
9991614b4dfc4c9fe9e3f69e94cba8bb,PV_data/Grape___Esca_(Black_Measles)/42d4646d-f709-4c28-a231-9fd65252ca7a___FAM_B.Msls 4179.JPG,7,7,Esca_(Black_Measles),Esca_(Black_Measles),1.0
b1317d1e370803cc4d10cdc3ba04c05f,PV_data/Grape___Esca_(Black_Measles)/46572386-7c18-4dcf-891a-04317add7685___FAM_B.Msls 1752.JPG,7,7,Esca_(Black_Measles),Esca_(Black_Measles),1.0
acdc1669423e1170137df779befc0d18,PV_data/Grape___Esca_(Black_Measles)/46b1f2e5-daa8-4270-bb0b-aee8c0737e91___FAM_B.Msls 4135.JPG,7,7,Esca_(Black_Measles),Esca_(Black_Measles),1.0
2f42b9e9265b585519b4bcc4d8e73c27,PV_data/Grape___Esca_(Black_Measles)/4aaf91ba-6ac8-4286-880b-39c856fcb8f2___FAM_B.Msls 4431.JPG,7,7,Esca_(Black_Measles),Esca_(Black_Measles),0.99937594
f586d51b373e84290f420fbdf40ac7ba,PV_data/Grape___Esca_(Black_Measles)/4ccb1d95-9211-4042-9237-6da530658378___FAM_B.Msls 0952.JPG,7,7,Esca_(Black_Measles),Esca_(Black_Measles),0.9999678
2ca406d27b1e82f921dae6dbfb04cfde,PV_data/Grape___Esca_(Black_Measles)/4ccf1271-5da7-4951-88d2-c1d2edd3cd41___FAM_B.Msls 1804.JPG,7,7,Esca_(Black_Measles),Esca_(Black_Measles),0.9999926
3cc0e96e22a35e5da077e61ae4655213,PV_data/Grape___Esca_(Black_Measles)/4f6d1e14-84da-46f8-bb02-1c509f49fec4___FAM_B.Msls 4443.JPG,7,7,Esca_(Black_Measles),Esca_(Black_Measles),1.0
209f0d6118a79d8be796d312fad55e61,PV_data/Grape___Esca_(Black_Measles)/51c5490d-cd2e-4501-811d-af2cb22461c9___FAM_B.Msls 1766.JPG,7,7,Esca_(Black_Measles),Esca_(Black_Measles),1.0
051ef967fe4815c229d3ef5ff144ca7f,PV_data/Grape___Esca_(Black_Measles)/51de3a69-16ef-4089-b347-7cc75447f050___FAM_B.Msls 1017.JPG,7,7,Esca_(Black_Measles),Esca_(Black_Measles),1.0
c39673ea209767db7be50f6afbd8cf07,PV_data/Grape___Esca_(Black_Measles)/523f7475-dbbf-4708-8bcb-025853314439___FAM_B.Msls 4243.JPG,7,7,Esca_(Black_Measles),Esca_(Black_Measles),0.99990153
780a25a9b1d14b083f1967810fe572ed,PV_data/Grape___Esca_(Black_Measles)/543eab62-9bb3-4b18-9602-21b7f19d82e0___FAM_B.Msls 0921.JPG,7,7,Esca_(Black_Measles),Esca_(Black_Measles),1.0
ed5241d455a6f00bcca13102eded2ac1,PV_data/Grape___Esca_(Black_Measles)/54cb3c07-3272-4133-b303-7d401c21dbd7___FAM_B.Msls 4475.JPG,7,7,Esca_(Black_Measles),Esca_(Black_Measles),0.99938774
fea55ae531a42eb151496bbc5920e3c0,PV_data/Grape___Esca_(Black_Measles)/567d4ee8-d891-4ce3-b81c-1351f5db81a5___FAM_B.Msls 3882.JPG,7,7,Esca_(Black_Measles),Esca_(Black_Measles),1.0
facd7a94d4c35de3ffa82cdd948b5a26,PV_data/Grape___Esca_(Black_Measles)/57f9b9d4-9fdc-444d-9481-d1d1b155967e___FAM_B.Msls 3886.JPG,7,7,Esca_(Black_Measles),Esca_(Black_Measles),1.0
75f7960fcd8a3357e07dbad35af9e105,PV_data/Grape___Esca_(Black_Measles)/59d2cc29-6792-42e2-a853-8e6615f45fd8___FAM_B.Msls 4489.JPG,7,7,Esca_(Black_Measles),Esca_(Black_Measles),0.9999988
66b92d92ad334eacb2717d8b507b4a79,PV_data/Grape___Esca_(Black_Measles)/5cb78300-8d43-473b-815a-594ac8640737___FAM_B.Msls 0954.JPG,7,7,Esca_(Black_Measles),Esca_(Black_Measles),1.0
7c7a563fe0135009a19af1b94bcfe30b,PV_data/Grape___Esca_(Black_Measles)/61a284a2-14f0-418e-9ded-73b34af1652a___FAM_B.Msls 1298.JPG,7,7,Esca_(Black_Measles),Esca_(Black_Measles),0.9999187
8e5c54e80a9027d08ffbcacaa7ac8bed,PV_data/Grape___Esca_(Black_Measles)/61ed79cb-7db4-41a2-aaf0-7d0010c3f0b1___FAM_B.Msls 1264.JPG,7,7,Esca_(Black_Measles),Esca_(Black_Measles),1.0
185945b2c3b0561a54c6838b39102a1c,PV_data/Grape___Esca_(Black_Measles)/63da716f-41a7-470b-876e-651a0865bb91___FAM_B.Msls 3973.JPG,7,7,Esca_(Black_Measles),Esca_(Black_Measles),1.0
08ef03e27db1b014a1a1d4e1a6a92e5d,PV_data/Grape___Esca_(Black_Measles)/65406222-97ef-4ce4-9bbc-5ef3476a559b___FAM_B.Msls 3828.JPG,7,7,Esca_(Black_Measles),Esca_(Black_Measles),1.0
f1bcf046279b2418512013800ee55bcd,PV_data/Grape___Esca_(Black_Measles)/655e8fd1-09e5-41f7-9c95-15fcd370e096___FAM_B.Msls 4405.JPG,7,7,Esca_(Black_Measles),Esca_(Black_Measles),1.0
7a1e06909916b94c29526f9c6d14fcd6,PV_data/Grape___Esca_(Black_Measles)/65d87861-592e-4bfb-bfa6-67374084a8eb___FAM_B.Msls 1281.JPG,7,7,Esca_(Black_Measles),Esca_(Black_Measles),1.0
7771a66427a39d34b729c4d2ece68235,PV_data/Grape___Esca_(Black_Measles)/671a84ca-496c-4da3-bea9-b2bc732a4805___FAM_B.Msls 3943.JPG,7,7,Esca_(Black_Measles),Esca_(Black_Measles),1.0
5c6a8b3362e18b6b909ef3f7dcc1b1d5,PV_data/Grape___Esca_(Black_Measles)/6a3d7f85-1cdb-4a13-85da-ecd3b91fe99f___FAM_B.Msls 4408.JPG,7,7,Esca_(Black_Measles),Esca_(Black_Measles),0.9999995
d9c6ec41cda4d0ddcb068f671bbbb8f4,PV_data/Grape___Esca_(Black_Measles)/6a5edc74-e8d4-45f3-b5cf-00d7a841780f___FAM_B.Msls 3924.JPG,7,7,Esca_(Black_Measles),Esca_(Black_Measles),0.9999993
01bc4f66c39c1b09ce5a559b760889ed,PV_data/Grape___Esca_(Black_Measles)/6b7d063c-436b-472a-949f-48c1e7d0d907___FAM_B.Msls 4213.JPG,7,7,Esca_(Black_Measles),Esca_(Black_Measles),1.0
d602a1e3d4d9d98410252b0dd616c413,PV_data/Grape___Esca_(Black_Measles)/6cb2bc16-bab3-417d-9bec-4976969546bb___FAM_B.Msls 4463.JPG,7,7,Esca_(Black_Measles),Esca_(Black_Measles),0.88150066
536722f698b055ab050bba98bcde4d3e,PV_data/Grape___Esca_(Black_Measles)/6e2af83a-9b10-47b6-b053-d5e858a5e25b___FAM_B.Msls 1312.JPG,7,7,Esca_(Black_Measles),Esca_(Black_Measles),0.9999999
2d16922ac3bfca5ee22798335583536a,PV_data/Grape___Esca_(Black_Measles)/6fb636da-e737-43d3-95eb-0b334208ab10___FAM_B.Msls 4491.JPG,7,7,Esca_(Black_Measles),Esca_(Black_Measles),0.9999043
6c55036bc77d7d698b4698aec7704822,PV_data/Grape___Esca_(Black_Measles)/6fc7a638-e56d-4282-87f0-f9ecbb724ef8___FAM_B.Msls 4196.JPG,7,7,Esca_(Black_Measles),Esca_(Black_Measles),0.99998164
93b57e1737ad864ecbe31439ed63473e,PV_data/Grape___Esca_(Black_Measles)/71aabb3f-c8a6-4e20-8dc7-7f00202f931e___FAM_B.Msls 0829.JPG,7,7,Esca_(Black_Measles),Esca_(Black_Measles),1.0
aa0eacff288c19bf1086da83417c04cd,PV_data/Grape___Esca_(Black_Measles)/72a24fb2-e95f-4355-8122-896da4e3e515___FAM_B.Msls 4417.JPG,7,7,Esca_(Black_Measles),Esca_(Black_Measles),1.0
c394c0ea8e1058a2a532afa50fb64dfe,PV_data/Grape___Esca_(Black_Measles)/72b3879e-afc9-48b6-b05c-6ac2b78108a2___FAM_B.Msls 4383.JPG,7,7,Esca_(Black_Measles),Esca_(Black_Measles),0.9999993
aafeab15e81829bfc6920ce5d3c21072,PV_data/Grape___Esca_(Black_Measles)/731b6dd5-c505-4c68-a4bf-6c1cf2aeeb22___FAM_B.Msls 1749.JPG,7,7,Esca_(Black_Measles),Esca_(Black_Measles),1.0
1bf8185279bfd9f248d8a0875759d1bc,PV_data/Grape___Esca_(Black_Measles)/73569679-d1c8-4bf9-9a00-1ebe88a7e413___FAM_B.Msls 3833.JPG,7,7,Esca_(Black_Measles),Esca_(Black_Measles),1.0
5123eca21e1cfe24dd90c675135ddb0b,PV_data/Grape___Esca_(Black_Measles)/739532f1-7775-4d7c-b63e-001e7d9df127___FAM_B.Msls 4297.JPG,7,7,Esca_(Black_Measles),Esca_(Black_Measles),1.0
78352172c019eb961ecf8cd8f9ec7caf,PV_data/Grape___Esca_(Black_Measles)/7529ec48-3ce4-4414-9fc6-e8f1acd3d48d___FAM_B.Msls 0941.JPG,7,7,Esca_(Black_Measles),Esca_(Black_Measles),0.99996126
9b39ea2b9d8204bf2b8db60309e44817,PV_data/Grape___Esca_(Black_Measles)/775225fd-1aa2-4791-b0e1-c4173c1ec949___FAM_B.Msls 3802.JPG,7,7,Esca_(Black_Measles),Esca_(Black_Measles),0.9999999
dfd107c2b73b1f9598dee28a15d6977b,PV_data/Grape___Esca_(Black_Measles)/78a4dcba-2aa4-4897-a652-362ece64a5cc___FAM_B.Msls 3805.JPG,7,7,Esca_(Black_Measles),Esca_(Black_Measles),1.0
962602b20ced9283fcff20c158ef8cbd,PV_data/Grape___Esca_(Black_Measles)/79ba6196-f5fb-4926-a489-88be7cf07a96___FAM_B.Msls 1089.JPG,7,7,Esca_(Black_Measles),Esca_(Black_Measles),1.0
f6420447ce2a8bc86985002cd521afee,PV_data/Grape___Esca_(Black_Measles)/7a0b90f2-95f9-4886-b35e-3b86baee2de6___FAM_B.Msls 1872.JPG,7,7,Esca_(Black_Measles),Esca_(Black_Measles),1.0
df8ac97311471a204b0e1c608af18a5f,PV_data/Grape___Esca_(Black_Measles)/7ae8ced4-403d-402f-8035-1efa30ed9b2a___FAM_B.Msls 1797.JPG,7,7,Esca_(Black_Measles),Esca_(Black_Measles),1.0
4ff9bec36124f4af46e215fb2b6d6ba2,PV_data/Grape___Esca_(Black_Measles)/7c9f567d-4901-46e5-b31c-f7b77922b910___FAM_B.Msls 0891.JPG,7,7,Esca_(Black_Measles),Esca_(Black_Measles),1.0
1b4c95059e1c1f92c8e180cf56b37ef8,PV_data/Grape___Esca_(Black_Measles)/7dff376e-edf6-44c4-9074-eda8aa5f5deb___FAM_B.Msls 0951.JPG,7,7,Esca_(Black_Measles),Esca_(Black_Measles),0.99998796
4fd9e2e82cb27a68a48ad90a61cbb83a,PV_data/Grape___Esca_(Black_Measles)/7f79ffe2-6ec7-4fed-bdd0-e9d509fe73fc___FAM_B.Msls 4493.JPG,7,7,Esca_(Black_Measles),Esca_(Black_Measles),0.9999993
f935512ada5ea646ef22ceb989c19d96,PV_data/Grape___Esca_(Black_Measles)/8149f713-a0ff-4c36-8450-a489aee31c35___FAM_B.Msls 3932.JPG,7,7,Esca_(Black_Measles),Esca_(Black_Measles),0.99999964
7d6d27be52eff9f42c843af6c9148804,PV_data/Grape___Esca_(Black_Measles)/8188058c-d400-4781-9074-c884a21be48a___FAM_B.Msls 1314.JPG,7,7,Esca_(Black_Measles),Esca_(Black_Measles),0.99968237
de54cf378ca29f6b30afdd4b945a0802,PV_data/Grape___Esca_(Black_Measles)/823c3002-110e-4cbc-a607-73e3a3494f42___FAM_B.Msls 1172.JPG,7,7,Esca_(Black_Measles),Esca_(Black_Measles),1.0
1dac46486bd2b0e4da9306d9b31b32b1,PV_data/Grape___Esca_(Black_Measles)/842f7a07-e31c-49b7-82ba-7922fad35016___FAM_B.Msls 1861.JPG,7,7,Esca_(Black_Measles),Esca_(Black_Measles),1.0
b30852fef61f3134ac99f32f87269c2a,PV_data/Grape___Esca_(Black_Measles)/88521b5a-1f1a-4214-8286-aed4483b11c9___FAM_B.Msls 4011.JPG,7,7,Esca_(Black_Measles),Esca_(Black_Measles),1.0
8fee47d88c7e6ee3ed60423ba363c203,PV_data/Grape___Esca_(Black_Measles)/892cb949-3689-44db-ab0a-d37729adae8f___FAM_B.Msls 0831.JPG,7,7,Esca_(Black_Measles),Esca_(Black_Measles),1.0
381c2d9710ebb6f214b3b68a572663e4,PV_data/Grape___Esca_(Black_Measles)/8a0b6e63-15e9-47db-a1b8-37ed43e1b1e0___FAM_B.Msls 1234.JPG,7,7,Esca_(Black_Measles),Esca_(Black_Measles),1.0
eb7d277536320f39468d96b42a9ba95a,PV_data/Grape___Esca_(Black_Measles)/8a8426e9-ab65-4815-bfeb-c9fb18b1d4ca___FAM_B.Msls 1315.JPG,7,7,Esca_(Black_Measles),Esca_(Black_Measles),1.0
02664c90d159fa026a227ae481f5c540,PV_data/Grape___Esca_(Black_Measles)/8e870451-2b0e-480f-9451-6046cd1fc093___FAM_B.Msls 0937.JPG,7,7,Esca_(Black_Measles),Esca_(Black_Measles),1.0
8cbda74500210d9871eb8b6cd248970c,PV_data/Grape___Esca_(Black_Measles)/8f27d644-c11c-4bc1-8ec3-1ac33575318e___FAM_B.Msls 4488.JPG,7,7,Esca_(Black_Measles),Esca_(Black_Measles),0.9999933
dc8ced8192b57e643d70acebe89b78b1,PV_data/Grape___Esca_(Black_Measles)/8fe9bc15-1894-49a0-aa41-920920c5bd32___FAM_B.Msls 4251.JPG,7,7,Esca_(Black_Measles),Esca_(Black_Measles),1.0
28a85e9d8df3a33652cd2ea942967d8c,PV_data/Grape___Esca_(Black_Measles)/91388c88-ea82-4ae3-a4b3-4b9832e86837___FAM_B.Msls 0920.JPG,7,7,Esca_(Black_Measles),Esca_(Black_Measles),0.99999976
06d923d75233ed151a5fb2800b86f40f,PV_data/Grape___Esca_(Black_Measles)/913fb01a-40e2-454b-bc87-aba0669633cf___FAM_B.Msls 3910.JPG,7,7,Esca_(Black_Measles),Esca_(Black_Measles),1.0
1f6145dc74ec8867dd269bef11237270,PV_data/Grape___Esca_(Black_Measles)/96fcd5f4-5f80-4fc6-8fed-e47095ee426f___FAM_B.Msls 1110.JPG,7,7,Esca_(Black_Measles),Esca_(Black_Measles),0.9999995
e96c90dd637e4d9191b0518c062e7183,PV_data/Grape___Esca_(Black_Measles)/97822070-4ab0-4640-87cc-0b847203e371___FAM_B.Msls 1055.JPG,7,7,Esca_(Black_Measles),Esca_(Black_Measles),1.0
f4569882b746e95db2e1f759e402d2a9,PV_data/Grape___Esca_(Black_Measles)/9994c140-6ebe-4c48-a4b5-0ea65eed42d4___FAM_B.Msls 1825.JPG,7,7,Esca_(Black_Measles),Esca_(Black_Measles),0.9732381
62aafd3a06bab2eae7263609606c9b2d,PV_data/Grape___Esca_(Black_Measles)/9b23bab7-3070-455c-8f4f-81c71092a0e0___FAM_B.Msls 4021.JPG,7,7,Esca_(Black_Measles),Esca_(Black_Measles),0.9978859
3026d3af0addd16c06d3bd222a2d3150,PV_data/Grape___Esca_(Black_Measles)/9bc0682c-ff36-41c8-a524-76cdac8f2ee2___FAM_B.Msls 3892.JPG,7,7,Esca_(Black_Measles),Esca_(Black_Measles),1.0
a0838d8462a999ab878f373c5955edf7,PV_data/Grape___Esca_(Black_Measles)/9cc753d0-835b-4ff1-8b91-24598b6a39df___FAM_B.Msls 1046.JPG,7,7,Esca_(Black_Measles),Esca_(Black_Measles),0.99989283
bbf00435fe76c369745e410cb6ebc688,PV_data/Grape___Esca_(Black_Measles)/9d13bf06-8290-40f6-aaf1-8194537fef98___FAM_B.Msls 0963.JPG,7,7,Esca_(Black_Measles),Esca_(Black_Measles),1.0
4d684bddd6aa6d2c42f56c6be32022ec,PV_data/Grape___Esca_(Black_Measles)/9d643ae5-1e5f-48ea-9e9f-a2de9d8463cb___FAM_B.Msls 1815.JPG,7,7,Esca_(Black_Measles),Esca_(Black_Measles),0.99996006
085200c9b8fa7adf7da74bc433df6ff3,PV_data/Grape___Esca_(Black_Measles)/9d93be0b-7679-48cd-ba9f-aea60ccb2f86___FAM_B.Msls 0906.JPG,7,7,Esca_(Black_Measles),Esca_(Black_Measles),1.0
5d94f62cd17de3c31ce7d671ac57267d,PV_data/Grape___Esca_(Black_Measles)/9e5c9007-0a2b-4bd5-b581-e975ad5516d1___FAM_B.Msls 0883.JPG,7,7,Esca_(Black_Measles),Esca_(Black_Measles),1.0
0155eb79eb6109fcf86c40dee09ba2c6,PV_data/Grape___Esca_(Black_Measles)/a2027312-f55d-4e37-8f96-1dd323ae2336___FAM_B.Msls 4095.JPG,7,7,Esca_(Black_Measles),Esca_(Black_Measles),0.99999964
46a145382bb26da81519177147580a45,PV_data/Grape___Esca_(Black_Measles)/a34cd330-407b-4180-a599-b7aa6160a604___FAM_B.Msls 1300.JPG,7,7,Esca_(Black_Measles),Esca_(Black_Measles),0.9999975
e82a2786f0652eda2279a8339e0f7f00,PV_data/Grape___Esca_(Black_Measles)/a6e88cc9-9869-40b9-a6a1-8b79648fff0b___FAM_B.Msls 1228.JPG,7,7,Esca_(Black_Measles),Esca_(Black_Measles),1.0
656f3e22997308d621a848f378008012,PV_data/Grape___Esca_(Black_Measles)/a7b50224-023b-4992-9ac9-df1d4fc9637e___FAM_B.Msls 0915.JPG,7,7,Esca_(Black_Measles),Esca_(Black_Measles),1.0
2a5bce13a01863abeabf1b88c0c131ba,PV_data/Grape___Esca_(Black_Measles)/a7db95e4-03f0-4727-bdc4-f35a5a8ded87___FAM_B.Msls 4164.JPG,7,7,Esca_(Black_Measles),Esca_(Black_Measles),1.0
a7a821a26be23007f8bc9a934150a024,PV_data/Grape___Esca_(Black_Measles)/ab916331-4f8d-4993-a333-85503ad30362___FAM_B.Msls 4165.JPG,7,7,Esca_(Black_Measles),Esca_(Black_Measles),1.0
2d58f1851165a166db85bbe0d3bcb09b,PV_data/Grape___Esca_(Black_Measles)/adde8ac8-9317-4651-bb55-2bfda8029d27___FAM_B.Msls 1848.JPG,7,7,Esca_(Black_Measles),Esca_(Black_Measles),0.99999404
11311137892b326f5c008350c3cda99b,PV_data/Grape___Esca_(Black_Measles)/ae9eae88-91a7-4762-8a7e-8edf3c73768d___FAM_B.Msls 1001.JPG,7,7,Esca_(Black_Measles),Esca_(Black_Measles),1.0
496944b68378b5cee6a4fcc15c8680c7,PV_data/Grape___Esca_(Black_Measles)/afd64a5c-0f05-4494-a5a2-0be0a12339cb___FAM_B.Msls 1763.JPG,7,7,Esca_(Black_Measles),Esca_(Black_Measles),1.0
c20d675249fe8ed613e8fedc7ff1554c,PV_data/Grape___Esca_(Black_Measles)/b1f6e94e-2997-4325-bf8b-9987882d79f2___FAM_B.Msls 4412.JPG,7,7,Esca_(Black_Measles),Esca_(Black_Measles),0.9999999
81ba8b63aa677b11672420b7907407f2,PV_data/Grape___Esca_(Black_Measles)/b32fb6c3-109e-447c-a117-798ba83abc38___FAM_B.Msls 3941.JPG,7,7,Esca_(Black_Measles),Esca_(Black_Measles),1.0
bc7002b8738474a907244317cfb903ba,PV_data/Grape___Esca_(Black_Measles)/b3b92217-f193-44c0-be68-af4e037f62b7___FAM_B.Msls 0991.JPG,7,7,Esca_(Black_Measles),Esca_(Black_Measles),1.0
bf08c13ce4993d9e7beea1e4f4bcbb30,PV_data/Grape___Esca_(Black_Measles)/b4783ca9-6f90-4616-8b2f-61b2afb68fc0___FAM_B.Msls 1851.JPG,7,7,Esca_(Black_Measles),Esca_(Black_Measles),0.999992
6a93b88b297da4ad07659c25722d6185,PV_data/Grape___Esca_(Black_Measles)/b538f749-4eb9-4b3b-a55e-f5b293ac2d2a___FAM_B.Msls 1248.JPG,7,7,Esca_(Black_Measles),Esca_(Black_Measles),1.0
b696c1138ea1a8da77c896c3fac9d28f,PV_data/Grape___Esca_(Black_Measles)/b5a6cca1-c243-4cfd-87db-fe6146c66740___FAM_B.Msls 1215.JPG,7,7,Esca_(Black_Measles),Esca_(Black_Measles),1.0
acf36b94fee598f56f4e28edace5a918,PV_data/Grape___Esca_(Black_Measles)/b73462d3-e595-4cbe-93ec-5c755a0de73d___FAM_B.Msls 0945.JPG,7,7,Esca_(Black_Measles),Esca_(Black_Measles),1.0
82325fa5bce525aa3e8e58042d94ef1a,PV_data/Grape___Esca_(Black_Measles)/b73b2d3a-bc1f-4ef1-b5b3-1bd48076b8ba___FAM_B.Msls 1098.JPG,7,7,Esca_(Black_Measles),Esca_(Black_Measles),1.0
2c79e6219537fdc57dbd1c990156d5da,PV_data/Grape___Esca_(Black_Measles)/b7411218-8f11-487e-acea-9c75c35cffec___FAM_B.Msls 0901.JPG,7,7,Esca_(Black_Measles),Esca_(Black_Measles),1.0
bb51db564cfb1c7f8a7dc11ce0f02738,PV_data/Grape___Esca_(Black_Measles)/b7afda87-9d7d-4986-8c65-a0839dea2418___FAM_B.Msls 4183.JPG,7,7,Esca_(Black_Measles),Esca_(Black_Measles),1.0
efccfbb03c2e88dd3c8daa5840b97c4e,PV_data/Grape___Esca_(Black_Measles)/b8818e9a-b495-4868-8add-131344d1d2b2___FAM_B.Msls 1049.JPG,7,7,Esca_(Black_Measles),Esca_(Black_Measles),1.0
edf1198ce19723ff2ba97d49c1af9b84,PV_data/Grape___Esca_(Black_Measles)/bb81a4ed-164a-4d21-b9dc-02656876f8b3___FAM_B.Msls 4280.JPG,7,7,Esca_(Black_Measles),Esca_(Black_Measles),1.0
67e03a378001d80415d5ae3ce54c0199,PV_data/Grape___Esca_(Black_Measles)/bbb39299-3ffb-4e3b-9e6b-ba5a869eef78___FAM_B.Msls 1253.JPG,7,7,Esca_(Black_Measles),Esca_(Black_Measles),1.0
8e8d4c13c6b468f13d177d93a3187b21,PV_data/Grape___Esca_(Black_Measles)/bd2b90ce-dd82-4819-91ec-4dea2a08f696___FAM_B.Msls 4125.JPG,7,7,Esca_(Black_Measles),Esca_(Black_Measles),1.0
8a74c21bf38c52bade0658bba1ab0987,PV_data/Grape___Esca_(Black_Measles)/bf2388b6-08d4-43c5-afb4-2a16a335cda5___FAM_B.Msls 0946.JPG,7,7,Esca_(Black_Measles),Esca_(Black_Measles),1.0
90e0994c739882d922528a0004757f47,PV_data/Grape___Esca_(Black_Measles)/bf607e80-310a-4111-8ca1-30ba05d06d47___FAM_B.Msls 3919.JPG,7,7,Esca_(Black_Measles),Esca_(Black_Measles),0.9999131
6c3bf1e34fa85fb293e3f8a32832fc4d,PV_data/Grape___Esca_(Black_Measles)/bff8b3c0-40f2-4a2b-a8ea-70911b3beea1___FAM_B.Msls 1319.JPG,7,7,Esca_(Black_Measles),Esca_(Black_Measles),1.0
f2f135c7af0f3ed79f4b1fbb86151f07,PV_data/Grape___Esca_(Black_Measles)/c1143d3d-ac10-4bae-a9d0-b86b9bdd0564___FAM_B.Msls 3888.JPG,7,7,Esca_(Black_Measles),Esca_(Black_Measles),1.0
6b1f960b9f3e913ecc84a7c65071024d,PV_data/Grape___Esca_(Black_Measles)/c1d3b9c2-7c7c-4f9e-8cd1-d355e8d1363a___FAM_B.Msls 3834.JPG,7,7,Esca_(Black_Measles),Esca_(Black_Measles),1.0
8f8026b9edcd9fd94b9cd1d810dec2d5,PV_data/Grape___Esca_(Black_Measles)/c1d4a89c-d1b9-4363-9b2e-d1e5a6b04062___FAM_B.Msls 0994.JPG,7,7,Esca_(Black_Measles),Esca_(Black_Measles),1.0
87e7f1f3588f477612aabc988c2d168c,PV_data/Grape___Esca_(Black_Measles)/c2e20419-2c86-497b-96f9-f47d435ec1a8___FAM_B.Msls 3800.JPG,7,7,Esca_(Black_Measles),Esca_(Black_Measles),1.0
a84ad761cb54f79d5ee8dc0b65c20de6,PV_data/Grape___Esca_(Black_Measles)/c449f5bb-9b5e-40f9-925e-63305a6f8c3f___FAM_B.Msls 1091.JPG,7,7,Esca_(Black_Measles),Esca_(Black_Measles),1.0
884dafd8fd8d757b6ae11d333323f04e,PV_data/Grape___Esca_(Black_Measles)/c4a4638d-6d9f-491f-a41d-12793d184d1d___FAM_B.Msls 0894.JPG,7,7,Esca_(Black_Measles),Esca_(Black_Measles),0.99999976
7573655b659afbaebb580df0faff18f8,PV_data/Grape___Esca_(Black_Measles)/c52f348c-1da2-4455-afcb-a99c0cd32c51___FAM_B.Msls 4210.JPG,7,7,Esca_(Black_Measles),Esca_(Black_Measles),1.0
7e02461b56c446842f7e59b5fb93ff00,PV_data/Grape___Esca_(Black_Measles)/c69df623-9381-4d46-869f-11871efa3a98___FAM_B.Msls 1764.JPG,7,7,Esca_(Black_Measles),Esca_(Black_Measles),0.99999404
fe2a92951a30ee8fc11e994df6aa5641,PV_data/Grape___Esca_(Black_Measles)/c77571e9-ed04-4517-b419-43dd600d90d2___FAM_B.Msls 3836.JPG,7,7,Esca_(Black_Measles),Esca_(Black_Measles),0.99999964
1dffa7754603cfcbb1522e2a953197e6,PV_data/Grape___Esca_(Black_Measles)/c842ee54-3460-4998-816e-72c1def7fd8b___FAM_B.Msls 1145.JPG,7,7,Esca_(Black_Measles),Esca_(Black_Measles),1.0
1ca0ee083942d29292332da54b4a12ba,PV_data/Grape___Esca_(Black_Measles)/c9940ace-0f1a-415c-a9ff-1147d3031b4f___FAM_B.Msls 0917.JPG,7,7,Esca_(Black_Measles),Esca_(Black_Measles),1.0
5aa94fc6e1a3907956f13025c81b269c,PV_data/Grape___Esca_(Black_Measles)/caca5eaa-96b1-4fd5-8891-14e3edd34e10___FAM_B.Msls 1735.JPG,7,7,Esca_(Black_Measles),Esca_(Black_Measles),1.0
bffe5da947599d8ab1993def1cadde9e,PV_data/Grape___Esca_(Black_Measles)/cc173e43-d13a-47aa-bb59-d4724d09e816___FAM_B.Msls 1842.JPG,7,7,Esca_(Black_Measles),Esca_(Black_Measles),0.9999242
69cd302c73fa015ef2c98b996a14908d,PV_data/Grape___Esca_(Black_Measles)/cc71f055-423d-49ef-98c9-078f9a4ae3c4___FAM_B.Msls 0974.JPG,7,7,Esca_(Black_Measles),Esca_(Black_Measles),0.9999856
068a33f27694816dc3ad6c0e94931d1e,PV_data/Grape___Esca_(Black_Measles)/cd837043-ba7c-4499-b266-a821dc1b83d2___FAM_B.Msls 1807.JPG,7,7,Esca_(Black_Measles),Esca_(Black_Measles),0.99999785
ed3fe531703179cdea97f90be05ed051,PV_data/Grape___Esca_(Black_Measles)/cdb30cda-f6b9-462e-9363-a50a400d5fa7___FAM_B.Msls 4324.JPG,7,7,Esca_(Black_Measles),Esca_(Black_Measles),1.0
8de1de3587e5c7bb8ac4abb6761996d8,PV_data/Grape___Esca_(Black_Measles)/cf3c56b8-6201-4a12-84bf-27a10c119585___FAM_B.Msls 4147.JPG,7,7,Esca_(Black_Measles),Esca_(Black_Measles),0.9999738
677bf634534fc2a17c416a6229e81fba,PV_data/Grape___Esca_(Black_Measles)/cf52073e-d45d-41f5-87fd-c781ba37fdf7___FAM_B.Msls 1753.JPG,7,7,Esca_(Black_Measles),Esca_(Black_Measles),1.0
e9c7779e119a7f4cb18250ef335aca6f,PV_data/Grape___Esca_(Black_Measles)/cf923fe2-5721-4594-b77f-5918fcf744ee___FAM_B.Msls 0845.JPG,7,7,Esca_(Black_Measles),Esca_(Black_Measles),1.0
aa97d5b8cef55ee52632e8d1b25a274f,PV_data/Grape___Esca_(Black_Measles)/cfd7c9e5-bab4-49a5-b902-15c09de3c3ea___FAM_B.Msls 1068.JPG,7,7,Esca_(Black_Measles),Esca_(Black_Measles),1.0
b5cdb990a621e1e02f54379e29672c05,PV_data/Grape___Esca_(Black_Measles)/d73ddfdb-e6c2-45ee-a70e-d924e7fb0332___FAM_B.Msls 4133.JPG,7,7,Esca_(Black_Measles),Esca_(Black_Measles),1.0
912cda6c213efb2d6b873d7fbdbab81d,PV_data/Grape___Esca_(Black_Measles)/d75c0639-6f0b-48ac-b5a4-682bf63a850c___FAM_B.Msls 4034.JPG,7,7,Esca_(Black_Measles),Esca_(Black_Measles),1.0
a155a425f9b175e07d0e4439a738c9a3,PV_data/Grape___Esca_(Black_Measles)/d7d6ce4f-7d03-4e90-8491-9f57140cf4e3___FAM_B.Msls 4206.JPG,7,7,Esca_(Black_Measles),Esca_(Black_Measles),0.9999993
3183c8d92221a75286fc839cc37d6528,PV_data/Grape___Esca_(Black_Measles)/d8e54bec-851f-4b6a-85b1-8e0388a7f530___FAM_B.Msls 1783.JPG,7,7,Esca_(Black_Measles),Esca_(Black_Measles),0.99999225
6be3dab0c7a9033cbb08358c50041ef5,PV_data/Grape___Esca_(Black_Measles)/db29b18d-163d-4566-81cb-1242ba4fb0c8___FAM_B.Msls 1012.JPG,7,7,Esca_(Black_Measles),Esca_(Black_Measles),1.0
4025a3a2b593546bbb00a66f84242074,PV_data/Grape___Esca_(Black_Measles)/dcc3727e-98b0-4dd0-b0bf-1f039736f2e3___FAM_B.Msls 1739.JPG,7,7,Esca_(Black_Measles),Esca_(Black_Measles),1.0
12a45d3a8290b2215a2a9224a6a56f78,PV_data/Grape___Esca_(Black_Measles)/decd47b1-34d6-40f8-94d3-2fcaba5ea7d2___FAM_B.Msls 4388.JPG,7,7,Esca_(Black_Measles),Esca_(Black_Measles),0.99999976
b30271d7c9240f4ae7b3e6ed0b4121f0,PV_data/Grape___Esca_(Black_Measles)/e0411c92-77e9-4da5-87a3-ba352f3abf53___FAM_B.Msls 0846.JPG,7,7,Esca_(Black_Measles),Esca_(Black_Measles),1.0
93c887f6f79f4ed85929a20b43bd36b0,PV_data/Grape___Esca_(Black_Measles)/e25ca1b5-06ec-4f1b-a1ed-bad8ad1ee0c2___FAM_B.Msls 0837.JPG,7,7,Esca_(Black_Measles),Esca_(Black_Measles),1.0
17c10fb6a421883fc820c3e172342140,PV_data/Grape___Esca_(Black_Measles)/e26fdc75-a617-44bf-be78-1d18d4aa62cf___FAM_B.Msls 4365.JPG,7,7,Esca_(Black_Measles),Esca_(Black_Measles),0.9999999
6a18bc789c7c7ebc55d0b9759737b883,PV_data/Grape___Esca_(Black_Measles)/e2c64b23-1337-472b-968e-4dd493800979___FAM_B.Msls 4362.JPG,7,7,Esca_(Black_Measles),Esca_(Black_Measles),0.9999999
7430e50460cffbbb0d6938f695ef18c9,PV_data/Grape___Esca_(Black_Measles)/e58032c4-c568-493a-98fb-198d23c4bd1a___FAM_B.Msls 4098.JPG,7,7,Esca_(Black_Measles),Esca_(Black_Measles),0.9999999
c91c98ef2cc9168fb3533e6af542261e,PV_data/Grape___Esca_(Black_Measles)/e707753f-6c45-4847-b77f-992a3a23bdd8___FAM_B.Msls 4130.JPG,7,7,Esca_(Black_Measles),Esca_(Black_Measles),1.0
6c66a48f4eec40b3c44598bbd0adbe07,PV_data/Grape___Esca_(Black_Measles)/e7bf3bfc-155d-445c-b673-f86212f52da8___FAM_B.Msls 1854.JPG,7,7,Esca_(Black_Measles),Esca_(Black_Measles),0.9999993
ccd502f818ea79db2dd0928b9839abeb,PV_data/Grape___Esca_(Black_Measles)/e819b6eb-4b0d-4dee-bd8b-e0d2fcc3ee0e___FAM_B.Msls 4330.JPG,7,7,Esca_(Black_Measles),Esca_(Black_Measles),1.0
ce5fd72d834164d74aef947c1fe5d18f,PV_data/Grape___Esca_(Black_Measles)/efa70f4a-3f15-4ad0-b454-004af02d38a2___FAM_B.Msls 4252.JPG,7,7,Esca_(Black_Measles),Esca_(Black_Measles),1.0
a8d722eb71c5f31b3fa71abc051cd8b3,PV_data/Grape___Esca_(Black_Measles)/f01e86f9-3c8c-4b55-985f-1025083cd59f___FAM_B.Msls 4326.JPG,7,7,Esca_(Black_Measles),Esca_(Black_Measles),1.0
99b4c7d466bbcb432a7fa227df4284f7,PV_data/Grape___Esca_(Black_Measles)/f16c6e21-179e-4c4f-b23e-e7c7bd31815e___FAM_B.Msls 1301.JPG,7,7,Esca_(Black_Measles),Esca_(Black_Measles),0.9999995
28d8196223d87b8facd23e3b5ce6229a,PV_data/Grape___Esca_(Black_Measles)/f2e64366-de41-4aae-8148-cd17f22110eb___FAM_B.Msls 4486.JPG,7,7,Esca_(Black_Measles),Esca_(Black_Measles),0.99999154
e535d3be5972b333c9070d034015c992,PV_data/Grape___Esca_(Black_Measles)/f6239f20-fed9-4517-8442-76ef6fb73c7a___FAM_B.Msls 1149.JPG,7,7,Esca_(Black_Measles),Esca_(Black_Measles),1.0
36ee95bd3ac45b49d0a205f0c761cd4a,PV_data/Grape___Esca_(Black_Measles)/f6d42acb-e09e-4cf4-bee0-175c3d1b8ff7___FAM_B.Msls 1864.JPG,7,7,Esca_(Black_Measles),Esca_(Black_Measles),0.99999976
6fcf24d58fcb238ce572a0d0ac830049,PV_data/Grape___Esca_(Black_Measles)/f7f509f2-d261-441a-8529-8d51dafbd8ad___FAM_B.Msls 4241.JPG,7,7,Esca_(Black_Measles),Esca_(Black_Measles),0.99998164
9494ab3772400d2e65bfbc1307d1d728,PV_data/Grape___Esca_(Black_Measles)/fa2e8e6f-48d8-4717-9f61-89f5e60667e7___FAM_B.Msls 0967.JPG,7,7,Esca_(Black_Measles),Esca_(Black_Measles),1.0
f41d754d7ff433e423b4dd529767b79e,PV_data/Grape___Esca_(Black_Measles)/fb581d78-202c-41e9-b02d-0068c9c7f921___FAM_B.Msls 4317.JPG,7,7,Esca_(Black_Measles),Esca_(Black_Measles),0.99920833
b875b1b2c632efda3d20d178727335cf,PV_data/Grape___Esca_(Black_Measles)/fba221e7-a216-434f-9d97-13b6e8cf2f7d___FAM_B.Msls 4332.JPG,7,7,Esca_(Black_Measles),Esca_(Black_Measles),1.0
308129f0e52b20d52799b190cefca118,PV_data/Grape___Esca_(Black_Measles)/fc2ac8e3-7ada-41bc-aa54-bd7b6dfc3784___FAM_B.Msls 4490.JPG,7,7,Esca_(Black_Measles),Esca_(Black_Measles),0.99998796
8cfada016500c79f482404b38e27a96e,PV_data/Grape___Esca_(Black_Measles)/fcbe9279-dc29-466e-9109-247a4ecd6669___FAM_B.Msls 4230.JPG,7,7,Esca_(Black_Measles),Esca_(Black_Measles),0.9999994
b663e9c13543b1de722d8b0c5aaba767,PV_data/Grape___Esca_(Black_Measles)/fd008387-18f9-4731-a60f-38fc8790d58c___FAM_B.Msls 4208.JPG,7,7,Esca_(Black_Measles),Esca_(Black_Measles),1.0
1939d0f04dfe74b3cdd30749f107a9b7,PV_data/Grape___Esca_(Black_Measles)/fda9b856-d033-436f-b5ff-5afa3cdd0132___FAM_B.Msls 3998.JPG,7,7,Esca_(Black_Measles),Esca_(Black_Measles),1.0
8a36588f8b13c281ce2a7630bfa64931,PV_data/Grape___Esca_(Black_Measles)/fdc9bd91-c6d8-4e3d-a319-b7eebab67caf___FAM_B.Msls 4338.JPG,7,7,Esca_(Black_Measles),Esca_(Black_Measles),1.0
642beb0a92d88117298ba13f25e1ea77,PV_data/Grape___Esca_(Black_Measles)/ffc0847a-e88d-4332-8c7c-4b63ba65a471___FAM_B.Msls 1130.JPG,7,7,Esca_(Black_Measles),Esca_(Black_Measles),1.0
3e179795aad3a369bd1f5f545e17a878,PV_data/Grape___Leaf_blight_(Isariopsis_Leaf_Spot)/0001aa74-bbd7-433b-a900-1dccab39d521___FAM_L.Blight 4508.JPG,10,10,Leaf_blight_(Isariopsis_Leaf_Spot),Leaf_blight_(Isariopsis_Leaf_Spot),1.0
79429ad87052ce7df889c503c95e2a64,PV_data/Grape___Leaf_blight_(Isariopsis_Leaf_Spot)/002e4d32-15cf-4350-bfba-dde7c8992392___FAM_L.Blight 4740.JPG,10,10,Leaf_blight_(Isariopsis_Leaf_Spot),Leaf_blight_(Isariopsis_Leaf_Spot),1.0
c2ea7ae5ba8905e4c12c9d0510166598,PV_data/Grape___Leaf_blight_(Isariopsis_Leaf_Spot)/0231ac9c-05aa-4710-8753-819c721b29b5___FAM_L.Blight 4639.JPG,10,10,Leaf_blight_(Isariopsis_Leaf_Spot),Leaf_blight_(Isariopsis_Leaf_Spot),1.0
909460ecddf569eab1c00035fdbdd088,PV_data/Grape___Leaf_blight_(Isariopsis_Leaf_Spot)/039b45b1-015d-4f76-b393-140903468476___FAM_L.Blight 3713.JPG,10,10,Leaf_blight_(Isariopsis_Leaf_Spot),Leaf_blight_(Isariopsis_Leaf_Spot),0.9999999
32087f8758a060b7d4387e3ad863680f,PV_data/Grape___Leaf_blight_(Isariopsis_Leaf_Spot)/04416a29-13a7-49a0-9ab3-f2725ca7b671___FAM_L.Blight 1481.JPG,10,10,Leaf_blight_(Isariopsis_Leaf_Spot),Leaf_blight_(Isariopsis_Leaf_Spot),0.9999999
53959589890984e892667c8600e7e6b2,PV_data/Grape___Leaf_blight_(Isariopsis_Leaf_Spot)/06c943c3-7c61-46ec-a6ce-5c8f0536d2b4___FAM_L.Blight 1459.JPG,10,10,Leaf_blight_(Isariopsis_Leaf_Spot),Leaf_blight_(Isariopsis_Leaf_Spot),0.9999788
1f24f002a0bf8517b0bea90d599fd96d,PV_data/Grape___Leaf_blight_(Isariopsis_Leaf_Spot)/0cbd0007-b9dc-4b8a-b70f-23a5d1cff30d___FAM_L.Blight 4575.JPG,10,10,Leaf_blight_(Isariopsis_Leaf_Spot),Leaf_blight_(Isariopsis_Leaf_Spot),0.99912065
3d4f48d90b03e3a06344b6084806427b,PV_data/Grape___Leaf_blight_(Isariopsis_Leaf_Spot)/10473db7-4efd-4620-80a1-7f7183b1481f___FAM_L.Blight 1578.JPG,10,10,Leaf_blight_(Isariopsis_Leaf_Spot),Leaf_blight_(Isariopsis_Leaf_Spot),0.99904865
ca6351396086475199bd8251869f4bbb,PV_data/Grape___Leaf_blight_(Isariopsis_Leaf_Spot)/10ee05f6-5440-4b66-9979-2a5491d9ebaa___FAM_L.Blight 1644.JPG,10,10,Leaf_blight_(Isariopsis_Leaf_Spot),Leaf_blight_(Isariopsis_Leaf_Spot),0.9999764
68a5de6f0fa0192926e0a18db4c0cdc5,PV_data/Grape___Leaf_blight_(Isariopsis_Leaf_Spot)/119f836d-93b0-4eca-8b86-4c3374072c26___FAM_L.Blight 1672.JPG,10,10,Leaf_blight_(Isariopsis_Leaf_Spot),Leaf_blight_(Isariopsis_Leaf_Spot),0.99997747
2a4b1958990d48d527f87cefed364097,PV_data/Grape___Leaf_blight_(Isariopsis_Leaf_Spot)/16b21ef1-9dbd-4d9d-b1c9-6722dcce4bee___FAM_L.Blight 3691.JPG,10,10,Leaf_blight_(Isariopsis_Leaf_Spot),Leaf_blight_(Isariopsis_Leaf_Spot),1.0
7c3e8d8fb4873f93c53a38b3fb56e44a,PV_data/Grape___Leaf_blight_(Isariopsis_Leaf_Spot)/17369149-0cbf-433d-9e43-1d8ba375e1d4___FAM_L.Blight 3636.JPG,10,10,Leaf_blight_(Isariopsis_Leaf_Spot),Leaf_blight_(Isariopsis_Leaf_Spot),1.0
49190df6037846287f0625c41369c35f,PV_data/Grape___Leaf_blight_(Isariopsis_Leaf_Spot)/18240131-ea40-4e7d-bec0-01c6663f31ce___FAM_L.Blight 4666.JPG,10,10,Leaf_blight_(Isariopsis_Leaf_Spot),Leaf_blight_(Isariopsis_Leaf_Spot),1.0
8386022089dacfdf8bcf2aa22f025b99,PV_data/Grape___Leaf_blight_(Isariopsis_Leaf_Spot)/184758ec-c84f-413e-904d-265cec1cdb32___FAM_L.Blight 4942.JPG,10,10,Leaf_blight_(Isariopsis_Leaf_Spot),Leaf_blight_(Isariopsis_Leaf_Spot),1.0
04df337f61b25977c8e1924ed885c542,PV_data/Grape___Leaf_blight_(Isariopsis_Leaf_Spot)/19278e7d-ac39-4bd4-a04f-f04014adbd7e___FAM_L.Blight 1486.JPG,10,10,Leaf_blight_(Isariopsis_Leaf_Spot),Leaf_blight_(Isariopsis_Leaf_Spot),1.0
10c62a552afafb3cc35415fa4b06610b,PV_data/Grape___Leaf_blight_(Isariopsis_Leaf_Spot)/19501b3c-e32e-4981-be1a-752886103c67___FAM_L.Blight 1622.JPG,10,10,Leaf_blight_(Isariopsis_Leaf_Spot),Leaf_blight_(Isariopsis_Leaf_Spot),1.0
800d90cc23295e3850197be678727c5e,PV_data/Grape___Leaf_blight_(Isariopsis_Leaf_Spot)/1def114d-13d9-4e06-ad6e-556fa4137a10___FAM_L.Blight 4665.JPG,10,10,Leaf_blight_(Isariopsis_Leaf_Spot),Leaf_blight_(Isariopsis_Leaf_Spot),1.0
4a5ad2da2f138264a805649916ac853e,PV_data/Grape___Leaf_blight_(Isariopsis_Leaf_Spot)/1eb748f8-0734-45b6-a3d6-fe97a30be78e___FAM_L.Blight 1378.JPG,10,10,Leaf_blight_(Isariopsis_Leaf_Spot),Leaf_blight_(Isariopsis_Leaf_Spot),0.99999917
5e2ec7310517bf75192283fecd723aa9,PV_data/Grape___Leaf_blight_(Isariopsis_Leaf_Spot)/20cec8eb-c67c-40fd-a979-57a7eded83d2___FAM_L.Blight 4880.JPG,10,10,Leaf_blight_(Isariopsis_Leaf_Spot),Leaf_blight_(Isariopsis_Leaf_Spot),0.9999902
24fd270c7781bd6c9edc5534589c42e6,PV_data/Grape___Leaf_blight_(Isariopsis_Leaf_Spot)/21f6f445-c1f9-487e-ab11-be0801a7422a___FAM_L.Blight 4570.JPG,10,10,Leaf_blight_(Isariopsis_Leaf_Spot),Leaf_blight_(Isariopsis_Leaf_Spot),1.0
1d11faf1cab21b4e7a0405223b1d5c3a,PV_data/Grape___Leaf_blight_(Isariopsis_Leaf_Spot)/24bbeef4-5835-4259-b418-33fb050a7c70___FAM_L.Blight 1380.JPG,10,10,Leaf_blight_(Isariopsis_Leaf_Spot),Leaf_blight_(Isariopsis_Leaf_Spot),0.9999778
95c47bd43ad0eadfe2b7ac427a342cde,PV_data/Grape___Leaf_blight_(Isariopsis_Leaf_Spot)/2647944b-ed9e-4480-aa7f-c50eff845679___FAM_L.Blight 4741.JPG,10,10,Leaf_blight_(Isariopsis_Leaf_Spot),Leaf_blight_(Isariopsis_Leaf_Spot),1.0
c2916fdd28107a9c28b08223499b4ecc,PV_data/Grape___Leaf_blight_(Isariopsis_Leaf_Spot)/26df4ce2-e8aa-44e6-9e0f-17542b61e005___FAM_L.Blight 4738.JPG,10,10,Leaf_blight_(Isariopsis_Leaf_Spot),Leaf_blight_(Isariopsis_Leaf_Spot),1.0
29dc33f7c6230bc5f3d5e7bf9d6aa37f,PV_data/Grape___Leaf_blight_(Isariopsis_Leaf_Spot)/27864945-3c63-4d6a-9419-e99c14de3486___FAM_L.Blight 3638.JPG,10,10,Leaf_blight_(Isariopsis_Leaf_Spot),Leaf_blight_(Isariopsis_Leaf_Spot),1.0
b36e6bacae74539122d639b03523c69c,PV_data/Grape___Leaf_blight_(Isariopsis_Leaf_Spot)/297ec8f2-8140-49a6-a842-8f5747efc5cd___FAM_L.Blight 1712.JPG,10,10,Leaf_blight_(Isariopsis_Leaf_Spot),Leaf_blight_(Isariopsis_Leaf_Spot),1.0
5a9f7dfdc6800bd2c3a22b17ee971502,PV_data/Grape___Leaf_blight_(Isariopsis_Leaf_Spot)/2bab428e-519b-4e4e-95db-45d88765a486___FAM_L.Blight 4907.JPG,10,10,Leaf_blight_(Isariopsis_Leaf_Spot),Leaf_blight_(Isariopsis_Leaf_Spot),1.0
2f8ed3332ef79b7d102ffb6537b154ef,PV_data/Grape___Leaf_blight_(Isariopsis_Leaf_Spot)/2c135c30-428c-4ca3-a86f-5aa1b8e32aa9___FAM_L.Blight 1573.JPG,10,10,Leaf_blight_(Isariopsis_Leaf_Spot),Leaf_blight_(Isariopsis_Leaf_Spot),1.0
6bbc3edfea9556e447c6a5fc8de5dba9,PV_data/Grape___Leaf_blight_(Isariopsis_Leaf_Spot)/2d04f070-99d0-4f2d-a7da-3298bf2de057___FAM_L.Blight 4645.JPG,10,10,Leaf_blight_(Isariopsis_Leaf_Spot),Leaf_blight_(Isariopsis_Leaf_Spot),1.0
70f72a92dadf69d682d2c5f066c1643e,PV_data/Grape___Leaf_blight_(Isariopsis_Leaf_Spot)/2d17737b-862c-4818-a0e9-01846b582bc2___FAM_L.Blight 4537.JPG,10,10,Leaf_blight_(Isariopsis_Leaf_Spot),Leaf_blight_(Isariopsis_Leaf_Spot),1.0
9eaffa673d292cbc1601df8e068b3492,PV_data/Grape___Leaf_blight_(Isariopsis_Leaf_Spot)/2dfd88f8-1ddf-49db-b4be-2929275a0629___FAM_L.Blight 1430.JPG,10,10,Leaf_blight_(Isariopsis_Leaf_Spot),Leaf_blight_(Isariopsis_Leaf_Spot),1.0
0efd3caf8330b030d2bcf8bbce4228d8,PV_data/Grape___Leaf_blight_(Isariopsis_Leaf_Spot)/2ff4a275-6ea2-4643-8e62-4714a2fac1e4___FAM_L.Blight 1546.JPG,10,10,Leaf_blight_(Isariopsis_Leaf_Spot),Leaf_blight_(Isariopsis_Leaf_Spot),1.0
8869281e9e18af5f63f686262e7152b4,PV_data/Grape___Leaf_blight_(Isariopsis_Leaf_Spot)/309e6a97-3736-4546-b77e-8fe5b8945463___FAM_L.Blight 0806.JPG,10,10,Leaf_blight_(Isariopsis_Leaf_Spot),Leaf_blight_(Isariopsis_Leaf_Spot),1.0
f5f7ef2505a8f4155c18cfc87ea10f4f,PV_data/Grape___Leaf_blight_(Isariopsis_Leaf_Spot)/338dd61a-290b-43e4-9f7d-022bd918aa58___FAM_L.Blight 4949.JPG,10,10,Leaf_blight_(Isariopsis_Leaf_Spot),Leaf_blight_(Isariopsis_Leaf_Spot),1.0
2316fb5ee284ed2547d78edbd69a946a,PV_data/Grape___Leaf_blight_(Isariopsis_Leaf_Spot)/33cbe98e-821b-4567-8f98-dc6316f97633___FAM_L.Blight 3781.JPG,10,10,Leaf_blight_(Isariopsis_Leaf_Spot),Leaf_blight_(Isariopsis_Leaf_Spot),0.99999917
5ee38f9c62e1e565d6d4781bd451142c,PV_data/Grape___Leaf_blight_(Isariopsis_Leaf_Spot)/344f9b8e-0364-4b29-b49e-bb44f8cadcd8___FAM_L.Blight 4540.JPG,10,10,Leaf_blight_(Isariopsis_Leaf_Spot),Leaf_blight_(Isariopsis_Leaf_Spot),1.0
a7988c9548ce4913b08ec07028eac5d0,PV_data/Grape___Leaf_blight_(Isariopsis_Leaf_Spot)/34c45a7a-c8e1-4d59-89d8-5f1bbddae25f___FAM_L.Blight 4598.JPG,10,10,Leaf_blight_(Isariopsis_Leaf_Spot),Leaf_blight_(Isariopsis_Leaf_Spot),1.0
4fa0245ae3ffa5eee494dd113e6acb29,PV_data/Grape___Leaf_blight_(Isariopsis_Leaf_Spot)/34f0c357-d210-4451-be8c-cf07215268bb___FAM_L.Blight 1478.JPG,10,10,Leaf_blight_(Isariopsis_Leaf_Spot),Leaf_blight_(Isariopsis_Leaf_Spot),0.99999964
a575dd8aac1f6fe9f30145cb92fc3f12,PV_data/Grape___Leaf_blight_(Isariopsis_Leaf_Spot)/36d3ac8c-2b8e-4084-b97a-7d34d22dfb58___FAM_L.Blight 4845.JPG,10,10,Leaf_blight_(Isariopsis_Leaf_Spot),Leaf_blight_(Isariopsis_Leaf_Spot),0.9999405
8b60ded312d6aa4d1977bf69e1338b96,PV_data/Grape___Leaf_blight_(Isariopsis_Leaf_Spot)/3779f089-e4c0-4818-9248-e4dab781d153___FAM_L.Blight 1460.JPG,10,10,Leaf_blight_(Isariopsis_Leaf_Spot),Leaf_blight_(Isariopsis_Leaf_Spot),1.0
e05d36101becacf9ce658a2d95d89de6,PV_data/Grape___Leaf_blight_(Isariopsis_Leaf_Spot)/380946a0-d5e4-41d5-be2a-ce4850b45506___FAM_L.Blight 4625.JPG,10,10,Leaf_blight_(Isariopsis_Leaf_Spot),Leaf_blight_(Isariopsis_Leaf_Spot),1.0
060ae0f6e8021d1d604391e7d8f94f0e,PV_data/Grape___Leaf_blight_(Isariopsis_Leaf_Spot)/38575b8a-15ac-46c8-8a1f-99157ca9051e___FAM_L.Blight 3754.JPG,10,10,Leaf_blight_(Isariopsis_Leaf_Spot),Leaf_blight_(Isariopsis_Leaf_Spot),1.0
14bce419eec2a763966f49c5ffc09fa4,PV_data/Grape___Leaf_blight_(Isariopsis_Leaf_Spot)/39652460-e3ff-4f6c-8b87-c3697a3e53ff___FAM_L.Blight 4844.JPG,10,10,Leaf_blight_(Isariopsis_Leaf_Spot),Leaf_blight_(Isariopsis_Leaf_Spot),0.99999845
a3249e8da92cef24987eb0561d1aa989,PV_data/Grape___Leaf_blight_(Isariopsis_Leaf_Spot)/398a958e-6dbb-43e3-aea5-27b9982e9fe4___FAM_L.Blight 4864.JPG,10,10,Leaf_blight_(Isariopsis_Leaf_Spot),Leaf_blight_(Isariopsis_Leaf_Spot),1.0
0fd9c7cd068a7503672bdd2d2e9e18fc,PV_data/Grape___Leaf_blight_(Isariopsis_Leaf_Spot)/399fa49d-fc33-4798-8fb3-92e736516e5d___FAM_L.Blight 4705.JPG,10,10,Leaf_blight_(Isariopsis_Leaf_Spot),Leaf_blight_(Isariopsis_Leaf_Spot),1.0
80d92418c0a6fbdd0c81b597f42d5658,PV_data/Grape___Leaf_blight_(Isariopsis_Leaf_Spot)/3a864d40-54f3-493c-9b05-4b0205dd7c82___FAM_L.Blight 1620.JPG,10,10,Leaf_blight_(Isariopsis_Leaf_Spot),Leaf_blight_(Isariopsis_Leaf_Spot),0.99999964
d203f66619a33d1ae863beec3d5da371,PV_data/Grape___Leaf_blight_(Isariopsis_Leaf_Spot)/3ab53e37-b0fe-4051-b69a-2ab89b4eea52___FAM_L.Blight 4886.JPG,10,10,Leaf_blight_(Isariopsis_Leaf_Spot),Leaf_blight_(Isariopsis_Leaf_Spot),0.9999987
faf87b4bdea401947f1e00202e6507e1,PV_data/Grape___Leaf_blight_(Isariopsis_Leaf_Spot)/3bfbaac1-a8b5-447e-9845-5675b0d17ebf___FAM_L.Blight 4838.JPG,10,10,Leaf_blight_(Isariopsis_Leaf_Spot),Leaf_blight_(Isariopsis_Leaf_Spot),0.9999987
1dd1669264bf909beac9d48fb7503865,PV_data/Grape___Leaf_blight_(Isariopsis_Leaf_Spot)/3c66a30a-dfa2-4907-ba71-711015c21c9a___FAM_L.Blight 3660.JPG,10,10,Leaf_blight_(Isariopsis_Leaf_Spot),Leaf_blight_(Isariopsis_Leaf_Spot),0.9999994
d30b1aeca01d91b8fb01703a09069671,PV_data/Grape___Leaf_blight_(Isariopsis_Leaf_Spot)/3ec62eb5-098e-4b3b-987a-16e31c4d84ab___FAM_L.Blight 3642.JPG,10,10,Leaf_blight_(Isariopsis_Leaf_Spot),Leaf_blight_(Isariopsis_Leaf_Spot),0.99997735
44e82f6570700c8641bb8b338fbd6bad,PV_data/Grape___Leaf_blight_(Isariopsis_Leaf_Spot)/4028195c-2b48-437e-8661-64614b59af57___FAM_L.Blight 1399.JPG,10,10,Leaf_blight_(Isariopsis_Leaf_Spot),Leaf_blight_(Isariopsis_Leaf_Spot),1.0
9e680c08eed2bd8d3aab0365b1e69c48,PV_data/Grape___Leaf_blight_(Isariopsis_Leaf_Spot)/41f81a76-aa3e-4a85-aa41-234ea18c96e5___FAM_L.Blight 4832.JPG,10,10,Leaf_blight_(Isariopsis_Leaf_Spot),Leaf_blight_(Isariopsis_Leaf_Spot),1.0
f5762d92cb305c0fe6a13a5e668f2263,PV_data/Grape___Leaf_blight_(Isariopsis_Leaf_Spot)/4265a06b-8b7e-43ec-8fd0-7419f4ca9afd___FAM_L.Blight 4801.JPG,10,10,Leaf_blight_(Isariopsis_Leaf_Spot),Leaf_blight_(Isariopsis_Leaf_Spot),1.0
3dce582b4b43556367d02b35629fd05d,PV_data/Grape___Leaf_blight_(Isariopsis_Leaf_Spot)/42a253b5-cad2-4748-8c89-5511b901cb3e___FAM_L.Blight 1598.JPG,10,10,Leaf_blight_(Isariopsis_Leaf_Spot),Leaf_blight_(Isariopsis_Leaf_Spot),1.0
7e18413b6d26d1872a558cf9d13d72f7,PV_data/Grape___Leaf_blight_(Isariopsis_Leaf_Spot)/432f337d-5b28-495e-af5a-38e7f6142600___FAM_L.Blight 1587.JPG,10,10,Leaf_blight_(Isariopsis_Leaf_Spot),Leaf_blight_(Isariopsis_Leaf_Spot),1.0
2fb4dc6d58165e36b4adfd69c0fef0a9,PV_data/Grape___Leaf_blight_(Isariopsis_Leaf_Spot)/4354605f-103e-42f0-93d9-24ab7fbee043___FAM_L.Blight 4651.JPG,10,10,Leaf_blight_(Isariopsis_Leaf_Spot),Leaf_blight_(Isariopsis_Leaf_Spot),1.0
92183105f30aa5b8d36ad185783d0fc9,PV_data/Grape___Leaf_blight_(Isariopsis_Leaf_Spot)/436b24e0-651a-4e5c-81a2-a1ad5f0157c5___FAM_L.Blight 3728.JPG,10,10,Leaf_blight_(Isariopsis_Leaf_Spot),Leaf_blight_(Isariopsis_Leaf_Spot),1.0
60dfc738eb3718829759f689e43e3b1e,PV_data/Grape___Leaf_blight_(Isariopsis_Leaf_Spot)/48470e3f-9bf0-4d77-86a2-68e312cd8263___FAM_L.Blight 4947.JPG,10,10,Leaf_blight_(Isariopsis_Leaf_Spot),Leaf_blight_(Isariopsis_Leaf_Spot),0.9999999
f3be304143ee6bae4495d87ac3a65774,PV_data/Grape___Leaf_blight_(Isariopsis_Leaf_Spot)/4d8aa281-ddb5-4f46-a95c-72a65c59903a___FAM_L.Blight 3753.JPG,10,10,Leaf_blight_(Isariopsis_Leaf_Spot),Leaf_blight_(Isariopsis_Leaf_Spot),1.0
37c81f747018d0e0998b4df383c670b7,PV_data/Grape___Leaf_blight_(Isariopsis_Leaf_Spot)/4e32244f-8e20-4788-8c49-93e971113104___FAM_L.Blight 1512.JPG,10,10,Leaf_blight_(Isariopsis_Leaf_Spot),Leaf_blight_(Isariopsis_Leaf_Spot),1.0
11ea582d55ec568232c3e67341fc2f72,PV_data/Grape___Leaf_blight_(Isariopsis_Leaf_Spot)/4f1d732d-fe6b-423e-9ec5-c901b63e204e___FAM_L.Blight 4831.JPG,10,10,Leaf_blight_(Isariopsis_Leaf_Spot),Leaf_blight_(Isariopsis_Leaf_Spot),0.9999988
333285ba87acd24b560225d568e7138c,PV_data/Grape___Leaf_blight_(Isariopsis_Leaf_Spot)/4f8f850f-225e-4f66-ac47-ecb430bd4b4a___FAM_L.Blight 4672.JPG,10,10,Leaf_blight_(Isariopsis_Leaf_Spot),Leaf_blight_(Isariopsis_Leaf_Spot),1.0
ae907559f90059c2144f4bd73a29f3a7,PV_data/Grape___Leaf_blight_(Isariopsis_Leaf_Spot)/4fb37ee9-170c-4edf-88a1-60f2d0b245be___FAM_L.Blight 1560.JPG,10,10,Leaf_blight_(Isariopsis_Leaf_Spot),Leaf_blight_(Isariopsis_Leaf_Spot),0.99999344
c29f35826767ef75d88285868ee8ebb7,PV_data/Grape___Leaf_blight_(Isariopsis_Leaf_Spot)/512b795b-aa79-4ff2-94ac-d2aa56e7f86e___FAM_L.Blight 4533.JPG,10,10,Leaf_blight_(Isariopsis_Leaf_Spot),Leaf_blight_(Isariopsis_Leaf_Spot),1.0
486b3441e41185b1fbc73aa6a1060244,PV_data/Grape___Leaf_blight_(Isariopsis_Leaf_Spot)/51a236ae-939f-4f9e-97bf-f0ea246b637f___FAM_L.Blight 4743.JPG,10,10,Leaf_blight_(Isariopsis_Leaf_Spot),Leaf_blight_(Isariopsis_Leaf_Spot),1.0
647f781ee9ff5187de1baf15e54999ba,PV_data/Grape___Leaf_blight_(Isariopsis_Leaf_Spot)/51e79c35-cbb4-45ff-8d04-0720f392f36c___FAM_L.Blight 1425.JPG,10,10,Leaf_blight_(Isariopsis_Leaf_Spot),Leaf_blight_(Isariopsis_Leaf_Spot),1.0
eba419dc601a8fe59f6d9641d7aa5251,PV_data/Grape___Leaf_blight_(Isariopsis_Leaf_Spot)/521b781a-56f3-4cf7-a841-9ecd82ecd3d7___FAM_L.Blight 1407.JPG,10,10,Leaf_blight_(Isariopsis_Leaf_Spot),Leaf_blight_(Isariopsis_Leaf_Spot),1.0
8f868060893d5b37ce79b9afa246f9f5,PV_data/Grape___Leaf_blight_(Isariopsis_Leaf_Spot)/54396503-ef60-4a0b-b38c-9b041a2f9d53___FAM_L.Blight 1496.JPG,10,10,Leaf_blight_(Isariopsis_Leaf_Spot),Leaf_blight_(Isariopsis_Leaf_Spot),1.0
91361950f6734f2092ad797596dc0132,PV_data/Grape___Leaf_blight_(Isariopsis_Leaf_Spot)/569dd1a8-f508-4b9a-876d-cad61695e163___FAM_L.Blight 4629.JPG,10,10,Leaf_blight_(Isariopsis_Leaf_Spot),Leaf_blight_(Isariopsis_Leaf_Spot),1.0
78a4e965b2e8131db8eb5eaa18b536e4,PV_data/Grape___Leaf_blight_(Isariopsis_Leaf_Spot)/581d1b61-8c59-4470-9985-6f4d53750aca___FAM_L.Blight 1398.JPG,10,10,Leaf_blight_(Isariopsis_Leaf_Spot),Leaf_blight_(Isariopsis_Leaf_Spot),1.0
af210a4b0ade3577823c91d4eae1df77,PV_data/Grape___Leaf_blight_(Isariopsis_Leaf_Spot)/5a50e65a-30a7-4a66-a46a-ab43b2ac6317___FAM_L.Blight 4652.JPG,10,10,Leaf_blight_(Isariopsis_Leaf_Spot),Leaf_blight_(Isariopsis_Leaf_Spot),1.0
4b2fd1d69fe04bb3822ea9f2e4a9ad5b,PV_data/Grape___Leaf_blight_(Isariopsis_Leaf_Spot)/5d672d08-811f-4d58-a39e-8a49e17c921b___FAM_L.Blight 4816.JPG,10,10,Leaf_blight_(Isariopsis_Leaf_Spot),Leaf_blight_(Isariopsis_Leaf_Spot),1.0
91022181a28406f560575b7cdc36b055,PV_data/Grape___Leaf_blight_(Isariopsis_Leaf_Spot)/5e932db0-3806-40be-a8bf-62aea2f89800___FAM_L.Blight 1523.JPG,10,10,Leaf_blight_(Isariopsis_Leaf_Spot),Leaf_blight_(Isariopsis_Leaf_Spot),0.999998
449ebc83b46bd5e2996a685021effed1,PV_data/Grape___Leaf_blight_(Isariopsis_Leaf_Spot)/5f23077a-5f9a-440c-89be-662b5011d0f7___FAM_L.Blight 1626.JPG,10,10,Leaf_blight_(Isariopsis_Leaf_Spot),Leaf_blight_(Isariopsis_Leaf_Spot),1.0
2965f2113fb8dd37c49f18046dbb8718,PV_data/Grape___Leaf_blight_(Isariopsis_Leaf_Spot)/61035474-7322-4ef0-82f6-9fbc8deed18f___FAM_L.Blight 4604.JPG,10,10,Leaf_blight_(Isariopsis_Leaf_Spot),Leaf_blight_(Isariopsis_Leaf_Spot),0.9999255
a0a13f37ee8f0608cd14b7549541a8fc,PV_data/Grape___Leaf_blight_(Isariopsis_Leaf_Spot)/61356c31-6b08-4995-a192-1d44a5d20d8e___FAM_L.Blight 3643.JPG,10,10,Leaf_blight_(Isariopsis_Leaf_Spot),Leaf_blight_(Isariopsis_Leaf_Spot),0.99895096
25d58fa7a6968d6215cd83f849fe0af9,PV_data/Grape___Leaf_blight_(Isariopsis_Leaf_Spot)/61397522-0f8a-454a-b386-6fb808c2d953___FAM_L.Blight 1365.JPG,10,10,Leaf_blight_(Isariopsis_Leaf_Spot),Leaf_blight_(Isariopsis_Leaf_Spot),1.0
fc7f9566b0c2c8418168016761a7629d,PV_data/Grape___Leaf_blight_(Isariopsis_Leaf_Spot)/64834018-2894-4c6b-9b25-5b1be3b7d196___FAM_L.Blight 3716.JPG,10,10,Leaf_blight_(Isariopsis_Leaf_Spot),Leaf_blight_(Isariopsis_Leaf_Spot),1.0
2601310bfffd0928375fea34525f19bc,PV_data/Grape___Leaf_blight_(Isariopsis_Leaf_Spot)/64aa7350-c272-4d31-949c-0730597341be___FAM_L.Blight 1541.JPG,10,10,Leaf_blight_(Isariopsis_Leaf_Spot),Leaf_blight_(Isariopsis_Leaf_Spot),1.0
581cd996c28ffb8a97f28c0fe35058f4,PV_data/Grape___Leaf_blight_(Isariopsis_Leaf_Spot)/6a5b455f-4dce-47d9-b376-ee72e3cbe562___FAM_L.Blight 3789.JPG,10,10,Leaf_blight_(Isariopsis_Leaf_Spot),Leaf_blight_(Isariopsis_Leaf_Spot),0.9999875
4ee97a883df86e3f75137b2768cd582d,PV_data/Grape___Leaf_blight_(Isariopsis_Leaf_Spot)/6bac8771-bc3c-48a6-96f9-f43994aeb832___FAM_L.Blight 3706.JPG,10,10,Leaf_blight_(Isariopsis_Leaf_Spot),Leaf_blight_(Isariopsis_Leaf_Spot),1.0
f87d5b1f54fc058d486e27d2519ee5eb,PV_data/Grape___Leaf_blight_(Isariopsis_Leaf_Spot)/6beb03fa-2945-4c75-bf52-c10a3dd6606e___FAM_L.Blight 0770.JPG,10,10,Leaf_blight_(Isariopsis_Leaf_Spot),Leaf_blight_(Isariopsis_Leaf_Spot),0.99820983
00bbc91b651eb06cd25d3f9a7990be8b,PV_data/Grape___Leaf_blight_(Isariopsis_Leaf_Spot)/6ee197ad-e554-4f70-b549-66d5f6d09d37___FAM_L.Blight 1704.JPG,10,10,Leaf_blight_(Isariopsis_Leaf_Spot),Leaf_blight_(Isariopsis_Leaf_Spot),0.7439213
f4638db6d2aaec3a7c25909392d6e309,PV_data/Grape___Leaf_blight_(Isariopsis_Leaf_Spot)/6f573af5-b10a-44b2-8409-93955d36d525___FAM_L.Blight 4867.JPG,10,10,Leaf_blight_(Isariopsis_Leaf_Spot),Leaf_blight_(Isariopsis_Leaf_Spot),0.9999989
606f93589e244b6fa604bb443d0e47a2,PV_data/Grape___Leaf_blight_(Isariopsis_Leaf_Spot)/6f9c1872-2540-4a40-b920-3ac45d3b4dd1___FAM_L.Blight 4768.JPG,10,10,Leaf_blight_(Isariopsis_Leaf_Spot),Leaf_blight_(Isariopsis_Leaf_Spot),1.0
f4ac0d0354f1b25e42667a5c1e84c639,PV_data/Grape___Leaf_blight_(Isariopsis_Leaf_Spot)/6fad4de0-54bf-4869-80ac-d290bd7d0da8___FAM_L.Blight 1432.JPG,10,10,Leaf_blight_(Isariopsis_Leaf_Spot),Leaf_blight_(Isariopsis_Leaf_Spot),1.0
aec2fa825ce38f03a7a8267719aa2971,PV_data/Grape___Leaf_blight_(Isariopsis_Leaf_Spot)/71119c61-edcb-4e12-93ca-4e10ab0c42c7___FAM_L.Blight 1562.JPG,10,10,Leaf_blight_(Isariopsis_Leaf_Spot),Leaf_blight_(Isariopsis_Leaf_Spot),0.9999958
b826c427ab47d77694327ac5d9122785,PV_data/Grape___Leaf_blight_(Isariopsis_Leaf_Spot)/717d1253-4851-4f56-8b74-fee9e2bb006b___FAM_L.Blight 4560.JPG,10,10,Leaf_blight_(Isariopsis_Leaf_Spot),Leaf_blight_(Isariopsis_Leaf_Spot),0.9999995
f434e6711273f4a80244bdc176021888,PV_data/Grape___Leaf_blight_(Isariopsis_Leaf_Spot)/722e95b0-7a99-4562-92a3-c8440dd5534c___FAM_L.Blight 1590.JPG,10,10,Leaf_blight_(Isariopsis_Leaf_Spot),Leaf_blight_(Isariopsis_Leaf_Spot),1.0
1e92f1860a1ffefe7377c70a175cc22c,PV_data/Grape___Leaf_blight_(Isariopsis_Leaf_Spot)/735a324d-b956-410d-9f23-ad68fbd56b21___FAM_L.Blight 1550.JPG,10,10,Leaf_blight_(Isariopsis_Leaf_Spot),Leaf_blight_(Isariopsis_Leaf_Spot),1.0
b7d575c0bee2c5f0100ea526a4c7b0a3,PV_data/Grape___Leaf_blight_(Isariopsis_Leaf_Spot)/755e9018-f32f-4cc6-8e79-7816c2667cfc___FAM_L.Blight 4744.JPG,10,10,Leaf_blight_(Isariopsis_Leaf_Spot),Leaf_blight_(Isariopsis_Leaf_Spot),1.0
6d4498627b2a3b2f739d38a3c092fe40,PV_data/Grape___Leaf_blight_(Isariopsis_Leaf_Spot)/79a36ce0-653e-4607-a6ac-bfa5e0209fc2___FAM_L.Blight 4767.JPG,10,10,Leaf_blight_(Isariopsis_Leaf_Spot),Leaf_blight_(Isariopsis_Leaf_Spot),1.0
d614e2578696b5d385e880a0ae8bbacf,PV_data/Grape___Leaf_blight_(Isariopsis_Leaf_Spot)/7a19ccfa-2eed-4e6e-bb02-28064245874c___FAM_L.Blight 3661.JPG,10,10,Leaf_blight_(Isariopsis_Leaf_Spot),Leaf_blight_(Isariopsis_Leaf_Spot),0.99999905
d4579f337b3aa42e43a7d010084ef02d,PV_data/Grape___Leaf_blight_(Isariopsis_Leaf_Spot)/7fc16641-531b-40ca-bfbc-bdb778574418___FAM_L.Blight 1574.JPG,10,10,Leaf_blight_(Isariopsis_Leaf_Spot),Leaf_blight_(Isariopsis_Leaf_Spot),0.9999999
e41dbda666e16ce345c3452c6f4a8e69,PV_data/Grape___Leaf_blight_(Isariopsis_Leaf_Spot)/80bc3455-9ec0-4ec7-8681-10a063facbae___FAM_L.Blight 3688.JPG,10,10,Leaf_blight_(Isariopsis_Leaf_Spot),Leaf_blight_(Isariopsis_Leaf_Spot),1.0
59af201adeb0a4206a3add1871134ca0,PV_data/Grape___Leaf_blight_(Isariopsis_Leaf_Spot)/8243e3f5-4864-4944-956c-9fdcab4b18ef___FAM_L.Blight 1548.JPG,10,10,Leaf_blight_(Isariopsis_Leaf_Spot),Leaf_blight_(Isariopsis_Leaf_Spot),1.0
8d1d5974191ace5370106293adf0736c,PV_data/Grape___Leaf_blight_(Isariopsis_Leaf_Spot)/82cb565e-0c7d-4aae-a5bf-f9e75889d5d4___FAM_L.Blight 3639.JPG,10,10,Leaf_blight_(Isariopsis_Leaf_Spot),Leaf_blight_(Isariopsis_Leaf_Spot),0.9999999
23705358698d3f23819bd3ed8d780595,PV_data/Grape___Leaf_blight_(Isariopsis_Leaf_Spot)/8392a4e9-5994-4044-aebf-3a333f63fccf___FAM_L.Blight 1540.JPG,10,10,Leaf_blight_(Isariopsis_Leaf_Spot),Leaf_blight_(Isariopsis_Leaf_Spot),1.0
f41d788c6556e647c48a053072a47942,PV_data/Grape___Leaf_blight_(Isariopsis_Leaf_Spot)/84801951-2cec-4d78-b8d6-0b948f555ccd___FAM_L.Blight 4541.JPG,10,10,Leaf_blight_(Isariopsis_Leaf_Spot),Leaf_blight_(Isariopsis_Leaf_Spot),1.0
88447708155343e02130c10f7dea5786,PV_data/Grape___Leaf_blight_(Isariopsis_Leaf_Spot)/8b3d8940-4f99-46d8-bc55-14136e392b7e___FAM_L.Blight 4883.JPG,10,10,Leaf_blight_(Isariopsis_Leaf_Spot),Leaf_blight_(Isariopsis_Leaf_Spot),0.996799
05bfdd4da03a61db43f188857beb9836,PV_data/Grape___Leaf_blight_(Isariopsis_Leaf_Spot)/8d9ebabe-3872-4158-a212-71089fd3f285___FAM_L.Blight 0802.JPG,10,10,Leaf_blight_(Isariopsis_Leaf_Spot),Leaf_blight_(Isariopsis_Leaf_Spot),1.0
89d2cb3abffe7ac9139bc81bfe15ec9c,PV_data/Grape___Leaf_blight_(Isariopsis_Leaf_Spot)/8e6b80f3-8faa-4703-8d62-73669c62f19b___FAM_L.Blight 1484.JPG,10,10,Leaf_blight_(Isariopsis_Leaf_Spot),Leaf_blight_(Isariopsis_Leaf_Spot),1.0
0355438f1c3994a1356da806bb273dd7,PV_data/Grape___Leaf_blight_(Isariopsis_Leaf_Spot)/904ad76d-c2c5-43b2-a874-7b80602602d5___FAM_L.Blight 4608.JPG,10,10,Leaf_blight_(Isariopsis_Leaf_Spot),Leaf_blight_(Isariopsis_Leaf_Spot),1.0
1eaa07543d97762a9fa698648f5b1d76,PV_data/Grape___Leaf_blight_(Isariopsis_Leaf_Spot)/921265d1-78f1-4d39-b250-9c85262edbae___FAM_L.Blight 4961.JPG,10,10,Leaf_blight_(Isariopsis_Leaf_Spot),Leaf_blight_(Isariopsis_Leaf_Spot),1.0
f7c790d8abe8dd63e34e6795ad25da60,PV_data/Grape___Leaf_blight_(Isariopsis_Leaf_Spot)/933d5cab-bd77-40e2-bd52-ceec675ec1dc___FAM_L.Blight 3774.JPG,10,10,Leaf_blight_(Isariopsis_Leaf_Spot),Leaf_blight_(Isariopsis_Leaf_Spot),1.0
311b56f7c945f1a9600179842a6101a1,PV_data/Grape___Leaf_blight_(Isariopsis_Leaf_Spot)/94ccd9b8-2669-4ec0-8ad9-be62feaf4f6c___FAM_L.Blight 1471.JPG,10,10,Leaf_blight_(Isariopsis_Leaf_Spot),Leaf_blight_(Isariopsis_Leaf_Spot),1.0
02514d8000da7e194496a6c6e19872ef,PV_data/Grape___Leaf_blight_(Isariopsis_Leaf_Spot)/98482230-c7c8-49fa-a35c-2be3f82f0668___FAM_L.Blight 4515.JPG,10,10,Leaf_blight_(Isariopsis_Leaf_Spot),Leaf_blight_(Isariopsis_Leaf_Spot),1.0
6a15951f13842305eff8bca89d8c0a36,PV_data/Grape___Leaf_blight_(Isariopsis_Leaf_Spot)/996aebb3-cbf2-47aa-995e-2a57342e2198___FAM_L.Blight 1393.JPG,10,10,Leaf_blight_(Isariopsis_Leaf_Spot),Leaf_blight_(Isariopsis_Leaf_Spot),1.0
f47d417da693d4111c3c8c8a8493f59b,PV_data/Grape___Leaf_blight_(Isariopsis_Leaf_Spot)/998eef86-befe-4da3-89af-f80fe2239b9f___FAM_L.Blight 1483.JPG,10,10,Leaf_blight_(Isariopsis_Leaf_Spot),Leaf_blight_(Isariopsis_Leaf_Spot),1.0
13f72fb4f2a69ddd2b1cb99f4e4b1951,PV_data/Grape___Leaf_blight_(Isariopsis_Leaf_Spot)/9ad9a56b-ab99-4373-8aea-e8eca129c7c3___FAM_L.Blight 0808.JPG,10,10,Leaf_blight_(Isariopsis_Leaf_Spot),Leaf_blight_(Isariopsis_Leaf_Spot),1.0
a8e3b4891935620f00f6b41764c06160,PV_data/Grape___Leaf_blight_(Isariopsis_Leaf_Spot)/9af2f0f7-49ae-4ce4-b7b4-fd03497d4605___FAM_L.Blight 1403.JPG,10,10,Leaf_blight_(Isariopsis_Leaf_Spot),Leaf_blight_(Isariopsis_Leaf_Spot),0.999995
56a8b8e92a39fe91086be16053b63c06,PV_data/Grape___Leaf_blight_(Isariopsis_Leaf_Spot)/9d62bde9-951a-4b1a-ac24-09131cabd8dc___FAM_L.Blight 1556.JPG,10,10,Leaf_blight_(Isariopsis_Leaf_Spot),Leaf_blight_(Isariopsis_Leaf_Spot),1.0
a60a30822261cbc9efa27eb64357f4f5,PV_data/Grape___Leaf_blight_(Isariopsis_Leaf_Spot)/a0842718-9e1b-442d-a158-a2f62423aa8d___FAM_L.Blight 1682.JPG,10,10,Leaf_blight_(Isariopsis_Leaf_Spot),Leaf_blight_(Isariopsis_Leaf_Spot),1.0
36a8c9a683cd84df832a1b054356ba00,PV_data/Grape___Leaf_blight_(Isariopsis_Leaf_Spot)/a0cd763c-b008-483e-93f5-22d4da51780f___FAM_L.Blight 1524.JPG,10,10,Leaf_blight_(Isariopsis_Leaf_Spot),Leaf_blight_(Isariopsis_Leaf_Spot),0.999987
4c4220711b52b60fdbff14fac968da3d,PV_data/Grape___Leaf_blight_(Isariopsis_Leaf_Spot)/a546599d-55ce-4466-892e-8558f72cc4db___FAM_L.Blight 1444.JPG,10,10,Leaf_blight_(Isariopsis_Leaf_Spot),Leaf_blight_(Isariopsis_Leaf_Spot),0.9999999
cfdd73e5a72f564c056ee19e1fff4b48,PV_data/Grape___Leaf_blight_(Isariopsis_Leaf_Spot)/a8decd07-d7a5-44c5-9ba2-c357b70ad322___FAM_L.Blight 4924.JPG,10,10,Leaf_blight_(Isariopsis_Leaf_Spot),Leaf_blight_(Isariopsis_Leaf_Spot),1.0
2370f1ba7189c878eff34649ce043deb,PV_data/Grape___Leaf_blight_(Isariopsis_Leaf_Spot)/a9a6fc60-f529-4827-9817-3f1140d92166___FAM_L.Blight 1677.JPG,10,10,Leaf_blight_(Isariopsis_Leaf_Spot),Leaf_blight_(Isariopsis_Leaf_Spot),0.9999944
06ce8f981951c985a78aefa5cfa4ae08,PV_data/Grape___Leaf_blight_(Isariopsis_Leaf_Spot)/a9f431ae-3982-48bb-a6c6-82194562dcb0___FAM_L.Blight 3692.JPG,10,10,Leaf_blight_(Isariopsis_Leaf_Spot),Leaf_blight_(Isariopsis_Leaf_Spot),1.0
54db4880b53dfb3e3e132dc4ea4caa7f,PV_data/Grape___Leaf_blight_(Isariopsis_Leaf_Spot)/ab266d06-4dce-4857-b0b6-6df6905f7323___FAM_L.Blight 4590.JPG,10,10,Leaf_blight_(Isariopsis_Leaf_Spot),Leaf_blight_(Isariopsis_Leaf_Spot),1.0
dc1832095d92b98d7bb8756d8ef1047c,PV_data/Grape___Leaf_blight_(Isariopsis_Leaf_Spot)/abef2d8b-9537-4902-a6eb-b7509bbfeb1a___FAM_L.Blight 4553.JPG,10,10,Leaf_blight_(Isariopsis_Leaf_Spot),Leaf_blight_(Isariopsis_Leaf_Spot),1.0
302317e43ca08ee8c2973e1ff4f275b0,PV_data/Grape___Leaf_blight_(Isariopsis_Leaf_Spot)/b2782d03-fed9-4964-bb41-aeb868271624___FAM_L.Blight 1602.JPG,10,10,Leaf_blight_(Isariopsis_Leaf_Spot),Leaf_blight_(Isariopsis_Leaf_Spot),1.0
d2411fc331b5e476b748c615aafd2968,PV_data/Grape___Leaf_blight_(Isariopsis_Leaf_Spot)/b6e23d1c-79aa-497e-98a5-9d718b8a8fc7___FAM_L.Blight 4979.JPG,10,10,Leaf_blight_(Isariopsis_Leaf_Spot),Leaf_blight_(Isariopsis_Leaf_Spot),1.0
540ba6bc79f79d9516251db24af8a293,PV_data/Grape___Leaf_blight_(Isariopsis_Leaf_Spot)/b6ed759b-b849-4049-9b67-251579446961___FAM_L.Blight 4950.JPG,10,10,Leaf_blight_(Isariopsis_Leaf_Spot),Leaf_blight_(Isariopsis_Leaf_Spot),1.0
40234e6a4ef58781d7b0bc2e8fda634b,PV_data/Grape___Leaf_blight_(Isariopsis_Leaf_Spot)/b72e44b6-9ccf-4140-8874-84584abd0aeb___FAM_L.Blight 4699.JPG,10,10,Leaf_blight_(Isariopsis_Leaf_Spot),Leaf_blight_(Isariopsis_Leaf_Spot),1.0
6337e689a01cd39ff970622d24e10946,PV_data/Grape___Leaf_blight_(Isariopsis_Leaf_Spot)/b745c08c-5668-4cb0-a8c3-9c6a46b56fc0___FAM_L.Blight 4582.JPG,10,10,Leaf_blight_(Isariopsis_Leaf_Spot),Leaf_blight_(Isariopsis_Leaf_Spot),1.0
17c09cbce0f19c4e8ea545a18a56bd14,PV_data/Grape___Leaf_blight_(Isariopsis_Leaf_Spot)/b85120a1-29c3-4c42-b975-1d19e5f88c88___FAM_L.Blight 1645.JPG,10,10,Leaf_blight_(Isariopsis_Leaf_Spot),Leaf_blight_(Isariopsis_Leaf_Spot),1.0
cc5b17e65ebd71273454633268cd7f53,PV_data/Grape___Leaf_blight_(Isariopsis_Leaf_Spot)/bb7ff2bc-e51e-4ba4-bdd0-569aa0948d0f___FAM_L.Blight 4763.JPG,10,10,Leaf_blight_(Isariopsis_Leaf_Spot),Leaf_blight_(Isariopsis_Leaf_Spot),1.0
a63edb17d815007505e1a984d7e677b3,PV_data/Grape___Leaf_blight_(Isariopsis_Leaf_Spot)/bedfa93f-ec00-4f0b-abd8-c004167fb98f___FAM_L.Blight 1445.JPG,10,10,Leaf_blight_(Isariopsis_Leaf_Spot),Leaf_blight_(Isariopsis_Leaf_Spot),1.0
7aa0aa201579ecae5411cb16d5b1d0f5,PV_data/Grape___Leaf_blight_(Isariopsis_Leaf_Spot)/bf5d46e1-b390-4a0a-8243-1f6d928652b0___FAM_L.Blight 0779.JPG,10,10,Leaf_blight_(Isariopsis_Leaf_Spot),Leaf_blight_(Isariopsis_Leaf_Spot),1.0
dc77f6f41e2fe939554332097ea9db72,PV_data/Grape___Leaf_blight_(Isariopsis_Leaf_Spot)/c78dfb86-1584-48ac-a76a-a71ba25f091a___FAM_L.Blight 4983.JPG,10,10,Leaf_blight_(Isariopsis_Leaf_Spot),Leaf_blight_(Isariopsis_Leaf_Spot),0.9999995
94ab1fb34db738b5ef1a15709c497765,PV_data/Grape___Leaf_blight_(Isariopsis_Leaf_Spot)/ca0e596c-5be9-4e44-b4b7-6b503fbf9571___FAM_L.Blight 4850.JPG,10,10,Leaf_blight_(Isariopsis_Leaf_Spot),Leaf_blight_(Isariopsis_Leaf_Spot),1.0
6604d47276dee3ea6df10602f2ab038e,PV_data/Grape___Leaf_blight_(Isariopsis_Leaf_Spot)/ce668bd0-ac17-4962-9684-a6098353786d___FAM_L.Blight 4509.JPG,10,10,Leaf_blight_(Isariopsis_Leaf_Spot),Leaf_blight_(Isariopsis_Leaf_Spot),1.0
7090ff3be7e74606fcd5575d03f162d6,PV_data/Grape___Leaf_blight_(Isariopsis_Leaf_Spot)/cf4eead0-46bc-4947-9333-84c133c4e161___FAM_L.Blight 1537.JPG,10,10,Leaf_blight_(Isariopsis_Leaf_Spot),Leaf_blight_(Isariopsis_Leaf_Spot),1.0
9f3899783149cf34f73d45f449f68190,PV_data/Grape___Leaf_blight_(Isariopsis_Leaf_Spot)/cf52cd17-7166-4fee-a861-465425a83baf___FAM_L.Blight 3632.JPG,10,10,Leaf_blight_(Isariopsis_Leaf_Spot),Leaf_blight_(Isariopsis_Leaf_Spot),1.0
8ed9b82ec44e9beeb4752e433fb4ad25,PV_data/Grape___Leaf_blight_(Isariopsis_Leaf_Spot)/cf685f66-f5ed-4e81-b129-ef8625d2f6ba___FAM_L.Blight 3778.JPG,10,10,Leaf_blight_(Isariopsis_Leaf_Spot),Leaf_blight_(Isariopsis_Leaf_Spot),1.0
2bb8a3cd21d88377133acdddc70e65e2,PV_data/Grape___Leaf_blight_(Isariopsis_Leaf_Spot)/d4ae917a-53b6-4bb1-b82d-0f2336d670af___FAM_L.Blight 1464.JPG,10,10,Leaf_blight_(Isariopsis_Leaf_Spot),Leaf_blight_(Isariopsis_Leaf_Spot),1.0
330791123268a3b552c614ea8bdb612e,PV_data/Grape___Leaf_blight_(Isariopsis_Leaf_Spot)/d7751ce9-2a40-4947-8574-a9044f7147b9___FAM_L.Blight 1371.JPG,10,10,Leaf_blight_(Isariopsis_Leaf_Spot),Leaf_blight_(Isariopsis_Leaf_Spot),1.0
35cbcfc0c15dafed9bf9236b2c55ccbf,PV_data/Grape___Leaf_blight_(Isariopsis_Leaf_Spot)/da3ec00d-71c4-4711-9f9f-e017de4f927e___FAM_L.Blight 3757.JPG,10,10,Leaf_blight_(Isariopsis_Leaf_Spot),Leaf_blight_(Isariopsis_Leaf_Spot),0.9999999
0fc07984125a8702fe72a30ee4d6912b,PV_data/Grape___Leaf_blight_(Isariopsis_Leaf_Spot)/db362849-929c-40c2-aff2-8a48d39b0ff3___FAM_L.Blight 4750.JPG,10,10,Leaf_blight_(Isariopsis_Leaf_Spot),Leaf_blight_(Isariopsis_Leaf_Spot),1.0
1723fab3273d649d9d5743f2a9ba86e7,PV_data/Grape___Leaf_blight_(Isariopsis_Leaf_Spot)/dde6a496-e297-4d30-8cbb-eda1b202b841___FAM_L.Blight 1472.JPG,10,10,Leaf_blight_(Isariopsis_Leaf_Spot),Leaf_blight_(Isariopsis_Leaf_Spot),1.0
67e0fa520df6a60da9a2d43e0e8ac585,PV_data/Grape___Leaf_blight_(Isariopsis_Leaf_Spot)/df3ee378-7fc4-4fec-99f9-5567dc7ff433___FAM_L.Blight 1605.JPG,10,10,Leaf_blight_(Isariopsis_Leaf_Spot),Leaf_blight_(Isariopsis_Leaf_Spot),1.0
c8576f5b82a3f89fa874c67385b4a6f2,PV_data/Grape___Leaf_blight_(Isariopsis_Leaf_Spot)/e0a87cd5-5f26-4f17-a553-c48e353a15de___FAM_L.Blight 4897.JPG,10,10,Leaf_blight_(Isariopsis_Leaf_Spot),Leaf_blight_(Isariopsis_Leaf_Spot),1.0
07c62e57bbb6fbc6f506a46e1bb85303,PV_data/Grape___Leaf_blight_(Isariopsis_Leaf_Spot)/e2f2b0e6-4f9e-401a-9fd6-2c06f46aea3d___FAM_L.Blight 1474.JPG,10,10,Leaf_blight_(Isariopsis_Leaf_Spot),Leaf_blight_(Isariopsis_Leaf_Spot),1.0
54c5847f3f9ea91bda70bbe56b941466,PV_data/Grape___Leaf_blight_(Isariopsis_Leaf_Spot)/e3e9c916-84cd-4180-9a11-8476f5e50956___FAM_L.Blight 3704.JPG,10,10,Leaf_blight_(Isariopsis_Leaf_Spot),Leaf_blight_(Isariopsis_Leaf_Spot),1.0
da5fce05742af8d0aaa35a32f6451bcb,PV_data/Grape___Leaf_blight_(Isariopsis_Leaf_Spot)/e6e1375d-9479-4f14-8803-53fd7f926a76___FAM_L.Blight 3785.JPG,10,10,Leaf_blight_(Isariopsis_Leaf_Spot),Leaf_blight_(Isariopsis_Leaf_Spot),0.9999876
b0f5e9aa3eb28b5aca9ed7174d47948d,PV_data/Grape___Leaf_blight_(Isariopsis_Leaf_Spot)/eaf528ce-a6aa-4a9d-ab54-ed27c30b4078___FAM_L.Blight 4903.JPG,10,10,Leaf_blight_(Isariopsis_Leaf_Spot),Leaf_blight_(Isariopsis_Leaf_Spot),0.99431366
62ed906026a2c00424b2a26b0e3606ad,PV_data/Grape___Leaf_blight_(Isariopsis_Leaf_Spot)/eb4675db-7042-4d07-b732-0b9b8ca79fe6___FAM_L.Blight 1668.JPG,10,10,Leaf_blight_(Isariopsis_Leaf_Spot),Leaf_blight_(Isariopsis_Leaf_Spot),1.0
40b6e0c13b20c0d5d8f9cd7be99e02d4,PV_data/Grape___Leaf_blight_(Isariopsis_Leaf_Spot)/ecd88ddb-dab9-421a-9111-86016db5e0f0___FAM_L.Blight 4902.JPG,10,10,Leaf_blight_(Isariopsis_Leaf_Spot),Leaf_blight_(Isariopsis_Leaf_Spot),0.9901979
0debd2e250e7057569829f9bad54b101,PV_data/Grape___Leaf_blight_(Isariopsis_Leaf_Spot)/ece21214-cbef-4b56-8271-9206bb21ab58___FAM_L.Blight 4669.JPG,10,10,Leaf_blight_(Isariopsis_Leaf_Spot),Leaf_blight_(Isariopsis_Leaf_Spot),1.0
50f4c44d471336a627bccda62af5b48e,PV_data/Grape___Leaf_blight_(Isariopsis_Leaf_Spot)/ed8e8b6d-07e5-4830-ae71-646cf41a9532___FAM_L.Blight 4687.JPG,10,10,Leaf_blight_(Isariopsis_Leaf_Spot),Leaf_blight_(Isariopsis_Leaf_Spot),1.0
005b431b3f1659270dfa6213252c374d,PV_data/Grape___Leaf_blight_(Isariopsis_Leaf_Spot)/ee92d217-67ac-4064-a0e6-e4c84c887e4c___FAM_L.Blight 4727.JPG,10,10,Leaf_blight_(Isariopsis_Leaf_Spot),Leaf_blight_(Isariopsis_Leaf_Spot),1.0
95cbf7681ffb0a68264bae060627adf0,PV_data/Grape___Leaf_blight_(Isariopsis_Leaf_Spot)/ef785c3d-bc95-4e10-b184-34d0aa07c2ea___FAM_L.Blight 4901.JPG,10,11,Leaf_blight_(Isariopsis_Leaf_Spot),Leaf_scorch,0.5175405
9cc747f3af7145665c4ac31993c77f0f,PV_data/Grape___Leaf_blight_(Isariopsis_Leaf_Spot)/f04bae42-91ed-4336-8734-98afcf1dfbf4___FAM_L.Blight 4751.JPG,10,10,Leaf_blight_(Isariopsis_Leaf_Spot),Leaf_blight_(Isariopsis_Leaf_Spot),1.0
b3b0f99d6d3fcc569dd992ce57f3a1eb,PV_data/Grape___Leaf_blight_(Isariopsis_Leaf_Spot)/f05c0a7d-3330-4c78-b13f-f89b9929009f___FAM_L.Blight 1651.JPG,10,10,Leaf_blight_(Isariopsis_Leaf_Spot),Leaf_blight_(Isariopsis_Leaf_Spot),0.99999964
7a8add1fb3ee504484c1ccd97909abed,PV_data/Grape___Leaf_blight_(Isariopsis_Leaf_Spot)/f2b27716-3d46-41b3-9937-c0fd76b93be2___FAM_L.Blight 4556.JPG,10,10,Leaf_blight_(Isariopsis_Leaf_Spot),Leaf_blight_(Isariopsis_Leaf_Spot),1.0
4b7243b6eb783974689a457a3575e543,PV_data/Grape___Leaf_blight_(Isariopsis_Leaf_Spot)/f4802e16-2f26-482c-b1e9-000f637678b9___FAM_L.Blight 3791.JPG,10,10,Leaf_blight_(Isariopsis_Leaf_Spot),Leaf_blight_(Isariopsis_Leaf_Spot),0.99999976
7f5d0afea609298851c333673e6052b1,PV_data/Grape___Leaf_blight_(Isariopsis_Leaf_Spot)/f6f9087d-e3e0-4589-9235-e1920938a9f1___FAM_L.Blight 4836.JPG,10,10,Leaf_blight_(Isariopsis_Leaf_Spot),Leaf_blight_(Isariopsis_Leaf_Spot),0.9999989
92b8c3a4f75192a3c80b53210eec30e9,PV_data/Grape___Leaf_blight_(Isariopsis_Leaf_Spot)/f7496493-4e86-4984-b551-e81d964b9366___FAM_L.Blight 4792.JPG,10,10,Leaf_blight_(Isariopsis_Leaf_Spot),Leaf_blight_(Isariopsis_Leaf_Spot),0.99994457
103efffa43378e381efbe8f994d0b46a,PV_data/Grape___Leaf_blight_(Isariopsis_Leaf_Spot)/f7f360d3-419e-43f7-885c-b41234df2294___FAM_L.Blight 4926.JPG,10,10,Leaf_blight_(Isariopsis_Leaf_Spot),Leaf_blight_(Isariopsis_Leaf_Spot),1.0
aaebf926ccce9d60581fd1e8efa57a62,PV_data/Grape___Leaf_blight_(Isariopsis_Leaf_Spot)/fa6d9052-fffa-4bb3-bfd8-902070e26ad7___FAM_L.Blight 4912.JPG,10,10,Leaf_blight_(Isariopsis_Leaf_Spot),Leaf_blight_(Isariopsis_Leaf_Spot),1.0
c30691ea21f4d9d3c57b077926ab9bd4,PV_data/Grape___Leaf_blight_(Isariopsis_Leaf_Spot)/fb0b1422-a936-4aa6-bb45-ef5e43780ee3___FAM_L.Blight 4936.JPG,10,10,Leaf_blight_(Isariopsis_Leaf_Spot),Leaf_blight_(Isariopsis_Leaf_Spot),1.0
4bbf4822f61ef33a96594595784cadec,PV_data/Grape___Leaf_blight_(Isariopsis_Leaf_Spot)/fe0517cf-f268-4d45-ba1e-5d923e22f111___FAM_L.Blight 4895.JPG,10,10,Leaf_blight_(Isariopsis_Leaf_Spot),Leaf_blight_(Isariopsis_Leaf_Spot),0.99997056
5f103aff6ece8dc2fa3fea09d908e68a,PV_data/Grape___Leaf_blight_(Isariopsis_Leaf_Spot)/fe3f3c08-be66-4b8a-ae90-1fefb4c810ce___FAM_L.Blight 0797.JPG,10,10,Leaf_blight_(Isariopsis_Leaf_Spot),Leaf_blight_(Isariopsis_Leaf_Spot),1.0
5db310eaf079e1c9e237c5360574b4b7,PV_data/Grape___healthy/0708190e-d6a1-4186-8428-1cd816419bfd___Mt.N.V_HL 9017.JPG,19,19,healthy,healthy,0.97688586
f700322ebefbd58266ab3e2cba235c47,PV_data/Grape___healthy/0c1667a2-61d7-4dee-b4d9-0d141a1ceb20___Mt.N.V_HL 9127.JPG,19,19,healthy,healthy,0.99999905
a78466cb494cd9a02c417c8166f2a691,PV_data/Grape___healthy/116c65e1-9d66-4aee-b151-6b8cd8319c2d___Mt.N.V_HL 9106.JPG,19,19,healthy,healthy,0.99999976
c01c447256f3776b98866b7600681ee4,PV_data/Grape___healthy/25014ae7-b016-430a-b6a6-aa77dc3c4a8a___Mt.N.V_HL 8986.JPG,19,19,healthy,healthy,0.9973833
fed7f1fed01b4eabd2bd27436e15c196,PV_data/Grape___healthy/29ffbe00-4f75-496b-8bb5-dc1be1eb73b3___Mt.N.V_HL 8956.JPG,19,19,healthy,healthy,0.99999964
e3da86add68f447d540a0fab23bcd071,PV_data/Grape___healthy/2ad9b06e-ad3f-4da1-999b-fefe59ebf9e1___Mt.N.V_HL 6148.JPG,19,19,healthy,healthy,0.9999995
77b2322ef2a6860d5ea551d511f13ef1,PV_data/Grape___healthy/2d1327cf-7a91-4baf-b3b6-42517c795c9c___Mt.N.V_HL 6171.JPG,19,19,healthy,healthy,0.99999225
74d81230e2eabd6bd5e09e938c0b0c83,PV_data/Grape___healthy/304f5d6d-b17f-4e89-9196-9e649f117d03___Mt.N.V_HL 6189.JPG,19,19,healthy,healthy,0.99996555
813a322c55561071b8c3a3a0e7d643d4,PV_data/Grape___healthy/321167a3-e39e-4f2d-b5f9-8ddeb0bf07a2___Mt.N.V_HL 6167.JPG,19,19,healthy,healthy,0.9999995
a9399ac1573334d806c900a663853e3e,PV_data/Grape___healthy/3220429c-841d-4267-90d5-1a23d658d068___Mt.N.V_HL 8919.JPG,19,19,healthy,healthy,0.9999777
be72e198bfefa18776d51389f5a5a047,PV_data/Grape___healthy/3442eaa8-390e-43c1-8dca-ac98e552ce75___Mt.N.V_HL 6045.JPG,19,19,healthy,healthy,0.99987996
df3fcdef0cc14a06eed77ea7d8fa5580,PV_data/Grape___healthy/34b24f32-ff07-4f68-bdf4-ef5b4c6d4720___Mt.N.V_HL 6060.JPG,19,19,healthy,healthy,0.9987451
22737d903174eb0a73c20352b1a27d6f,PV_data/Grape___healthy/39016e16-a571-46db-8dd9-7c3c165b1f5d___Mt.N.V_HL 8985.JPG,19,19,healthy,healthy,0.98797715
47d24d9a95e6ab98ad41257df520fde5,PV_data/Grape___healthy/3c593da4-e1df-460c-98a9-2bc71df670d5___Mt.N.V_HL 8970.JPG,19,19,healthy,healthy,0.99645895
91e95d2359cf97cd8cf99f5705236460,PV_data/Grape___healthy/41b69ecd-4f54-4601-981e-8e5659f4ab76___Mt.N.V_HL 9071.JPG,19,19,healthy,healthy,0.9999312
34c579d4abdf689fbe1eade575fc368f,PV_data/Grape___healthy/44906155-2446-487e-8531-6c0d98e751dc___Mt.N.V_HL 8992.JPG,19,19,healthy,healthy,0.99999404
840994b56d3bf0cacde6e986f3f45602,PV_data/Grape___healthy/4abb1e67-c8e6-4313-a9e5-119fe08b4be3___Mt.N.V_HL 9029.JPG,19,19,healthy,healthy,0.99999905
d12fb636acadb1d12f35742807c8ca47,PV_data/Grape___healthy/4b472308-dde6-41b2-943e-707eb5b4b050___Mt.N.V_HL 8942.JPG,19,19,healthy,healthy,0.99868375
15ab3a4a13477fde4882876b8b7001f0,PV_data/Grape___healthy/4c6ad9f3-43b4-4d79-b17a-1707e42ddef5___Mt.N.V_HL 8968.JPG,19,19,healthy,healthy,0.9999819
fb864c3afa9c31b90354e37daf20786b,PV_data/Grape___healthy/51053194-cb64-4594-8639-4657a7a7666f___Mt.N.V_HL 6179.JPG,19,19,healthy,healthy,0.9999845
bf995974857743d8e8d9ef2b77767484,PV_data/Grape___healthy/5385fa4e-cf2a-431e-8f30-459d7e05bd7a___Mt.N.V_HL 9005.JPG,19,19,healthy,healthy,0.9997049
abf0b7ceff9fe2ef3ec58c04e88b05be,PV_data/Grape___healthy/55afb57b-04f7-437c-92ae-d2b859de5fc1___Mt.N.V_HL 8974.JPG,19,19,healthy,healthy,0.9999999
14a40b4d6eaeebe927f5582ae3d6bf9e,PV_data/Grape___healthy/61a531ba-3d52-4af3-8828-c2dbba4d3b1d___Mt.N.V_HL 8941.JPG,19,19,healthy,healthy,0.9999993
0b17034e6df3b63505bdc609e39d49cc,PV_data/Grape___healthy/6a86b4ea-65a1-4b1a-ac30-0502ece0d204___Mt.N.V_HL 6191.JPG,19,19,healthy,healthy,0.9999999
30ff7237e8689ef5d9bc8a8916842be5,PV_data/Grape___healthy/6d08f78b-51f3-4aae-9bb0-a575fc1bd76b___Mt.N.V_HL 9110.JPG,19,19,healthy,healthy,0.9999994
4e26db7d2b5cc085461cbcd87516a025,PV_data/Grape___healthy/6ff46c3b-bcbe-4a9b-8286-425cb92cb2ee___Mt.N.V_HL 8947.JPG,19,19,healthy,healthy,0.9999975
7c2fa7bff8874f9c6a360609961c7090,PV_data/Grape___healthy/71af6c2b-b3ed-4629-8aaa-7b60187caee1___Mt.N.V_HL 9069.JPG,19,19,healthy,healthy,0.99988985
17225183257d3bc51466151e61341ecf,PV_data/Grape___healthy/789501fb-f627-40eb-bb6d-ffc25e179ad0___Mt.N.V_HL 8908.JPG,19,19,healthy,healthy,0.99999225
3ffb9946039a06208ea5e249b5552556,PV_data/Grape___healthy/7a492b18-c905-4e49-b703-931e2b19ca84___Mt.N.V_HL 8989.JPG,19,19,healthy,healthy,0.99999714
c2b045ca4ae5d3da1b3ee6e6be6b7f5f,PV_data/Grape___healthy/7c10d5ab-f960-4fa6-a965-8c825df24810___Mt.N.V_HL 9041.JPG,19,19,healthy,healthy,0.99988043
ca15d0e0d59c98757f3a9aba96f0e7dd,PV_data/Grape___healthy/811f5365-f5a3-4659-8302-009fb5275541___Mt.N.V_HL 8946.JPG,19,19,healthy,healthy,0.9999962
d5e68bddb642b004bd16edc52204191e,PV_data/Grape___healthy/8179c42d-d99e-4b17-be8d-fb51cda087a4___Mt.N.V_HL 8920.JPG,19,19,healthy,healthy,0.9999943
daa8731c3fecd5de20af71bdff7f9786,PV_data/Grape___healthy/8517d0e4-6251-4ada-80c7-656678f35084___Mt.N.V_HL 6139.JPG,19,19,healthy,healthy,0.9999945
0d5d08c04aab578971a63c15eb166150,PV_data/Grape___healthy/8898c438-18f9-49f9-a9a0-17c86cd12b74___Mt.N.V_HL 9115.JPG,19,19,healthy,healthy,0.9999379
e1dc04e01661f82a52d72a5f6a3cbe6e,PV_data/Grape___healthy/8a26b175-a0e1-4d0a-8645-0563bd053a32___Mt.N.V_HL 6211.JPG,19,19,healthy,healthy,0.9999765
e9fde47c46bcb6839a6c7b563a58e2a2,PV_data/Grape___healthy/8fc498ea-cad4-48cd-9fea-af07f803a63b___Mt.N.V_HL 6198.JPG,19,19,healthy,healthy,0.99999917
60afe3e1a6aca016e8134edd1411def5,PV_data/Grape___healthy/9268b279-6e48-45ec-98b9-58475d9466e8___Mt.N.V_HL 9132.JPG,19,19,healthy,healthy,0.9999727
eab9c14e68e766f0520bbe27d2700165,PV_data/Grape___healthy/98a433ea-a772-4549-8539-fa96e54bfffc___Mt.N.V_HL 6088.JPG,19,19,healthy,healthy,0.99993694
e7d4ecf2615e3597748be8da9d815f21,PV_data/Grape___healthy/a47c4d69-8888-45dd-93bf-8f3421960604___Mt.N.V_HL 9082.JPG,19,19,healthy,healthy,0.9999974
a22851d731b8784fc940d93396e2652c,PV_data/Grape___healthy/a5f23bc2-240d-4db0-8998-43a2cf2a0752___Mt.N.V_HL 6166.JPG,19,19,healthy,healthy,0.99999964
83158a82ab5472379d83016262c942e0,PV_data/Grape___healthy/a6868cab-63b1-4c6e-978a-136cef8181ab___Mt.N.V_HL 6109.JPG,19,19,healthy,healthy,0.9999963
323de0ec38ec68aa761a8447c75a263c,PV_data/Grape___healthy/ac6f22f2-1bdf-4bb3-8710-dd964a9f343a___Mt.N.V_HL 8913.JPG,19,19,healthy,healthy,0.9999937
5bb1060dc2001556c2c65da8b74bdb40,PV_data/Grape___healthy/aca0406e-c5ec-421e-a265-3d88d13b3bef___Mt.N.V_HL 6182.JPG,19,19,healthy,healthy,0.99997914
d22a4a8abef6d39cdd2adba1aecabeaf,PV_data/Grape___healthy/b4cbb49f-8418-4631-a151-e69fe1f35cea___Mt.N.V_HL 9074.JPG,19,19,healthy,healthy,0.96232134
cd2b2574a29eee74c5b9767f026e754f,PV_data/Grape___healthy/b67328d6-9735-4220-83a6-3b3568162527___Mt.N.V_HL 6169.JPG,19,19,healthy,healthy,0.9999994
a69b3510094aa91490091c33fbd45dd4,PV_data/Grape___healthy/bc9f03e8-d545-4ba9-a68d-7032b3c36670___Mt.N.V_HL 6075.JPG,19,19,healthy,healthy,0.9999808
eaa18eaa2a1fc660315237b3e8ab04a7,PV_data/Grape___healthy/bdbd53ee-405b-4ebc-9027-1adb40940e56___Mt.N.V_HL 8912.JPG,19,19,healthy,healthy,0.9999889
901f53119d7260984cc0d6a2293410ae,PV_data/Grape___healthy/c60dbdbb-4ae6-4265-a587-de11c3c13e2d___Mt.N.V_HL 6136.JPG,19,19,healthy,healthy,0.99999034
289c3905e9343a52017fb110721f2b8c,PV_data/Grape___healthy/c9bc0233-38a5-4104-ae08-fec0501b28f6___Mt.N.V_HL 6068.JPG,19,19,healthy,healthy,1.0
42747417d32b317d48c3c74c4db30d6c,PV_data/Grape___healthy/ca090e78-ff31-4715-82eb-b63e20b0e156___Mt.N.V_HL 9081.JPG,19,19,healthy,healthy,0.9997112
564de9700a7671792900709a73c5cf9b,PV_data/Grape___healthy/cf021a08-5619-4b8b-9835-c9c03d291875___Mt.N.V_HL 6086.JPG,19,19,healthy,healthy,0.99999964
22cfdfc9ac5664b71f98955884b46d94,PV_data/Grape___healthy/d232a29e-e702-4b4e-b568-f022ffd375c4___Mt.N.V_HL 6158.JPG,19,19,healthy,healthy,0.9957972
38d0446a2e3e84e6893b071aaafa44ee,PV_data/Grape___healthy/da73a76d-506a-4a34-bedd-e79998f3949c___Mt.N.V_HL 8958.JPG,19,19,healthy,healthy,0.9997445
f303c7ae5e2829134a3881b6a25a7317,PV_data/Grape___healthy/dc94bb19-48ca-47d7-87ad-98cf5ec46aad___Mt.N.V_HL 6181.JPG,19,19,healthy,healthy,0.9999956
75d8cc7d85917793b0316bffbd8864b4,PV_data/Grape___healthy/ddcf9afc-8a06-4778-8eba-95f8efe65be3___Mt.N.V_HL 6201.JPG,19,19,healthy,healthy,0.999998
924c66b4fc2ffa6db75a863653b5d06a,PV_data/Grape___healthy/e53defea-84c4-4b41-8c12-a53dda9e61b8___Mt.N.V_HL 9085.JPG,19,19,healthy,healthy,1.0
e27ce3d153499a58ef597b86e1df0cfb,PV_data/Grape___healthy/e949f6bb-cda7-4824-9a97-67337fc164a5___Mt.N.V_HL 6156.JPG,19,19,healthy,healthy,0.98394614
aa4c3732720d032b34e60a8dea345693,PV_data/Grape___healthy/e97052d8-edd8-4e09-bdbb-c1c312d2c833___Mt.N.V_HL 8926.JPG,19,19,healthy,healthy,0.99999917
976d0bda71751a3e9cd1020d8670dd01,PV_data/Grape___healthy/eaf9de03-6ec6-453b-9cd1-38d5d3337ea3___Mt.N.V_HL 8951.JPG,19,19,healthy,healthy,0.999998
4ee11df0d8382c7403bc759449d44b93,PV_data/Grape___healthy/f207869a-fff0-4339-9910-f381524c4599___Mt.N.V_HL 9125.JPG,19,19,healthy,healthy,0.99993575
5208c3699a8eb6176df727a771ffd990,PV_data/Grape___healthy/f21a88fa-5ee6-4e27-b9c1-d3a263b8cea5___Mt.N.V_HL 9024.JPG,19,19,healthy,healthy,0.99999976
8aeb4642f77e78f5a8956282ebc5395e,PV_data/Grape___healthy/f7c74956-3e0c-4669-b313-bf6e4559a91d___Mt.N.V_HL 9086.JPG,19,19,healthy,healthy,0.9999752
8d9cdc355ac7b3f7ffbd27454db5d3d7,PV_data/Grape___healthy/f8d88a5d-df3b-46b0-ad41-547660c582ad___Mt.N.V_HL 6101.JPG,19,19,healthy,healthy,1.0
d9d10b38f8dd07a9fe1d32cda0eab5ee,PV_data/Grape___healthy/fc24bccd-6d46-48b8-9dad-99f7bc0e3eec___Mt.N.V_HL 6031.JPG,19,19,healthy,healthy,0.9999995
0d5a3f50a82172e729dc8a12bfade5b4,PV_data/Peach___Bacterial_spot/004118fe-b351-4cad-83ca-280c77f82eaa___Rutg._Bact.S 1818.JPG,1,1,Bacterial_spot,Bacterial_spot,0.99885976
fac3e70e884f6d092a54183d8fc4f07a,PV_data/Peach___Bacterial_spot/00ddc106-692e-4c67-b2e8-569c924caf49___Rutg._Bact.S 1228.JPG,1,1,Bacterial_spot,Bacterial_spot,0.99597657
3675be4f969d846ae3bbbf1ddab35c91,PV_data/Peach___Bacterial_spot/02c18d29-fef1-40bf-aabb-0bb052893931___Rut._Bact.S 1012.JPG,1,1,Bacterial_spot,Bacterial_spot,0.9310281
04b8a936adbea9d7a92348421f285e98,PV_data/Peach___Bacterial_spot/03af86e0-1988-4f99-9e5f-0d7920fc974c___Rutg._Bact.S 1494.JPG,1,1,Bacterial_spot,Bacterial_spot,0.9999938
8361ce188f134814aef04c8d416a8ca3,PV_data/Peach___Bacterial_spot/03c471c6-2d00-4315-ba13-a547e125866a___Rut._Bact.S 0857.JPG,1,1,Bacterial_spot,Bacterial_spot,0.9273519
317fa617828e909294f9b4d194b8ce7f,PV_data/Peach___Bacterial_spot/04a76261-3ba2-46b7-b604-7517baac2505___Rut._Bact.S 1517.JPG,1,1,Bacterial_spot,Bacterial_spot,0.9999398
f9dccdd207b8b1d73fc5d29672c555e6,PV_data/Peach___Bacterial_spot/04cdc49a-ee6c-4b58-9278-27217109d545___Rut._Bact.S 0911.JPG,1,1,Bacterial_spot,Bacterial_spot,0.9999999
fd9d67a62e986bdc723ff34990865c78,PV_data/Peach___Bacterial_spot/0682a0d2-7199-4905-816e-3a53657ff507___Rutg._Bact.S 2360.JPG,1,1,Bacterial_spot,Bacterial_spot,0.99999964
84513bb821c4644d8da009b556586e1c,PV_data/Peach___Bacterial_spot/073a0ab2-4339-4678-8b56-44d1fb1f5c62___Rutg._Bact.S 1516.JPG,1,1,Bacterial_spot,Bacterial_spot,0.9999999
461ba1f17f2c2a0f45cdcea48987d228,PV_data/Peach___Bacterial_spot/078ed2fb-4a57-479e-888f-4dd573929d8d___Rut._Bact.S 1187.JPG,1,1,Bacterial_spot,Bacterial_spot,0.9909231
18bac0082a5d86180949762245c4b05e,PV_data/Peach___Bacterial_spot/07ae66d3-48a8-46ea-b182-47d91eed9df0___Rutg._Bact.S 2313.JPG,1,1,Bacterial_spot,Bacterial_spot,0.9994043
9e2eebae8f69adceaa16518020a99505,PV_data/Peach___Bacterial_spot/07c5f039-0a8a-4243-8757-5e3221c94e70___Rutg._Bact.S 1085.JPG,1,1,Bacterial_spot,Bacterial_spot,0.99999464
b914fd0562f959ddf065bba3c38a4b2f,PV_data/Peach___Bacterial_spot/095727aa-ddf8-4277-aac3-8c12e0b46bc5___Rut._Bact.S 1453.JPG,1,1,Bacterial_spot,Bacterial_spot,0.99997056
9a958537a1bb4ae40ae49de7a1425829,PV_data/Peach___Bacterial_spot/0bbbbca0-8fac-4f04-aea3-d99769c11923___Rut._Bact.S 1032.JPG,1,1,Bacterial_spot,Bacterial_spot,0.99999976
4d3c8357cdf12a3c62ac58f609c89431,PV_data/Peach___Bacterial_spot/0cc304f5-ae98-499a-a670-e00d0c3c9a7a___Rutg._Bact.S 1967.JPG,1,1,Bacterial_spot,Bacterial_spot,0.9999999
360d8c40728550cef9df19355eae2e2f,PV_data/Peach___Bacterial_spot/0d60b14a-15d0-458d-8afa-7ff14d0ce5c4___Rut._Bact.S 1377.JPG,1,1,Bacterial_spot,Bacterial_spot,0.9999994
5d54024d5126a08183e158ff5a67e1ad,PV_data/Peach___Bacterial_spot/0dd88d6a-2eb1-4a75-88bd-51ee5ad9d2f8___Rut._Bact.S 3438.JPG,1,1,Bacterial_spot,Bacterial_spot,0.7176998
58b71ebfab62bbb99d2fdc5c4b2033a2,PV_data/Peach___Bacterial_spot/0fc36665-c550-403e-a467-2371d388f065___Rut._Bact.S 0858.JPG,1,1,Bacterial_spot,Bacterial_spot,0.99888176
2c2f2e07b14f9cc393c076aae9f576cd,PV_data/Peach___Bacterial_spot/103767b1-7184-4e4d-83bd-94189d712730___Rutg._Bact.S 1505.JPG,1,1,Bacterial_spot,Bacterial_spot,0.99872404
6501f94183f6c24f9e69d1010356372c,PV_data/Peach___Bacterial_spot/11ea164f-6126-487c-bfcc-be18b1b62f7f___Rutg._Bact.S 2159.JPG,1,1,Bacterial_spot,Bacterial_spot,0.9999571
be91077ab6aa1165aabd724da7ac5bcc,PV_data/Peach___Bacterial_spot/12c33454-ebe5-482e-a960-16dc1ee7a711___Rut._Bact.S 0789.JPG,1,1,Bacterial_spot,Bacterial_spot,0.99960434
649edd0469c403a1cdb8dd3c5cb34af6,PV_data/Peach___Bacterial_spot/13ab9940-1ab4-4111-9da2-7f5d47cc8ddd___Rutg._Bact.S 1443.JPG,1,1,Bacterial_spot,Bacterial_spot,0.99999726
0ad3b4b217e903a1e1ad69f9acbcc47c,PV_data/Peach___Bacterial_spot/15ee66bd-5798-45b6-b37d-d6fbce4b6e3b___Rutg._Bact.S 2144.JPG,1,1,Bacterial_spot,Bacterial_spot,0.9989011
0a1803336b9c5b5d02483da360577c1f,PV_data/Peach___Bacterial_spot/16b0b452-18c6-4c1e-a8d8-b26162e80127___Rutg._Bact.S 1158.JPG,1,1,Bacterial_spot,Bacterial_spot,0.9998151
4a6ac2477ac7692b8acdd26c09c4de75,PV_data/Peach___Bacterial_spot/17016d58-ca1c-4c2f-b5f9-f9e2b75a6172___Rutg._Bact.S 1458.JPG,1,1,Bacterial_spot,Bacterial_spot,0.99990773
3001248fe3295aee525c44ee8f8a0ff3,PV_data/Peach___Bacterial_spot/180a39d6-a231-41de-8873-70911652a4a9___Rutg._Bact.S 1707.JPG,1,1,Bacterial_spot,Bacterial_spot,0.99997306
81048b98979b3f487bd9814e5931a2a2,PV_data/Peach___Bacterial_spot/181cd098-8462-457a-aaae-6ad757127227___Rut._Bact.S 1466.JPG,1,1,Bacterial_spot,Bacterial_spot,0.99822754
4f6f974df0883acb2c93c516d76b4f2b,PV_data/Peach___Bacterial_spot/18c3bd0a-75b1-43c2-b7c9-eb022fe954b3___Rutg._Bact.S 1262.JPG,1,1,Bacterial_spot,Bacterial_spot,0.9994219
633243a4152f6297eecfe7710186d073,PV_data/Peach___Bacterial_spot/194f5943-03a2-4999-b482-0eba108891de___Rutg._Bact.S 2291.JPG,1,1,Bacterial_spot,Bacterial_spot,0.9998777
03c285835cab12b5ec89bf1819676d1b,PV_data/Peach___Bacterial_spot/19aca6fe-882a-4ea2-907c-c3665660a983___Rutg._Bact.S 1450.JPG,1,1,Bacterial_spot,Bacterial_spot,0.9999049
5ace9e16d97551d41592b1b148a1c296,PV_data/Peach___Bacterial_spot/19ea3d8c-73fd-4039-b8b6-8ffc4417d21a___Rutg._Bact.S 1481.JPG,1,1,Bacterial_spot,Bacterial_spot,0.9993457
5cf7a8410e9f5354b0436309663cf9ed,PV_data/Peach___Bacterial_spot/1a72cf61-13d8-4a0a-bf4e-c59e0e940fb9___Rutg._Bact.S 1662.JPG,1,1,Bacterial_spot,Bacterial_spot,0.99993694
c20680bcdf0348c45c7e8c3c41c723a8,PV_data/Peach___Bacterial_spot/1aa49af1-c15a-406f-bae1-97a8636cc322___Rut._Bact.S 3417.JPG,1,6,Bacterial_spot,Early_blight,0.9911381
40b1ee5c1da8e2ffb34babf575cee045,PV_data/Peach___Bacterial_spot/1adc12f3-507f-45ca-9966-9b2bd9bc03e6___Rut._Bact.S 1265.JPG,1,1,Bacterial_spot,Bacterial_spot,0.9999943
d2fd25ed3f33953bd0e4ea1b91e73583,PV_data/Peach___Bacterial_spot/1b08887d-a7cb-4693-b361-5fa576f60ea0___Rut._Bact.S 3371.JPG,1,1,Bacterial_spot,Bacterial_spot,0.99149716
1d60918f44eee4255f68efdbad23bfab,PV_data/Peach___Bacterial_spot/1d1cf3ca-938e-497e-9828-3d888d7ee63a___Rutg._Bact.S 1602.JPG,1,1,Bacterial_spot,Bacterial_spot,0.9999608
2359401c516d6db808f305c7454ef15d,PV_data/Peach___Bacterial_spot/1e4993fc-84e3-43a4-ab5a-2381209e98bd___Rutg._Bact.S 2293.JPG,1,1,Bacterial_spot,Bacterial_spot,0.99999845
c219a6ac885c322415e57f188619d75b,PV_data/Peach___Bacterial_spot/2224b5a9-7aed-4800-a1f6-5372205c4007___Rutg._Bact.S 1950.JPG,1,1,Bacterial_spot,Bacterial_spot,0.99999464
9a8da23ad7608c780fa6f57dd39874cf,PV_data/Peach___Bacterial_spot/22d4fc47-8018-4ac4-818a-1c0bf3fbac39___Rutg._Bact.S 1766.JPG,1,1,Bacterial_spot,Bacterial_spot,0.99999917
84dd8d040c565ae9df2d85c530145c37,PV_data/Peach___Bacterial_spot/22e0cb50-fc0d-4b52-9833-0ed25f98c737___Rutg._Bact.S 2244.JPG,1,1,Bacterial_spot,Bacterial_spot,0.9999975
30ef1d08c41325af159662c50b56547e,PV_data/Peach___Bacterial_spot/268a9c23-c7a6-4049-bb0d-d8acc633e037___Rut._Bact.S 0866.JPG,1,1,Bacterial_spot,Bacterial_spot,0.9999515
4540dbf735def60d5809479602e1558c,PV_data/Peach___Bacterial_spot/272513fb-2710-4b4f-97ff-e399d762aba0___Rutg._Bact.S 1239.JPG,1,1,Bacterial_spot,Bacterial_spot,0.9999995
8fcc5657dffb3c7cae5e172f15969f56,PV_data/Peach___Bacterial_spot/284dc921-9aa8-4e68-9b02-a06ed1a90d50___Rut._Bact.S 0936.JPG,1,1,Bacterial_spot,Bacterial_spot,0.9698141
3e2a04076d1a0ba252e7027394f7634f,PV_data/Peach___Bacterial_spot/29066a04-5b02-4087-924d-76cb303e1f78___Rut._Bact.S 0960.JPG,1,1,Bacterial_spot,Bacterial_spot,0.997721
a22156694e0a7f5b51f10b62a380f12a,PV_data/Peach___Bacterial_spot/29a31c1a-3075-4ffc-beb4-cb98e2febdf1___Rutg._Bact.S 1616.JPG,1,1,Bacterial_spot,Bacterial_spot,0.99998367
b884a39646e7e1480a763608f8ccf2bb,PV_data/Peach___Bacterial_spot/2c69605e-14d9-4758-ad19-332f7df84c65___Rut._Bact.S 0742.JPG,1,1,Bacterial_spot,Bacterial_spot,0.9999498
33b4255e8ee90fe8ac46dd90435d4eb9,PV_data/Peach___Bacterial_spot/2dd0c778-41ef-495e-a84e-55f1bca6984e___Rutg._Bact.S 2251.JPG,1,1,Bacterial_spot,Bacterial_spot,0.9999447
bbca8d39ddba82d3eb96d986623af608,PV_data/Peach___Bacterial_spot/2ea1f3b9-94e3-418e-87bf-979b8491be60___Rutg._Bact.S 2193.JPG,1,1,Bacterial_spot,Bacterial_spot,0.99997354
5aa0c5f3437040da96d2623f83b16374,PV_data/Peach___Bacterial_spot/2f214641-97aa-434c-af12-a287307a9dee___Rut._Bact.S 1127.JPG,1,1,Bacterial_spot,Bacterial_spot,0.9999999
00cb2bfc31e58669dbd5586a6b7f59bb,PV_data/Peach___Bacterial_spot/2f48810c-3720-448c-aa58-59d6073cc4d7___Rutg._Bact.S 1606.JPG,1,1,Bacterial_spot,Bacterial_spot,0.9996344
f5010adf95397227e2315f6380c84f08,PV_data/Peach___Bacterial_spot/303dba2a-94ee-4d14-95c0-58df5d408a55___Rut._Bact.S 0875.JPG,1,1,Bacterial_spot,Bacterial_spot,0.99998605
dbe46aa4ffb1b5d6471286e688ed8814,PV_data/Peach___Bacterial_spot/30cb6a32-99a4-4598-a583-7708b93a005d___Rutg._Bact.S 1187.JPG,1,1,Bacterial_spot,Bacterial_spot,0.99999535
31f8c7bc93bb8da4c5a4df606e59b26b,PV_data/Peach___Bacterial_spot/312177bd-a4fc-4721-b47a-5ae843448681___Rut._Bact.S 1048.JPG,1,1,Bacterial_spot,Bacterial_spot,0.9999337
45a53fac4bd7281b8c8636801efef3d7,PV_data/Peach___Bacterial_spot/316b4e76-5d05-4b17-9e94-2342103f02cc___Rutg._Bact.S 1986.JPG,1,1,Bacterial_spot,Bacterial_spot,0.9997379
52c762694f419778050c58153a69facc,PV_data/Peach___Bacterial_spot/31edd3cc-e01b-440d-bdcb-6fa5fcfc1603___Rut._Bact.S 0916.JPG,1,1,Bacterial_spot,Bacterial_spot,0.9999989
2f7ef865e9f195fb21604e85f1a1739d,PV_data/Peach___Bacterial_spot/3212700f-4294-4c19-a2de-a984920bad2e___Rut._Bact.S 0829.JPG,1,1,Bacterial_spot,Bacterial_spot,0.5894789
ab4304f048e2fa558de91fcb85caeaf4,PV_data/Peach___Bacterial_spot/32faaa6b-a893-49fc-9669-d197298a9f97___Rut._Bact.S 1465.JPG,1,1,Bacterial_spot,Bacterial_spot,0.9878808
a8a705975dc1fd6dac325a8ac47b8eb5,PV_data/Peach___Bacterial_spot/3382cb3d-6e67-4504-b547-d812e56e78fa___Rut._Bact.S 1418.JPG,1,1,Bacterial_spot,Bacterial_spot,0.99985206
3ddb5da680d0f9e32a9224e1afa5996d,PV_data/Peach___Bacterial_spot/34956905-bfe7-40c7-8086-2e16a5f283e0___Rutg._Bact.S 2342.JPG,1,1,Bacterial_spot,Bacterial_spot,0.9999337
4593663a50a801930007881a3dff977c,PV_data/Peach___Bacterial_spot/35893660-45dc-48e4-9012-f2cc8e8a24ef___Rutg._Bact.S 1666.JPG,1,1,Bacterial_spot,Bacterial_spot,0.999974
19d0ce8ebf7ebfcd50bc01d022997f26,PV_data/Peach___Bacterial_spot/36cc1e8f-8ca9-4d02-bd00-764dc20877c4___Rut._Bact.S 1427.JPG,1,1,Bacterial_spot,Bacterial_spot,0.9999975
302af94fbe9fe54a17bf246f43c2ece8,PV_data/Peach___Bacterial_spot/37c4a377-375d-400e-ae1a-2444f17d7724___Rutg._Bact.S 1962.JPG,1,1,Bacterial_spot,Bacterial_spot,0.9704259
8a8e86b8a3623c6a9195b088f74d54d3,PV_data/Peach___Bacterial_spot/384e0417-0fa1-4f3d-a332-7f1ed78d8fa3___Rutg._Bact.S 1451.JPG,1,1,Bacterial_spot,Bacterial_spot,0.9990625
e108b0ff5efdce7ef5be1ff90e92810f,PV_data/Peach___Bacterial_spot/3978b181-f443-4a1a-a1b1-42d16c67fdd2___Rutg._Bact.S 1279.JPG,1,1,Bacterial_spot,Bacterial_spot,0.99999964
17dd4b74f697a4e42631e3ceca101801,PV_data/Peach___Bacterial_spot/39b39e45-b2aa-4ecc-8046-e16e6c037d46___Rut._Bact.S 0881.JPG,1,1,Bacterial_spot,Bacterial_spot,0.9998077
ccc345eef66c7971c6b009ccf7aba93f,PV_data/Peach___Bacterial_spot/39fd0689-ca8d-4abb-9915-f7c0fe5d838c___Rut._Bact.S 1162.JPG,1,1,Bacterial_spot,Bacterial_spot,0.9999999
f57ac617d2acf41f484d24d14301b52d,PV_data/Peach___Bacterial_spot/3a11dd03-2647-462a-939e-44c0a173b312___Rutg._Bact.S 1652.JPG,1,1,Bacterial_spot,Bacterial_spot,0.9971636
6378c8be8989007898bee15842490be2,PV_data/Peach___Bacterial_spot/3ade7ff9-2d87-42db-888e-2ae690b97397___Rut._Bact.S 1090.JPG,1,14,Bacterial_spot,Septoria_leaf_spot,0.46050102
fe74dc881b316cfe16180829b3b6c87a,PV_data/Peach___Bacterial_spot/3b13dee2-a18c-4258-8f20-0bf8d327fefb___Rut._Bact.S 0897.JPG,1,1,Bacterial_spot,Bacterial_spot,1.0
5ac481f13b31d99aa051178e00edda23,PV_data/Peach___Bacterial_spot/3b2ef06a-f1ae-4850-9b9c-12b910e4e4b1___Rutg._Bact.S 1375.JPG,1,1,Bacterial_spot,Bacterial_spot,0.99989057
a5f9041ed5afe5a63cfa6f7dbccf2d02,PV_data/Peach___Bacterial_spot/3c40c656-85a3-4d46-9f9b-072c1ce5eb3d___Rutg._Bact.S 1774.JPG,1,1,Bacterial_spot,Bacterial_spot,0.99997187
9fa43e074a9fc2c32a8a227f7a5f62ee,PV_data/Peach___Bacterial_spot/3cb8f91d-b998-4c79-9c03-9968d918f742___Rutg._Bact.S 2279.JPG,1,1,Bacterial_spot,Bacterial_spot,0.9999757
e08b2bbe4a2939cf03cb6a0c499c7070,PV_data/Peach___Bacterial_spot/3cc814e5-e97f-43b7-b93e-ba4f145f43c1___Rutg._Bact.S 2040.JPG,1,1,Bacterial_spot,Bacterial_spot,0.9999994
4a41a6ce4a78bee3af2e063fa6d4f5d6,PV_data/Peach___Bacterial_spot/3d857fb3-390d-41fe-9503-49f463c8348f___Rutg._Bact.S 1219.JPG,1,1,Bacterial_spot,Bacterial_spot,0.9999435
752baf81398d48b50e7cc88f7b8189db,PV_data/Peach___Bacterial_spot/3de10f60-66e3-4b6e-b320-09fd21b5897b___Rut._Bact.S 1283.JPG,1,1,Bacterial_spot,Bacterial_spot,0.9994479
2131164d52956dccc425ddc657563b8a,PV_data/Peach___Bacterial_spot/3e2f9686-47e9-4d58-8432-76c4841d13ea___Rut._Bact.S 1142.JPG,1,1,Bacterial_spot,Bacterial_spot,0.99999976
cb69e0052a375cd49fa5e0cab909e44e,PV_data/Peach___Bacterial_spot/3e558cd5-8936-4d8a-b1db-1a7d1dd076eb___Rut._Bact.S 0832.JPG,1,1,Bacterial_spot,Bacterial_spot,0.9998126
6785da8f5706c07ffb49ca1c99b3d970,PV_data/Peach___Bacterial_spot/3e9b6ac1-5ed7-4ccb-8437-0d012dcb8ad6___Rutg._Bact.S 1756.JPG,1,1,Bacterial_spot,Bacterial_spot,0.9999939
66eba9b7490373803b83ce2fa7d4ec1d,PV_data/Peach___Bacterial_spot/403d2b55-e608-434e-b5af-9b941301c772___Rutg._Bact.S 1348.JPG,1,1,Bacterial_spot,Bacterial_spot,0.9373114
10a9c5258ff0a54241bbff729d03d81b,PV_data/Peach___Bacterial_spot/418fdf77-7a09-4dd4-a6c1-fbcc6cf09468___Rut._Bact.S 1035.JPG,1,1,Bacterial_spot,Bacterial_spot,0.99999785
892a8abc2b40345036074dc19f59ee83,PV_data/Peach___Bacterial_spot/43a0ecec-a895-486b-ab30-af8b2705e72b___Rut._Bact.S 0853.JPG,1,1,Bacterial_spot,Bacterial_spot,0.996225
4b277a6e563de3dafd18a79d6ef51a19,PV_data/Peach___Bacterial_spot/45fa0648-9afe-412c-bd0a-0f6da790ffe5___Rutg._Bact.S 1145.JPG,1,1,Bacterial_spot,Bacterial_spot,0.9999155
994e5a53ac6c47acb8077b6da6effebf,PV_data/Peach___Bacterial_spot/45fbce73-11d7-44c6-b6a1-b61194dbb58c___Rutg._Bact.S 2283.JPG,1,1,Bacterial_spot,Bacterial_spot,0.9999999
f14e8cdbf1e5ca8b590b9b5f3af4c6e7,PV_data/Peach___Bacterial_spot/46112a3d-c59a-4360-bb9f-6bf4bce73d3c___Rut._Bact.S 1212.JPG,1,1,Bacterial_spot,Bacterial_spot,0.98479
b5ae6c5985798673c25351d37a33af93,PV_data/Peach___Bacterial_spot/46a70fb3-77b7-4968-91e3-5e4e08966be9___Rut._Bact.S 1251.JPG,1,1,Bacterial_spot,Bacterial_spot,0.99996793
d43bc7248ed895a714dc2ca32f09e2f8,PV_data/Peach___Bacterial_spot/4741556d-6e3a-4636-8a51-0559fa7ce3d6___Rutg._Bact.S 1952.JPG,1,1,Bacterial_spot,Bacterial_spot,0.99995136
b17a2d040c21b0cf1da9d5d72f133eb9,PV_data/Peach___Bacterial_spot/47db9969-4797-483f-a2d5-96c9b1577fe6___Rutg._Bact.S 1713.JPG,1,1,Bacterial_spot,Bacterial_spot,0.99997735
b059f32ed6612ad378bbd30f609d551a,PV_data/Peach___Bacterial_spot/49b26419-a2c2-422b-a468-79c74746707b___Rut._Bact.S 0921.JPG,1,1,Bacterial_spot,Bacterial_spot,0.99999905
9c8343641e87041dd93e0edfa019b468,PV_data/Peach___Bacterial_spot/49ffa9ad-6a96-4d5d-a797-11e2ef0fcd31___Rutg._Bact.S 2325.JPG,1,1,Bacterial_spot,Bacterial_spot,0.99977505
edfc39ac493816921375291a702e79fc,PV_data/Peach___Bacterial_spot/4c4d8104-6ffb-4419-8fd4-63ea751dceca___Rut._Bact.S 1317.JPG,1,1,Bacterial_spot,Bacterial_spot,0.999992
d1680abdda8469f934de0e04f2246188,PV_data/Peach___Bacterial_spot/4c720960-5909-4fdf-a343-723ced220863___Rut._Bact.S 0984.JPG,1,1,Bacterial_spot,Bacterial_spot,0.7643718
029da266284dbe3efcb31ec7f7f5fb11,PV_data/Peach___Bacterial_spot/4d3da774-29ff-479a-a6a3-fff095012dff___Rut._Bact.S 3492.JPG,1,1,Bacterial_spot,Bacterial_spot,0.98289436
98c4236d60d6da6c79f0663a9496993e,PV_data/Peach___Bacterial_spot/4e2ea284-b90b-4814-b4ca-198878c98d78___Rut._Bact.S 1502.JPG,1,1,Bacterial_spot,Bacterial_spot,1.0
27507f5ac3e89d4e34c1167a0da0dea8,PV_data/Peach___Bacterial_spot/514e1f75-17bb-474f-a895-5852404d9986___Rutg._Bact.S 1165.JPG,1,1,Bacterial_spot,Bacterial_spot,0.84783447
1ee5484467eb131f31e57a2fbcde5bbb,PV_data/Peach___Bacterial_spot/5195d1ff-9d9d-4a36-bda4-43edf7ce6f3a___Rutg._Bact.S 2138.JPG,1,1,Bacterial_spot,Bacterial_spot,0.99993336
2ef35c43535176ea7458cca2af4ead3f,PV_data/Peach___Bacterial_spot/52e771da-b8a2-4e5c-ae2f-ce91d9372ed0___Rut._Bact.S 0752.JPG,1,1,Bacterial_spot,Bacterial_spot,0.9919465
9bf81305c15d3caaa572ac98b36304c2,PV_data/Peach___Bacterial_spot/52eafd55-f474-4dd3-b2b9-3d48185afd20___Rutg._Bact.S 1855.JPG,1,1,Bacterial_spot,Bacterial_spot,0.999948
effc46dd9690a3c3b70d8358810d69be,PV_data/Peach___Bacterial_spot/530c6c86-3771-42c9-8b73-c8cc76551476___Rutg._Bact.S 1771.JPG,1,1,Bacterial_spot,Bacterial_spot,0.99999917
67c04f3cd9a3100fc8a0da730c3e41b3,PV_data/Peach___Bacterial_spot/534ffbbe-be19-4bfb-a8ea-83f7ceaabf0a___Rut._Bact.S 0744.JPG,1,1,Bacterial_spot,Bacterial_spot,0.9999995
f69474975a7004dad586ece1ee0fd53f,PV_data/Peach___Bacterial_spot/53a6739b-addc-4c50-930d-b0e8e0af78fe___Rutg._Bact.S 1880.JPG,1,1,Bacterial_spot,Bacterial_spot,0.99978626
85881d2c940e4c57b7c7b3e8bf070d76,PV_data/Peach___Bacterial_spot/53e49980-8734-4016-9af6-586f7270aea3___Rut._Bact.S 0741.JPG,1,1,Bacterial_spot,Bacterial_spot,0.99999666
a33bf5e257f9e67b1d32dd9b1aebbcc8,PV_data/Peach___Bacterial_spot/5548e82f-5481-42b7-9663-64293cb2925f___Rutg._Bact.S 1394.JPG,1,1,Bacterial_spot,Bacterial_spot,0.9993758
04c7c335ed728019494d537a65ed285b,PV_data/Peach___Bacterial_spot/5685671b-cce8-45dd-a446-0d1e85374154___Rutg._Bact.S 2185.JPG,1,1,Bacterial_spot,Bacterial_spot,0.9999769
1f9c91d942863086d99f175c1f80079d,PV_data/Peach___Bacterial_spot/568a5e33-5664-4f99-8dc2-758a0314f05d___Rut._Bact.S 0774.JPG,1,1,Bacterial_spot,Bacterial_spot,0.9999945
87865b2ed4b18f99c95416963626957d,PV_data/Peach___Bacterial_spot/56d8a9bf-7d7b-41bc-880c-b65ed23a51fb___Rutg._Bact.S 1661.JPG,1,1,Bacterial_spot,Bacterial_spot,0.99999833
26ecf93f75221c6b6d9c87c24931bb3f,PV_data/Peach___Bacterial_spot/56df540a-90ba-4195-ae4f-1c3390dd7182___Rutg._Bact.S 1395.JPG,1,1,Bacterial_spot,Bacterial_spot,0.99851936
c5bdef227139653c436372f5abc81ce7,PV_data/Peach___Bacterial_spot/58506b9d-15dd-4952-9db0-d8b9d0f5bc92___Rutg._Bact.S 1157.JPG,1,1,Bacterial_spot,Bacterial_spot,0.9999999
a9de18422e63c973b334acec2c988324,PV_data/Peach___Bacterial_spot/591a4240-3fcf-4206-95f2-6efed4e52964___Rutg._Bact.S 2282.JPG,1,1,Bacterial_spot,Bacterial_spot,0.99999917
c355437cf19bdf0455816a69898556ac,PV_data/Peach___Bacterial_spot/5993883e-fc36-46ff-8838-c05e7e7ae9ef___Rut._Bact.S 1049.JPG,1,1,Bacterial_spot,Bacterial_spot,0.99999225
e8b63036b717755471f443976f6ce044,PV_data/Peach___Bacterial_spot/59e2ca2e-29d3-4ea2-bb06-159c6cddb0a6___Rutg._Bact.S 2298.JPG,1,1,Bacterial_spot,Bacterial_spot,0.9999974
94b348ee2a0313392d1eade0306bad2f,PV_data/Peach___Bacterial_spot/59ecc768-0dc8-4b03-a0c4-9b9232a820a7___Rutg._Bact.S 1523.JPG,1,1,Bacterial_spot,Bacterial_spot,0.99999785
5c4b428297b0a37bcc1316c5d07aa838,PV_data/Peach___Bacterial_spot/5a0a13f3-a4d5-47f3-8c69-ebc32d5e3e91___Rutg._Bact.S 2061.JPG,1,1,Bacterial_spot,Bacterial_spot,0.99999774
41dc8c0589d10e7529b1f5e40038bcc9,PV_data/Peach___Bacterial_spot/5acc19d6-40bf-4972-8943-a3826e3d3a9c___Rutg._Bact.S 2100.JPG,1,1,Bacterial_spot,Bacterial_spot,0.9999999
ec28dacfdfba6af559576662c34bec41,PV_data/Peach___Bacterial_spot/5b00d194-cb8a-4fe9-bce8-f10adf38b59a___Rut._Bact.S 1273.JPG,1,1,Bacterial_spot,Bacterial_spot,0.99999714
b75e5060450185aee567718a19862414,PV_data/Peach___Bacterial_spot/5c5a30a7-01e5-45a3-99cc-4d1a68ccbff2___Rutg._Bact.S 2123.JPG,1,1,Bacterial_spot,Bacterial_spot,0.9999994
ca35a5d70c7143d28fdf67ee6e08479a,PV_data/Peach___Bacterial_spot/5e3b2d72-ae7f-4a63-bdac-e067e77f4dcf___Rutg._Bact.S 2308.JPG,1,1,Bacterial_spot,Bacterial_spot,0.9999188
51738b1b36392c57f7af5eb5a3333ccb,PV_data/Peach___Bacterial_spot/605b381f-514a-492c-8917-507c5fe8f4aa___Rutg._Bact.S 1808.JPG,1,1,Bacterial_spot,Bacterial_spot,0.99995875
0320cc1cbdde53d0a7a984623835d1f6,PV_data/Peach___Bacterial_spot/6185378a-26ca-4e86-95e3-d7f8a1ef39c6___Rutg._Bact.S 1647.JPG,1,1,Bacterial_spot,Bacterial_spot,0.9999924
8df7fc0b8b18ee7060e7a9cf32643960,PV_data/Peach___Bacterial_spot/620feaed-26ab-4165-ba19-31bc6a53154d___Rutg._Bact.S 1612.JPG,1,1,Bacterial_spot,Bacterial_spot,1.0
ce22666e7156ff4eb188568f611c9666,PV_data/Peach___Bacterial_spot/6212f2d7-79f8-4b4b-abc1-a41070f476ab___Rut._Bact.S 1331.JPG,1,1,Bacterial_spot,Bacterial_spot,0.999997
719d1e7e12d59c0761367dacdc2c56cb,PV_data/Peach___Bacterial_spot/63604749-0816-4791-9909-1402d811f6d3___Rut._Bact.S 1404.JPG,1,1,Bacterial_spot,Bacterial_spot,0.99999976
c040938ff1124d63dd063aa8b21563b8,PV_data/Peach___Bacterial_spot/6376eca9-564e-46db-9243-60dee73a6e35___Rutg._Bact.S 1334.JPG,1,1,Bacterial_spot,Bacterial_spot,0.9999292
0b5356ce87173117f7c1946737891c78,PV_data/Peach___Bacterial_spot/63f1a995-24a2-4231-b3e4-50d2efd02229___Rutg._Bact.S 1345.JPG,1,1,Bacterial_spot,Bacterial_spot,0.99995947
ef61216136a9f6ea40a4d6df64629b29,PV_data/Peach___Bacterial_spot/646112c7-0522-41d1-b715-2e4e5b717206___Rutg._Bact.S 1324.JPG,1,1,Bacterial_spot,Bacterial_spot,0.9999697
e0a1fbafc9b54786af830f9882917739,PV_data/Peach___Bacterial_spot/64816247-566e-4994-b78f-56d1e93ff2a3___Rut._Bact.S 1420.JPG,1,1,Bacterial_spot,Bacterial_spot,0.99999166
12154f2d2b857fbcbcaf04e01b534ae1,PV_data/Peach___Bacterial_spot/64a80efb-71f1-494c-8b3e-d90dd7f178a3___Rut._Bact.S 1204.JPG,1,1,Bacterial_spot,Bacterial_spot,1.0
d95d7df5564bf3d49e0df330c045c843,PV_data/Peach___Bacterial_spot/65f3b7e1-b44f-4fe3-899d-cda5ff9fd26d___Rutg._Bact.S 1429.JPG,1,1,Bacterial_spot,Bacterial_spot,0.99999964
9672604cc4cf2285d840346a1b94e1bf,PV_data/Peach___Bacterial_spot/66d8e429-28f1-487f-9eeb-485d06912e63___Rutg._Bact.S 2215.JPG,1,1,Bacterial_spot,Bacterial_spot,0.9999988
b6b8ddc670d4e35a5246c66588fbc89f,PV_data/Peach___Bacterial_spot/6787d73a-01cf-47b9-88f1-31cc04059590___Rut._Bact.S 1415.JPG,1,1,Bacterial_spot,Bacterial_spot,0.9997639
43dd803ba6f02799c6e5367bc33555ed,PV_data/Peach___Bacterial_spot/67bb2817-bb8a-4990-9183-18581df3a1c4___Rutg._Bact.S 1100.JPG,1,1,Bacterial_spot,Bacterial_spot,0.9999999
939f951b98a1cb7d5f59659857bcd590,PV_data/Peach___Bacterial_spot/67d743c7-6a0d-4942-bc38-b2252bc8445c___Rutg._Bact.S 1592.JPG,1,1,Bacterial_spot,Bacterial_spot,0.99999785
4c9a15123cdd0b43aa8e429cfd3b4739,PV_data/Peach___Bacterial_spot/680b601a-2508-448f-a410-b41300f91385___Rut._Bact.S 1006.JPG,1,1,Bacterial_spot,Bacterial_spot,0.9957318
37a0e410cce83ad649609c17dd2f7e54,PV_data/Peach___Bacterial_spot/68238477-778b-41b9-a5b2-f7658bf18662___Rutg._Bact.S 1783.JPG,1,1,Bacterial_spot,Bacterial_spot,0.9999981
7c86e6ff203df15ff70888d4979a34d1,PV_data/Peach___Bacterial_spot/69b93a90-b094-4ee6-b1f7-e5873fb113a0___Rut._Bact.S 3485.JPG,1,1,Bacterial_spot,Bacterial_spot,0.94075215
823cdd023d25a5af3a45769044347471,PV_data/Peach___Bacterial_spot/69bf5f6e-c593-493c-94f5-d9e6a4bcce73___Rutg._Bact.S 1692.JPG,1,1,Bacterial_spot,Bacterial_spot,0.9999949
39c5d1eb48c979007c8f7b144395526e,PV_data/Peach___Bacterial_spot/6a092b77-4363-4dc2-bfad-76d6a9dd1e85___Rut._Bact.S 1556.JPG,1,1,Bacterial_spot,Bacterial_spot,0.9988875
6a2d87bce8022459c5245adf64e3bc29,PV_data/Peach___Bacterial_spot/6a1488f5-0b58-4f02-9a61-267b5eb38ed3___Rutg._Bact.S 1367.JPG,1,1,Bacterial_spot,Bacterial_spot,0.9993793
9e33a38cedc7805f37a6323942255aeb,PV_data/Peach___Bacterial_spot/6c08e57d-670b-4a01-b123-09d8cf36316c___Rutg._Bact.S 2383.JPG,1,1,Bacterial_spot,Bacterial_spot,0.9999963
7f4e7e1458be1aec10a9dc1471cf5f16,PV_data/Peach___Bacterial_spot/6cadb764-7b1d-42e9-b142-ece7fe4eec36___Rutg._Bact.S 1479.JPG,1,1,Bacterial_spot,Bacterial_spot,0.9999999
3e124ea8bd8633184dc1f8f64f18c1b3,PV_data/Peach___Bacterial_spot/6ce27808-8933-4fb4-8beb-96612f3ad42f___Rutg._Bact.S 2223.JPG,1,1,Bacterial_spot,Bacterial_spot,0.99999833
9c8bc3c169d2ed88c9a2c515d27b142e,PV_data/Peach___Bacterial_spot/6ef76848-da55-48ee-9b36-cec0ef421adc___Rut._Bact.S 1245.JPG,1,1,Bacterial_spot,Bacterial_spot,0.99976104
8ef65289dbef141c01fe0cbe9839d864,PV_data/Peach___Bacterial_spot/7006932a-9600-4e05-bf35-052c6761f853___Rutg._Bact.S 1900.JPG,1,1,Bacterial_spot,Bacterial_spot,0.999992
a3433a0b4e2a9e3183ad5bb576038eb3,PV_data/Peach___Bacterial_spot/70634e69-5abf-45ba-87f4-cfa8db4e9c3f___Rutg._Bact.S 1283.JPG,1,1,Bacterial_spot,Bacterial_spot,0.9987734
053e56615e1335f946bc4851e286ce6c,PV_data/Peach___Bacterial_spot/71bd8fb5-dd92-4c4e-9843-53afbec12644___Rut._Bact.S 3395.JPG,1,1,Bacterial_spot,Bacterial_spot,0.96996784
e6d48002b515c952852fc7384abb7fc4,PV_data/Peach___Bacterial_spot/7247621f-9e08-47f8-81aa-ed3965dfeae5___Rutg._Bact.S 1974.JPG,1,1,Bacterial_spot,Bacterial_spot,0.9992933
c10041792007e17c6ea0a22499fef087,PV_data/Peach___Bacterial_spot/726f628c-05a1-4d61-9a6e-ad87ebbd686c___Rut._Bact.S 1061.JPG,1,1,Bacterial_spot,Bacterial_spot,0.99999785
5eb4580eb27239398f3c530c8c2c4ebb,PV_data/Peach___Bacterial_spot/73048961-c90f-4620-b2be-97c120d1fc08___Rutg._Bact.S 2186.JPG,1,1,Bacterial_spot,Bacterial_spot,0.9999968
2f34324a7b3f5ff7a847eb0de78a3e37,PV_data/Peach___Bacterial_spot/73bde5e9-d94e-4550-8113-b59ef1c1a001___Rutg._Bact.S 1697.JPG,1,1,Bacterial_spot,Bacterial_spot,0.9997663
41cec31d7d12efbfc34454ac7cf11b5d,PV_data/Peach___Bacterial_spot/74d88bc7-f55e-4034-8bcf-65385fbcedf2___Rut._Bact.S 1074.JPG,1,19,Bacterial_spot,healthy,0.41051853
de7a541548570a9f2dda9f0a8001ad89,PV_data/Peach___Bacterial_spot/7542a647-9f23-437e-b3bb-f3c49890bbeb___Rut._Bact.S 0792.JPG,1,1,Bacterial_spot,Bacterial_spot,0.9833489
c858d01fbacf5d34c7dd92c7ec50f189,PV_data/Peach___Bacterial_spot/75e2d06e-d7f4-4472-8cc0-318f35e9598d___Rut._Bact.S 3370.JPG,1,1,Bacterial_spot,Bacterial_spot,0.5554748
dfacbc827672093daaf86e50071998c9,PV_data/Peach___Bacterial_spot/75f876b6-2b3e-4b24-b337-6f7754e1df23___Rut._Bact.S 1291.JPG,1,1,Bacterial_spot,Bacterial_spot,0.9975197
6662c0252ddb58b04f588e766e77a7ec,PV_data/Peach___Bacterial_spot/7780c63a-50ed-4c9d-85bc-94469ce8374c___Rut._Bact.S 0963.JPG,1,1,Bacterial_spot,Bacterial_spot,0.76541275
881865344fef99e39133eca851904df0,PV_data/Peach___Bacterial_spot/77f6c108-d766-4816-bf2b-90bc4f8dfa9b___Rut._Bact.S 0833.JPG,1,1,Bacterial_spot,Bacterial_spot,0.97939837
e967ea9d570ebcb833875bbe87ee404c,PV_data/Peach___Bacterial_spot/781846f7-0cd1-46f5-b79d-876caea2ec63___Rutg._Bact.S 1985.JPG,1,1,Bacterial_spot,Bacterial_spot,0.99999785
fa6a4d9043da9cfeaba8fa3461e24af3,PV_data/Peach___Bacterial_spot/7862f79c-312b-4c84-b7a7-b3ff84b7639d___Rutg._Bact.S 1857.JPG,1,1,Bacterial_spot,Bacterial_spot,0.9999852
5a5fd74e1fd8554e139faa1986aee25a,PV_data/Peach___Bacterial_spot/78db4327-d82a-4dff-8a9d-1db54800fc3b___Rutg._Bact.S 1768.JPG,1,1,Bacterial_spot,Bacterial_spot,0.9999552
a25ee202577139873c3c79d09cb1211c,PV_data/Peach___Bacterial_spot/79810f66-54a6-4779-91aa-944ec44f12c4___Rut._Bact.S 3386.JPG,1,1,Bacterial_spot,Bacterial_spot,0.9885711
ae1745c6787cf5020ca55ac2f058c3b6,PV_data/Peach___Bacterial_spot/7a9f3b66-cf6b-4bba-adb1-73c96487805d___Rut._Bact.S 1538.JPG,1,1,Bacterial_spot,Bacterial_spot,0.9998951
7f7c1baa32d0ecb91f950961f922bfe0,PV_data/Peach___Bacterial_spot/7c4e4a7e-0e71-47d0-90b3-1b2f627fa40f___Rutg._Bact.S 1867.JPG,1,1,Bacterial_spot,Bacterial_spot,0.9998479
907b005d232ca74c5f5c55018a8c1d35,PV_data/Peach___Bacterial_spot/7e4205c6-1fa0-4d4b-8429-9f778c2b5fba___Rutg._Bact.S 1369.JPG,1,1,Bacterial_spot,Bacterial_spot,0.99949455
5bee3900ae35f042455c1ad287c920ac,PV_data/Peach___Bacterial_spot/7fb5aa1b-3cbf-49b2-9150-ca4342941358___Rut._Bact.S 1255.JPG,1,1,Bacterial_spot,Bacterial_spot,1.0
c42ebe2f77b6b4e0282579475e260f16,PV_data/Peach___Bacterial_spot/7fd55331-be6b-4554-bdea-009dda8a1302___Rutg._Bact.S 2183.JPG,1,1,Bacterial_spot,Bacterial_spot,0.99999547
4d59912ef9bed07f74d4fcf2b91cb93a,PV_data/Peach___Bacterial_spot/7fe6bec4-e8ee-4d50-9127-17023c50e5ed___Rutg._Bact.S 1681.JPG,1,1,Bacterial_spot,Bacterial_spot,0.9979432
4ca414e2fa4ecced8ad4f542f6a8e787,PV_data/Peach___Bacterial_spot/7fe9f893-889c-498b-9dfb-0cae1c2d78ce___Rutg._Bact.S 1514.JPG,1,1,Bacterial_spot,Bacterial_spot,0.99999976
d3e82c50077d7967cb832840afc52f7e,PV_data/Peach___Bacterial_spot/7ffe900a-faa2-4f80-9a76-ec85c4d3aeaf___Rut._Bact.S 1519.JPG,1,1,Bacterial_spot,Bacterial_spot,0.99999976
44abebf29b65945afa3a2a96a63b92e9,PV_data/Peach___Bacterial_spot/810f50b4-3625-4354-9b8e-e30b39e83db2___Rutg._Bact.S 1530.JPG,1,1,Bacterial_spot,Bacterial_spot,0.99998415
459a701669c1e5a2e670768de28719d5,PV_data/Peach___Bacterial_spot/8135e360-6a93-49fd-ac19-713f542e8d66___Rut._Bact.S 1344.JPG,1,1,Bacterial_spot,Bacterial_spot,0.9999999
5b3381f0b8adb99c98b80233f1d9169c,PV_data/Peach___Bacterial_spot/822d9013-16d5-4cae-8434-8c4b86865f15___Rutg._Bact.S 1272.JPG,1,1,Bacterial_spot,Bacterial_spot,0.99999964
9805792369b09a2787028bb9851d54df,PV_data/Peach___Bacterial_spot/82bd1f8e-ec90-4f92-9d62-6f40ebe3f4f3___Rut._Bact.S 0941.JPG,1,1,Bacterial_spot,Bacterial_spot,0.9861247
92dffeeabfb8abb76f59bb521a40766a,PV_data/Peach___Bacterial_spot/8388cf16-8ed6-4eae-8617-372442cf8244___Rut._Bact.S 0778.JPG,1,1,Bacterial_spot,Bacterial_spot,0.9546116
65b7c0340fe15b1b00a9f983d9bba166,PV_data/Peach___Bacterial_spot/839da99b-bc16-4540-ab6f-5cfd2da0eb7f___Rut._Bact.S 0754.JPG,1,1,Bacterial_spot,Bacterial_spot,0.999042
1321ffe8cb6e605d265a12a5261eb34f,PV_data/Peach___Bacterial_spot/83b4d03f-69bd-432a-80d8-066bf664a4d3___Rut._Bact.S 3387.JPG,1,1,Bacterial_spot,Bacterial_spot,0.9746617
0d66a8637e2a9b5d39e976e3ea41dac5,PV_data/Peach___Bacterial_spot/83dfeee8-1ada-43d4-9550-384d17c10b10___Rut._Bact.S 1252.JPG,1,1,Bacterial_spot,Bacterial_spot,1.0
a193fb3981c2920be9afa17527cd9ed4,PV_data/Peach___Bacterial_spot/844d9bad-d56e-4b49-be1f-faaad61f3018___Rutg._Bact.S 1149.JPG,1,1,Bacterial_spot,Bacterial_spot,0.9674237
00a5c043737d5af42d84bab15a846c95,PV_data/Peach___Bacterial_spot/84586954-3e88-4bf5-ae88-249cdd4b2a63___Rutg._Bact.S 1989.JPG,1,1,Bacterial_spot,Bacterial_spot,0.9999933
c2c23b77f361eeceae103959e007dfb1,PV_data/Peach___Bacterial_spot/84611f76-8ca4-410d-8c35-7fcdff8746a4___Rutg._Bact.S 1785.JPG,1,1,Bacterial_spot,Bacterial_spot,0.99720305
08c3cc99a2f43182d0393976fb940953,PV_data/Peach___Bacterial_spot/85523221-bd45-4c1a-89b3-a319c8961132___Rutg._Bact.S 1622.JPG,1,1,Bacterial_spot,Bacterial_spot,0.99999976
35ed51c123042423d55f53657c8de0ef,PV_data/Peach___Bacterial_spot/85e0dbde-5505-4abd-8759-51d77ab165ff___Rut._Bact.S 3380.JPG,1,6,Bacterial_spot,Early_blight,0.75044525
3081f4a1b89837e6d4c049e2a8b2d211,PV_data/Peach___Bacterial_spot/86a3824e-b896-4db5-b380-3587a02a6c7e___Rutg._Bact.S 2351.JPG,1,1,Bacterial_spot,Bacterial_spot,0.99999654
b06099c16f241143c938a9207d5a70a1,PV_data/Peach___Bacterial_spot/872b56b2-2cd7-4d34-8be0-164a60e67aaa___Rutg._Bact.S 2096.JPG,1,1,Bacterial_spot,Bacterial_spot,0.99999976
10fcb840afe66bf1c399b9ee55b2dd34,PV_data/Peach___Bacterial_spot/872eaabb-b192-417d-917d-a9a1bc8c8c39___Rut._Bact.S 1068.JPG,1,1,Bacterial_spot,Bacterial_spot,0.9999999
ce1d066fe14cf73eddde8dcfa8a181c7,PV_data/Peach___Bacterial_spot/87d23ba9-ca2f-4769-9ab1-4afc78d01a98___Rutg._Bact.S 1629.JPG,1,1,Bacterial_spot,Bacterial_spot,0.999998
197c599c27c89f3d5f88776c1779ba50,PV_data/Peach___Bacterial_spot/8b398a06-92ee-4602-ae4a-8b795e2333db___Rut._Bact.S 1419.JPG,1,1,Bacterial_spot,Bacterial_spot,1.0
1ebdea14982f3459162fee651c17867d,PV_data/Peach___Bacterial_spot/8beb9d78-059d-49dd-a651-05c1290d9217___Rut._Bact.S 3338.JPG,1,1,Bacterial_spot,Bacterial_spot,0.9896638
b4b930267831c88e48b8b03d052c4d99,PV_data/Peach___Bacterial_spot/8c4b6a9d-c3a0-413a-b01d-aa05a0172d61___Rut._Bact.S 0886.JPG,1,1,Bacterial_spot,Bacterial_spot,0.993955
26932537670f532d57e2a488e167244c,PV_data/Peach___Bacterial_spot/8c8bdcd7-37d8-45a5-bb2f-7fdebb6fa83a___Rut._Bact.S 0929.JPG,1,1,Bacterial_spot,Bacterial_spot,0.99999964
d9be5de2267742fbf1eed82bc4fc73ba,PV_data/Peach___Bacterial_spot/8cb41770-803c-4249-b90c-76f752595727___Rutg._Bact.S 1390.JPG,1,1,Bacterial_spot,Bacterial_spot,0.9999263
10190671a7eab77453b7f6a8728e647f,PV_data/Peach___Bacterial_spot/8e043345-34e4-4cdf-9608-8081fa0073dd___Rutg._Bact.S 1690.JPG,1,1,Bacterial_spot,Bacterial_spot,0.9999759
8e56177919c669777cbe3069f8956e6f,PV_data/Peach___Bacterial_spot/8f47847f-c1d0-4b08-b3ac-2ecc2f32669f___Rutg._Bact.S 2182.JPG,1,1,Bacterial_spot,Bacterial_spot,0.9999956
04b0573a51ace1759df5b141d8de8a4f,PV_data/Peach___Bacterial_spot/8fa85b82-300b-4403-9b6e-22662bac799b___Rutg._Bact.S 1573.JPG,1,1,Bacterial_spot,Bacterial_spot,0.9999993
ebf06ceb212fb84fa343bd3b68014028,PV_data/Peach___Bacterial_spot/9077d634-b549-4b83-8d42-b247501fe405___Rutg._Bact.S 1083.JPG,1,1,Bacterial_spot,Bacterial_spot,0.9982242
ff02504e05361fd77f06a31e1fca4ec3,PV_data/Peach___Bacterial_spot/908fb8f0-f265-409f-bce1-3e3359067485___Rutg._Bact.S 1413.JPG,1,1,Bacterial_spot,Bacterial_spot,0.9999877
1d49ec6a8a250ace98978dde8cb9965e,PV_data/Peach___Bacterial_spot/923aab96-363a-49b8-9122-9b97134c418a___Rut._Bact.S 1514.JPG,1,1,Bacterial_spot,Bacterial_spot,1.0
f59334093b5c319cb5aa0c360e2b27b9,PV_data/Peach___Bacterial_spot/927523d0-5d58-40c2-843d-0db3199e5cdf___Rut._Bact.S 1014.JPG,1,1,Bacterial_spot,Bacterial_spot,0.99994767
5a6971e304eaf0f948ff2b375a3fb649,PV_data/Peach___Bacterial_spot/9333fec5-7e8d-46a5-82a8-f932e9994521___Rut._Bact.S 1134.JPG,1,1,Bacterial_spot,Bacterial_spot,0.9670833
d10f01d19bb755cba77c526c883697e5,PV_data/Peach___Bacterial_spot/9410b401-a828-46a1-8198-8dffe977bd1d___Rutg._Bact.S 2267.JPG,1,1,Bacterial_spot,Bacterial_spot,0.9999938
6b81aa680b8e453449b87f5d098e2db1,PV_data/Peach___Bacterial_spot/942b9244-d09a-49aa-8e01-9bfa8aedcfc2___Rut._Bact.S 3355.JPG,1,6,Bacterial_spot,Early_blight,0.8469154
4cb9fba2da6618fe09cd20084878c437,PV_data/Peach___Bacterial_spot/960adc60-4fdd-40e4-b728-0c4cf0aab399___Rut._Bact.S 1469.JPG,1,1,Bacterial_spot,Bacterial_spot,0.96612763
360fc93e342ecf99b4d3f64a3c068102,PV_data/Peach___Bacterial_spot/9714c3f7-3e98-4fda-8100-04edb97e78f6___Rut._Bact.S 1072.JPG,1,1,Bacterial_spot,Bacterial_spot,0.98176116
e4339c7765fd96c9eaa346a949f270ce,PV_data/Peach___Bacterial_spot/9720fde1-63f2-4324-bae2-f36fcbb78d68___Rutg._Bact.S 1789.JPG,1,1,Bacterial_spot,Bacterial_spot,0.99996865
1d7361a6010fce1fc16040111427248e,PV_data/Peach___Bacterial_spot/97ea92c7-69f3-4417-adea-733a30b630a3___Rut._Bact.S 1487.JPG,1,1,Bacterial_spot,Bacterial_spot,0.9999974
de02c3d89b0f809567366e6455924f52,PV_data/Peach___Bacterial_spot/981ae62b-3487-406e-b5df-573ff0416d93___Rut._Bact.S 1004.JPG,1,1,Bacterial_spot,Bacterial_spot,1.0
4e06bf1cae4a9c42939b0f5396a9f5c6,PV_data/Peach___Bacterial_spot/98328d16-1925-4634-9ed4-1b619d7ec0f4___Rut._Bact.S 1026.JPG,1,1,Bacterial_spot,Bacterial_spot,0.99988246
33ce21323d818eb99b07d39c0f9740db,PV_data/Peach___Bacterial_spot/9846dd36-6e13-4126-983f-1f3e9e556cb4___Rutg._Bact.S 1368.JPG,1,1,Bacterial_spot,Bacterial_spot,0.9998574
ee45049ea3c8ccb515b5280d7471aaca,PV_data/Peach___Bacterial_spot/985ef2d7-e5b3-4e26-b92d-e94514a6b885___Rut._Bact.S 1021.JPG,1,1,Bacterial_spot,Bacterial_spot,1.0
7f3607749fe8e867ee38870f16a24b0a,PV_data/Peach___Bacterial_spot/991ec065-f81e-4836-91d5-60680a9d12cd___Rutg._Bact.S 2195.JPG,1,1,Bacterial_spot,Bacterial_spot,0.99973696
d3d21cb2edfd8d964b86ec5f957aced3,PV_data/Peach___Bacterial_spot/99f7b5b4-be25-4055-80ad-1d236031f32b___Rutg._Bact.S 2041.JPG,1,1,Bacterial_spot,Bacterial_spot,0.99999964
fcd3ccf9863239de639bb7dd53edecc8,PV_data/Peach___Bacterial_spot/9abc4d64-1cc6-4812-b299-7e8af31c53c6___Rutg._Bact.S 1670.JPG,1,1,Bacterial_spot,Bacterial_spot,0.99995434
30342c6ead9d3dd55ff90c67b9b00fec,PV_data/Peach___Bacterial_spot/9b3c98ab-b880-497e-a015-6fb2be9627ed___Rutg._Bact.S 1625.JPG,1,1,Bacterial_spot,Bacterial_spot,0.98728836
be757d19eaa856c6282188b22612b552,PV_data/Peach___Bacterial_spot/9b6ea091-a4a9-4021-b125-bc48b2f64a68___Rutg._Bact.S 1778.JPG,1,1,Bacterial_spot,Bacterial_spot,0.9999448
252196001036fc9d2a09c31a3e1e8f54,PV_data/Peach___Bacterial_spot/9c23d3ff-f9c5-49ff-b6a2-2a2583476f84___Rutg._Bact.S 1123.JPG,1,1,Bacterial_spot,Bacterial_spot,0.9999701
53a6e3f410169baa6c83e5d5c58125c7,PV_data/Peach___Bacterial_spot/9cbb7256-09bc-4cbb-ba29-4189b6fee650___Rutg._Bact.S 2272.JPG,1,1,Bacterial_spot,Bacterial_spot,0.99999416
a087e02aaa5cd5d67d41cfe3fcff4293,PV_data/Peach___Bacterial_spot/9fa34bad-b3f7-40fe-9c7f-b6d46161966a___Rutg._Bact.S 1134.JPG,1,1,Bacterial_spot,Bacterial_spot,0.9989787
5aff6cacdf9b9f84a9665b107ac7153f,PV_data/Peach___Bacterial_spot/a0fa5049-909d-48be-a621-2b380dc3cd18___Rut._Bact.S 1124.JPG,1,1,Bacterial_spot,Bacterial_spot,0.99999
eeaaf03f2d1ea603fd4293999a961efe,PV_data/Peach___Bacterial_spot/a139dd11-8244-4949-a97e-192574056747___Rutg._Bact.S 1396.JPG,1,1,Bacterial_spot,Bacterial_spot,0.9999969
f09192226238232acbf04601cbd1e34e,PV_data/Peach___Bacterial_spot/a1853b0d-4eff-423e-881c-1673c5af46d1___Rutg._Bact.S 1286.JPG,1,1,Bacterial_spot,Bacterial_spot,0.9999763
1dbbb17e4d26efd259bb35a8a738ce09,PV_data/Peach___Bacterial_spot/a1a16f34-82eb-442e-81d0-a411a292bb92___Rutg._Bact.S 1615.JPG,1,1,Bacterial_spot,Bacterial_spot,0.9999963
1f6d6674415c1bab089126a3b02bb7d6,PV_data/Peach___Bacterial_spot/a1c143e0-579e-4a84-843d-d2e79eb80aa6___Rutg._Bact.S 1147.JPG,1,1,Bacterial_spot,Bacterial_spot,0.9999988
3586f55ee67c09689ff2ea9dc2b61451,PV_data/Peach___Bacterial_spot/a25d6189-cca1-450e-b9cf-635e469973d7___Rut._Bact.S 0996.JPG,1,1,Bacterial_spot,Bacterial_spot,0.9991879
e0d52f6e8b597030398598c0fb1cb95e,PV_data/Peach___Bacterial_spot/a32fd511-41c1-4629-babd-e967de80480b___Rutg._Bact.S 1566.JPG,1,1,Bacterial_spot,Bacterial_spot,0.9999746
29308cf0008e515f4e2f1e20b3417422,PV_data/Peach___Bacterial_spot/a3b4a6e5-1c8f-4ba2-81a5-5ce59d40ded2___Rutg._Bact.S 2045.JPG,1,1,Bacterial_spot,Bacterial_spot,0.9999993
a95ae7e2a48eb7a012a2b28524dad183,PV_data/Peach___Bacterial_spot/a511c1c7-b7ee-4975-b58a-ace353953476___Rut._Bact.S 1426.JPG,1,1,Bacterial_spot,Bacterial_spot,0.99999774
cdf881687d669186d427731f8ec44eff,PV_data/Peach___Bacterial_spot/a53c14f4-36db-41bc-a22a-5806b321d525___Rut._Bact.S 0893.JPG,1,1,Bacterial_spot,Bacterial_spot,0.9852947
c6e47368ef9cf2f28feff81053cab79e,PV_data/Peach___Bacterial_spot/a5ccac77-de3a-406d-8fa8-e73149282638___Rutg._Bact.S 1923.JPG,1,1,Bacterial_spot,Bacterial_spot,0.99997616
71f7b4384c8b0059aa21120fff14a890,PV_data/Peach___Bacterial_spot/a635f27a-107f-4008-b085-ef7d32e5eab1___Rut._Bact.S 0825.JPG,1,1,Bacterial_spot,Bacterial_spot,0.9999659
1a29fd40e7ea3450c9acf37cd12b90a5,PV_data/Peach___Bacterial_spot/a72afb3f-17b3-4504-908b-9ac879a5461b___Rut._Bact.S 3363.JPG,1,1,Bacterial_spot,Bacterial_spot,0.9578114
feb043faa04d8bcc735dd5f3dac56828,PV_data/Peach___Bacterial_spot/a74774d0-12b1-47f3-858b-111a84a5b80e___Rut._Bact.S 1051.JPG,1,1,Bacterial_spot,Bacterial_spot,0.99999154
26dd37049d9d775bdbedd35fedf0a2cf,PV_data/Peach___Bacterial_spot/a9030828-6668-478e-a89f-585a80a4d993___Rut._Bact.S 1156.JPG,1,1,Bacterial_spot,Bacterial_spot,0.9999945
86888d34dceff0006d055faa73e3f87d,PV_data/Peach___Bacterial_spot/acd1b162-3058-4c9c-9a96-4d0126d3e863___Rutg._Bact.S 2202.JPG,1,1,Bacterial_spot,Bacterial_spot,0.9999999
37e8604adce0c8490768a26fd4c0f071,PV_data/Peach___Bacterial_spot/ad8aea96-17d0-4111-bc7b-f5d9c2dbda7a___Rutg._Bact.S 1926.JPG,1,1,Bacterial_spot,Bacterial_spot,0.99974877
1cf9c80204be0ac0504cef9fe0e3ed38,PV_data/Peach___Bacterial_spot/aed9b348-a582-4758-b270-2fb25a42671f___Rut._Bact.S 1165.JPG,1,1,Bacterial_spot,Bacterial_spot,0.99999964
0f88b788c811df33d4ed13d064e895b6,PV_data/Peach___Bacterial_spot/af6dfe69-fe1d-4aef-90c0-69615c9a0cc7___Rut._Bact.S 1069.JPG,1,1,Bacterial_spot,Bacterial_spot,0.9999862
79c3e221c33c665eb7f149f5f3552f35,PV_data/Peach___Bacterial_spot/b0a3bd08-f944-47a0-a245-6a39a23d2ce5___Rut._Bact.S 1118.JPG,1,6,Bacterial_spot,Early_blight,0.57547265
8f7622de0425ac6dee901b8938bfe174,PV_data/Peach___Bacterial_spot/b0c05c17-bc18-43e8-84ae-9eddd1b4ca00___Rutg._Bact.S 1770.JPG,1,1,Bacterial_spot,Bacterial_spot,0.9999995
90af87b0d1d0915c22141fe2b417e3a0,PV_data/Peach___Bacterial_spot/b2a2c3a5-e09b-46d8-9f5c-dc55f2bebafa___Rut._Bact.S 0909.JPG,1,1,Bacterial_spot,Bacterial_spot,0.99921215
f8e42eb7bccd7a8368e44fcbd19520ef,PV_data/Peach___Bacterial_spot/b2cc9f8c-6975-4e30-8bdb-b557aaa0face___Rutg._Bact.S 1830.JPG,1,1,Bacterial_spot,Bacterial_spot,0.99999964
5ab2a81a5dc80cbdf23be1e6d3d365b6,PV_data/Peach___Bacterial_spot/b2d2c3bb-3b48-4149-b0fb-40c4e5b74585___Rut._Bact.S 1076.JPG,1,1,Bacterial_spot,Bacterial_spot,0.90594184
529e457d0e7cd248d8922967892d9b46,PV_data/Peach___Bacterial_spot/b2ef8497-ea1a-4be0-8d1b-88d72cae0b37___Rutg._Bact.S 2092.JPG,1,1,Bacterial_spot,Bacterial_spot,0.99999917
162e73eb1a1789e1282ac76d781460de,PV_data/Peach___Bacterial_spot/b4577eea-327e-425f-9b20-8e3f93d968b4___Rut._Bact.S 3467.JPG,1,6,Bacterial_spot,Early_blight,0.60936975
b412352d803de64a75bf9bc55abaf71c,PV_data/Peach___Bacterial_spot/b5a714ef-8077-49d6-87bd-3fdae73a0d25___Rutg._Bact.S 1115.JPG,1,1,Bacterial_spot,Bacterial_spot,0.99999964
cc5cb990db7f7187718da6f9e577f39a,PV_data/Peach___Bacterial_spot/b66f2f57-c692-41e9-868a-134e56f7821a___Rutg._Bact.S 1182.JPG,1,1,Bacterial_spot,Bacterial_spot,0.99748373
f5a95485c378104ac37c501c3eed06e7,PV_data/Peach___Bacterial_spot/b6c43aaa-4035-4e88-8d12-f904ec9642f1___Rut._Bact.S 0956.JPG,1,1,Bacterial_spot,Bacterial_spot,0.9960829
075a7e6199ee60c6f97e79bde90e8e6a,PV_data/Peach___Bacterial_spot/b73aae81-7990-4f12-bd83-4f13cf20e9cc___Rutg._Bact.S 2127.JPG,1,1,Bacterial_spot,Bacterial_spot,0.99999166
7616c147e424ee167984115ec571d170,PV_data/Peach___Bacterial_spot/b879cb9d-4cd2-49e5-8fbe-af75c3a3d30f___Rutg._Bact.S 1529.JPG,1,1,Bacterial_spot,Bacterial_spot,0.9999993
57e82b6bf1e631b228e2ea13fe4767d8,PV_data/Peach___Bacterial_spot/b90453b9-4f6f-4370-b74b-1848b898661a___Rutg._Bact.S 1793.JPG,1,1,Bacterial_spot,Bacterial_spot,0.9999652
e966b56fa77264bbb59acc870e7ffede,PV_data/Peach___Bacterial_spot/b9816cc8-bc80-4397-a7a6-8698596ae6d6___Rut._Bact.S 1403.JPG,1,1,Bacterial_spot,Bacterial_spot,0.99999714
b3861ac302c410cd327d7233d10126c4,PV_data/Peach___Bacterial_spot/ba635cb4-2834-4741-a042-df706038af7a___Rutg._Bact.S 2297.JPG,1,1,Bacterial_spot,Bacterial_spot,0.9999987
b9b5f581f61df114713477f1f5ab2880,PV_data/Peach___Bacterial_spot/baa42996-dd9a-4f3c-a697-b45079b65753___Rut._Bact.S 1023.JPG,1,1,Bacterial_spot,Bacterial_spot,0.9999809
f1a40267a00daef38d0fb93ee4be4ec1,PV_data/Peach___Bacterial_spot/bbd2c99c-7848-4e56-abb9-ddc44458fc8f___Rut._Bact.S 1186.JPG,1,1,Bacterial_spot,Bacterial_spot,0.99993074
cba89bb9d74556363f594f710d57a488,PV_data/Peach___Bacterial_spot/bc2e3c41-e224-41b7-aa6e-9b57a66acb44___Rutg._Bact.S 1506.JPG,1,1,Bacterial_spot,Bacterial_spot,0.9998131
54f0f1675db58d3da67fa18db72f848f,PV_data/Peach___Bacterial_spot/bc465a8d-2447-4e0d-b9a2-126b2cd39080___Rutg._Bact.S 1839.JPG,1,1,Bacterial_spot,Bacterial_spot,0.99764544
9abf28858ab871be0365dda940888c10,PV_data/Peach___Bacterial_spot/bcc95b12-c380-4ece-92be-92ee6e1cff88___Rut._Bact.S 0788.JPG,1,1,Bacterial_spot,Bacterial_spot,0.75292826
62d5a783fb7640ba8931e17b85298237,PV_data/Peach___Bacterial_spot/bcde34a5-b786-418a-a7aa-81d99d959583___Rut._Bact.S 1220.JPG,1,1,Bacterial_spot,Bacterial_spot,0.99952585
2ad92f9a2d25dfb4b669a4657e5b2553,PV_data/Peach___Bacterial_spot/bd4a3609-3de0-4eed-b63d-fb1d869b8ffa___Rutg._Bact.S 2003.JPG,1,1,Bacterial_spot,Bacterial_spot,0.9999987
44b62d0d7cd1b15026eb1a1a65b106a9,PV_data/Peach___Bacterial_spot/bd4c6d44-975b-46fd-8a43-086230bcefd6___Rutg._Bact.S 2038.JPG,1,1,Bacterial_spot,Bacterial_spot,0.9999951
64a4a7156f3ade75f911ef0efc3575f6,PV_data/Peach___Bacterial_spot/bd834d19-4c8f-4770-a1fe-efea72e4cd48___Rutg._Bact.S 1953.JPG,1,1,Bacterial_spot,Bacterial_spot,0.99999356
c4fb112d3b36afebed2bbed5b3569f5f,PV_data/Peach___Bacterial_spot/bec06112-5113-4b2a-91cd-ff46b28e34e5___Rutg._Bact.S 1096.JPG,1,1,Bacterial_spot,Bacterial_spot,0.9999838
87f3b177d2db2a27a63602c355e5ffcc,PV_data/Peach___Bacterial_spot/befbd94d-21b2-4715-b4c4-cdbe3f86c9a2___Rut._Bact.S 1125.JPG,1,1,Bacterial_spot,Bacterial_spot,0.99985564
dae87dc05575c274dead4ec7d8bcc8d6,PV_data/Peach___Bacterial_spot/c0d49384-1efe-491f-b442-f0f41526fd6f___Rutg._Bact.S 1110.JPG,1,1,Bacterial_spot,Bacterial_spot,0.9999951
4fd97ccd58d9d3e164d8607e62b75ee9,PV_data/Peach___Bacterial_spot/c15696ee-41f1-41f4-9012-6e8fde70078c___Rut._Bact.S 1500.JPG,1,1,Bacterial_spot,Bacterial_spot,1.0
dc783ea90e27e017903b75d9a9e10d96,PV_data/Peach___Bacterial_spot/c17ba14a-6400-4281-9251-07371ffb60e2___Rutg._Bact.S 2081.JPG,1,1,Bacterial_spot,Bacterial_spot,0.9999888
aa9815e89fcb5a12e50afade9980b48c,PV_data/Peach___Bacterial_spot/c20a6939-8bfd-42b6-bbcf-9a18e81c8583___Rut._Bact.S 3398.JPG,1,6,Bacterial_spot,Early_blight,0.9999914
6188b5224426c196eebd75fa96d90bdc,PV_data/Peach___Bacterial_spot/c3a01e69-bd52-4db2-8f1f-513c01933680___Rutg._Bact.S 2112.JPG,1,1,Bacterial_spot,Bacterial_spot,0.9999994
69ca4f15e6f148390307e7fcd8260b39,PV_data/Peach___Bacterial_spot/c3c13e42-c79c-4ddb-8e7d-f9e40b136697___Rut._Bact.S 0865.JPG,1,1,Bacterial_spot,Bacterial_spot,0.9924892
30b9e869e6b7030b1ffd12af747c0a75,PV_data/Peach___Bacterial_spot/c3f18a97-3f04-41e0-bd28-4563f17ec7a3___Rut._Bact.S 1203.JPG,1,1,Bacterial_spot,Bacterial_spot,0.9999559
4cab8b07d71b5c5ffe173fed0ed06331,PV_data/Peach___Bacterial_spot/c4214b30-7e7e-4786-b112-f106749afa91___Rutg._Bact.S 1289.JPG,1,1,Bacterial_spot,Bacterial_spot,0.9999999
5cf9b4440492b21d3384c23fcff1bc32,PV_data/Peach___Bacterial_spot/c5245bdb-9a36-44c6-a70b-fbfb84d78741___Rut._Bact.S 1544.JPG,1,1,Bacterial_spot,Bacterial_spot,0.9998807
fc466255ab57c7a77e69dd6a99d847e4,PV_data/Peach___Bacterial_spot/c64ccbd0-67ba-4787-9f1c-68a92cf43791___Rutg._Bact.S 1595.JPG,1,1,Bacterial_spot,Bacterial_spot,0.9970937
a3e11b572b97a81955f4fc7e3d881966,PV_data/Peach___Bacterial_spot/c66a36d1-ae86-4b9c-a84d-6e0ad09bfd05___Rut._Bact.S 1311.JPG,1,1,Bacterial_spot,Bacterial_spot,0.9998739
23deab0a42ee2638dcb16a1362a42036,PV_data/Peach___Bacterial_spot/c71301df-ba65-4e59-945e-66f8d6ec4d92___Rut._Bact.S 1181.JPG,1,1,Bacterial_spot,Bacterial_spot,1.0
72fe8772d97255dd02db6c6d63f9efed,PV_data/Peach___Bacterial_spot/c71d75ab-5e25-4c59-9a7c-fe915a6def88___Rut._Bact.S 0779.JPG,1,14,Bacterial_spot,Septoria_leaf_spot,0.983371
de7f9b22ad590132d0cbe55ede0ff412,PV_data/Peach___Bacterial_spot/c7553160-467d-491e-b319-6f37e5101370___Rutg._Bact.S 2309.JPG,1,1,Bacterial_spot,Bacterial_spot,0.99931204
5a43d376806cde804c6066af1e1c2a86,PV_data/Peach___Bacterial_spot/c7ef618b-dc97-4c85-a288-7f83ec43bd97___Rutg._Bact.S 1333.JPG,1,1,Bacterial_spot,Bacterial_spot,0.91212237
48ea4cfc9d5dc9711d70556541973b3f,PV_data/Peach___Bacterial_spot/c8861759-c3c0-47ad-bc9c-b1a758de152d___Rut._Bact.S 1183.JPG,1,1,Bacterial_spot,Bacterial_spot,0.99994326
d3149229526f27bc5633425f94d995d9,PV_data/Peach___Bacterial_spot/c89308a9-6321-408c-80c3-9254e64432a8___Rutg._Bact.S 2269.JPG,1,1,Bacterial_spot,Bacterial_spot,0.9999968
c2b15e970e10b3a6d6868f6e49660148,PV_data/Peach___Bacterial_spot/c91227f4-e6e8-4150-bdd2-a2d218ee53ba___Rutg._Bact.S 1108.JPG,1,1,Bacterial_spot,Bacterial_spot,0.99999964
819a5ad0e7a41f5caad7cb485b2c0ab5,PV_data/Peach___Bacterial_spot/c9ee6ce0-8965-451a-9f56-2264f0afebbb___Rut._Bact.S 3408.JPG,1,1,Bacterial_spot,Bacterial_spot,0.97634584
b868af7eee11b1318ea7e7f0105d45bd,PV_data/Peach___Bacterial_spot/cb0906dc-97b5-46df-90d5-260b7152b824___Rutg._Bact.S 1909.JPG,1,1,Bacterial_spot,Bacterial_spot,0.9999813
5608958ff34d54a97906249cf9e22df3,PV_data/Peach___Bacterial_spot/cb245596-e439-4fb8-ae1a-ddef3d537804___Rut._Bact.S 3358.JPG,1,1,Bacterial_spot,Bacterial_spot,0.99957913
958382c250c011be41ac3f0e325c7201,PV_data/Peach___Bacterial_spot/cbdda362-bf64-4f7e-ba4c-3439f442ce09___Rutg._Bact.S 1275.JPG,1,1,Bacterial_spot,Bacterial_spot,0.9999938
1cff1ccc9edc6a8d10869399075d2b5b,PV_data/Peach___Bacterial_spot/cc2ddbd4-fa44-465a-a781-ce392837141f___Rut._Bact.S 3393.JPG,1,1,Bacterial_spot,Bacterial_spot,0.9947089
61b2a3419dbc95f13bb0d76bef654a5e,PV_data/Peach___Bacterial_spot/cd56164a-0b26-4286-83b0-5dfd2a96c43e___Rut._Bact.S 1236.JPG,1,1,Bacterial_spot,Bacterial_spot,0.99996006
fb3c9e3525149c1bd14246cc94c16a07,PV_data/Peach___Bacterial_spot/cda8c388-1575-4272-80ea-6b6eef622efa___Rutg._Bact.S 2181.JPG,1,1,Bacterial_spot,Bacterial_spot,0.9999938
06dd2f707b36cd1ae09afc89ec1144c6,PV_data/Peach___Bacterial_spot/cde1624d-7727-495d-81ff-ef8216b1a3f9___Rutg._Bact.S 2154.JPG,1,1,Bacterial_spot,Bacterial_spot,0.99992347
74b1f94dcb715e545d45ab43a7be54b7,PV_data/Peach___Bacterial_spot/d12438d1-5dc3-4ad8-93cd-79a33e8e3aeb___Rut._Bact.S 1290.JPG,1,1,Bacterial_spot,Bacterial_spot,0.99979365
c7002b9b1c750e330472289bf0cfd8c4,PV_data/Peach___Bacterial_spot/d155e8cf-510e-47ce-82b7-8ed5afd0d009___Rutg._Bact.S 1128.JPG,1,1,Bacterial_spot,Bacterial_spot,0.9914336
81b53e60d61db80b0422b20945905f4e,PV_data/Peach___Bacterial_spot/d1bd3a84-e542-4ab5-8a78-5cdd1cddfcd7___Rut._Bact.S 1394.JPG,1,1,Bacterial_spot,Bacterial_spot,0.9999294
03e92fbd03ada719440fe48dc73a513b,PV_data/Peach___Bacterial_spot/d26c044a-0294-4137-88d8-e86016f8dc6c___Rutg._Bact.S 1326.JPG,1,1,Bacterial_spot,Bacterial_spot,0.99999416
6291aa3bcadc6dbd7c85cd9a0c38ba13,PV_data/Peach___Bacterial_spot/d29ec535-52ff-4be6-8ec5-833be9bbc22c___Rut._Bact.S 1224.JPG,1,1,Bacterial_spot,Bacterial_spot,0.9918066
f5530bb958054322f123e1fa79ef91c1,PV_data/Peach___Bacterial_spot/d4022bcf-1ce4-41f3-9672-4dcfcf0da156___Rut._Bact.S 3366.JPG,1,1,Bacterial_spot,Bacterial_spot,0.99175394
06b4e12f5fd401e6bc6bd4189a1b2a65,PV_data/Peach___Bacterial_spot/d55e175b-9845-422e-86b9-8135176e88aa___Rutg._Bact.S 2346.JPG,1,1,Bacterial_spot,Bacterial_spot,0.9999969
945441e3fc3e54990ffe47c7da994b8b,PV_data/Peach___Bacterial_spot/d75e2c63-6ab6-447c-8361-1d687e784e9a___Rutg._Bact.S 1203.JPG,1,1,Bacterial_spot,Bacterial_spot,0.99994695
d4cd06091f8bbad2d8c65f43929df32d,PV_data/Peach___Bacterial_spot/d7fddc02-8505-4886-a4ff-e5bbea7b76c7___Rutg._Bact.S 2188.JPG,1,1,Bacterial_spot,Bacterial_spot,0.99996054
d0c8400fb55dd539a50f0166c51487fc,PV_data/Peach___Bacterial_spot/d9ced7ee-5d07-4385-898d-233ed3937775___Rutg._Bact.S 1727.JPG,1,1,Bacterial_spot,Bacterial_spot,0.99999917
ed3ad74e1631516c15fc702ab94f50f0,PV_data/Peach___Bacterial_spot/db638f20-bdc8-489f-a67c-bb6e75cefe9d___Rut._Bact.S 1555.JPG,1,1,Bacterial_spot,Bacterial_spot,0.8555105
e63483d7ef09bd8695ef11dee39a936b,PV_data/Peach___Bacterial_spot/dba846ad-67ee-4a38-be9f-f4d76532a350___Rut._Bact.S 1041.JPG,1,1,Bacterial_spot,Bacterial_spot,0.99574864
daac17c7a74ce9641046fe6011d26a98,PV_data/Peach___Bacterial_spot/dd98ee21-3c19-4e7b-a252-377b78972797___Rutg._Bact.S 1689.JPG,1,1,Bacterial_spot,Bacterial_spot,0.9999919
e93208a6d00d60f5845e5bbd313a28d9,PV_data/Peach___Bacterial_spot/ddfcd3f7-34ee-4f06-902d-4dea67abc27f___Rutg._Bact.S 1503.JPG,1,1,Bacterial_spot,Bacterial_spot,0.9828908
d75fc44ee3a046e3c7f7b4bafd9de8aa,PV_data/Peach___Bacterial_spot/de6f3367-e6dd-4052-a0b8-76eaf9539bf0___Rutg._Bact.S 2243.JPG,1,1,Bacterial_spot,Bacterial_spot,0.99998236
4fc8b4fe127325a8a527b5a25672b0be,PV_data/Peach___Bacterial_spot/de9f602d-3199-4720-acd5-b42431e8a201___Rut._Bact.S 1195.JPG,1,1,Bacterial_spot,Bacterial_spot,0.9999862
cf212e80497702c7b52a6c5e51af6973,PV_data/Peach___Bacterial_spot/df118178-ccea-4e2d-a6c7-a18e40dc5ab8___Rutg._Bact.S 2238.JPG,1,1,Bacterial_spot,Bacterial_spot,0.99999607
838289125a89d2c81c0f1b1f996e03ce,PV_data/Peach___Bacterial_spot/df2050b2-19b4-49de-89c9-96606217e609___Rutg._Bact.S 1699.JPG,1,1,Bacterial_spot,Bacterial_spot,0.99989724
c67335e98702afa70a5d4108f54ab676,PV_data/Peach___Bacterial_spot/df4e9b13-9425-4696-866e-adfc83e06b60___Rutg._Bact.S 2065.JPG,1,1,Bacterial_spot,Bacterial_spot,0.9999969
2f8d4e04974ad6b1ce639892afc274d9,PV_data/Peach___Bacterial_spot/df67eb70-4edb-4168-aff1-c48e64a9810a___Rutg._Bact.S 2378.JPG,1,1,Bacterial_spot,Bacterial_spot,0.99999833
10ee15a5f2dafc1a4304b0a8774d71c0,PV_data/Peach___Bacterial_spot/dfbdce65-39f2-4eda-8989-47da4f469206___Rut._Bact.S 1098.JPG,1,1,Bacterial_spot,Bacterial_spot,0.9978352
ca9f16b97e428573534c75d8c5683ebd,PV_data/Peach___Bacterial_spot/e109b7ad-3cad-4810-a854-04249b7d9ccd___Rutg._Bact.S 1925.JPG,1,1,Bacterial_spot,Bacterial_spot,0.99862635
4ed5738a72ebe66f28ba7c1063fe7470,PV_data/Peach___Bacterial_spot/e12a28e8-341b-4f72-989e-c49a5427ba81___Rut._Bact.S 1350.JPG,1,1,Bacterial_spot,Bacterial_spot,0.9999975
7138f8118e606ddbe756782ab301b600,PV_data/Peach___Bacterial_spot/e152c2f0-15b5-4aed-902e-02e533c07eb8___Rut._Bact.S 0987.JPG,1,1,Bacterial_spot,Bacterial_spot,0.99993145
7e9464a31765fb04cbbefc74baf51311,PV_data/Peach___Bacterial_spot/e1d54ad8-2b13-47fd-97da-1711decc24c4___Rut._Bact.S 1379.JPG,1,1,Bacterial_spot,Bacterial_spot,0.99995005
dda4d781d236b7b0f60b43bc7556b7c2,PV_data/Peach___Bacterial_spot/e2584cb2-8a38-4f48-8bcc-bb672db8ddb7___Rutg._Bact.S 1397.JPG,1,1,Bacterial_spot,Bacterial_spot,0.99926966
b4d79cbe3ea6cd1c1f694bed42d43c89,PV_data/Peach___Bacterial_spot/e465bfdf-4972-4e02-a342-3a1409d86964___Rut._Bact.S 0903.JPG,1,1,Bacterial_spot,Bacterial_spot,0.7229576
ebb0a64584c3a9cce9e5c98b8ed2936d,PV_data/Peach___Bacterial_spot/e4af5a6f-fa9c-4ec4-a996-5d834561357b___Rutg._Bact.S 2122.JPG,1,1,Bacterial_spot,Bacterial_spot,0.99997663
6637b2ef2c1a22d4dc383f982c4a8422,PV_data/Peach___Bacterial_spot/e4edaeb8-c428-443b-aaaf-c317942a1be6___Rut._Bact.S 1045.JPG,1,1,Bacterial_spot,Bacterial_spot,0.99122125
aa0bf8f64849d733e73360cabe26abc6,PV_data/Peach___Bacterial_spot/e4f163c9-403f-4f74-8734-6ef40a123eed___Rut._Bact.S 1312.JPG,1,1,Bacterial_spot,Bacterial_spot,0.9926205
696e2d38605271df81bdb007f8426740,PV_data/Peach___Bacterial_spot/e57360c9-2230-4db4-bcfe-8634583ce52b___Rutg._Bact.S 2165.JPG,1,1,Bacterial_spot,Bacterial_spot,0.9981717
f907cb35db75a31a311f1f73862c69b7,PV_data/Peach___Bacterial_spot/e5a54b62-4f5c-41c1-992b-d340a05f322f___Rutg._Bact.S 1940.JPG,1,1,Bacterial_spot,Bacterial_spot,0.99999857
fd12b59ab7eacd61e14107d2e95c1d33,PV_data/Peach___Bacterial_spot/e5d80862-b7b6-4b2d-919a-b993f56d234e___Rutg._Bact.S 1497.JPG,1,1,Bacterial_spot,Bacterial_spot,0.9999963
1ae05ed55803f48c27c1cb60ef9364be,PV_data/Peach___Bacterial_spot/e61baaa7-1edb-4d0d-9a4b-19c6eb9a9be7___Rutg._Bact.S 1542.JPG,1,1,Bacterial_spot,Bacterial_spot,0.99771607
9128a5f89869a44cdee99910e79e4b72,PV_data/Peach___Bacterial_spot/e6f25dd1-e108-4ce8-b3bb-30bf1c910b9e___Rutg._Bact.S 1353.JPG,1,1,Bacterial_spot,Bacterial_spot,0.9999981
a87dfdaf136b34debbcb11e0fa2dce9e,PV_data/Peach___Bacterial_spot/e7a1cadc-7497-4366-8a36-79da9227545b___Rutg._Bact.S 1474.JPG,1,1,Bacterial_spot,Bacterial_spot,0.99986124
8c8a3d9f3d0044eb4db124b0b3bd7f1e,PV_data/Peach___Bacterial_spot/e895fb6e-297b-4da5-adb7-f54d29c4d0bd___Rutg._Bact.S 1946.JPG,1,1,Bacterial_spot,Bacterial_spot,0.99984527
57ace75189b0658508aab70974a76f0b,PV_data/Peach___Bacterial_spot/e9670d59-8eaa-4ea8-87a6-5008f55137b9___Rutg._Bact.S 1400.JPG,1,1,Bacterial_spot,Bacterial_spot,0.99991715
56e6175dbcd1e6d9a049ca9f110d1d6a,PV_data/Peach___Bacterial_spot/eafb35ad-9f2a-415f-92ca-87c1a43e6736___Rutg._Bact.S 1964.JPG,1,1,Bacterial_spot,Bacterial_spot,0.9999708
5c0941156aa384010007fb0a00b0f01d,PV_data/Peach___Bacterial_spot/ebb7cb78-9cc7-42d6-a057-79b9361dcf1c___Rut._Bact.S 0842.JPG,1,1,Bacterial_spot,Bacterial_spot,0.9993062
ced1d12cdf6bf63c8cd13852d6eefefa,PV_data/Peach___Bacterial_spot/ec8b301d-6963-4029-80e6-4d8be10104da___Rutg._Bact.S 1273.JPG,1,1,Bacterial_spot,Bacterial_spot,1.0
0c2d2154bb7c9d603f47709d9da3b0dd,PV_data/Peach___Bacterial_spot/ee2d9428-30bf-4472-a4dd-ecfa48041c8b___Rutg._Bact.S 1322.JPG,1,1,Bacterial_spot,Bacterial_spot,0.9999174
c986fd36779e05cfadc72c847f8711ab,PV_data/Peach___Bacterial_spot/ee63ad7f-a004-45ea-a6d7-2a859cf9ca03___Rut._Bact.S 1372.JPG,1,1,Bacterial_spot,Bacterial_spot,0.9996146
82b447d0eb95bd0247795688a02a87e5,PV_data/Peach___Bacterial_spot/ee7ab3bd-a28e-4f9b-a704-92231cb0151c___Rut._Bact.S 1389.JPG,1,1,Bacterial_spot,Bacterial_spot,1.0
031ee8f6113fcdf99fcdab375a20b19c,PV_data/Peach___Bacterial_spot/eed2ea4b-c36e-4968-84b3-0425659d70d6___Rutg._Bact.S 1510.JPG,1,1,Bacterial_spot,Bacterial_spot,0.99999964
58e5ee549a6748765e20dd0e6d50f9f7,PV_data/Peach___Bacterial_spot/ef55ce01-a26f-41d0-97c4-4f6c84316150___Rutg._Bact.S 1838.JPG,1,1,Bacterial_spot,Bacterial_spot,0.9999198
a1e4737b09e1bcf7cef119b5177db90a,PV_data/Peach___Bacterial_spot/f025d0e9-e94c-42f4-b06f-d63f37c36d1d___Rut._Bact.S 1285.JPG,1,1,Bacterial_spot,Bacterial_spot,0.9999999
e6ad42646384d7324d55c3c6969d1bce,PV_data/Peach___Bacterial_spot/f05fa23f-1cd4-4c07-a100-c2e0d358f30e___Rut._Bact.S 0974.JPG,1,1,Bacterial_spot,Bacterial_spot,0.9999999
1c11b161e0fc216a2fbe4e14709aea3f,PV_data/Peach___Bacterial_spot/f19b6be8-051e-445f-941d-4964ccbfb072___Rut._Bact.S 1528.JPG,1,1,Bacterial_spot,Bacterial_spot,0.99993396
84e4a68cf3959f5e98fedb1145e63618,PV_data/Peach___Bacterial_spot/f51d0529-b089-4d5b-af63-340b6b9f5b5e___Rutg._Bact.S 1570.JPG,1,1,Bacterial_spot,Bacterial_spot,0.9999957
6cdfad495c9a4d08bcc8190b0dc011ce,PV_data/Peach___Bacterial_spot/f7be0abd-999e-41c4-8eab-a59937827332___Rutg._Bact.S 1678.JPG,1,1,Bacterial_spot,Bacterial_spot,0.9998733
d819ad52140ead8ab73b91abb586ebcb,PV_data/Peach___Bacterial_spot/fadceda5-cac1-4e4f-b7a0-77439225ee44___Rutg._Bact.S 1198.JPG,1,1,Bacterial_spot,Bacterial_spot,0.99999964
83840d8fa2246afe09e891f5a1e55f49,PV_data/Peach___Bacterial_spot/fbdc58af-b7f8-4013-a7b5-0ff97b063f27___Rutg._Bact.S 2153.JPG,1,1,Bacterial_spot,Bacterial_spot,0.99996734
838e93fd1b161930870c36baf51e3d2e,PV_data/Peach___Bacterial_spot/fc3fb96c-f661-4e69-ace8-30a6b194f778___Rut._Bact.S 3416.JPG,1,1,Bacterial_spot,Bacterial_spot,0.99269897
9f477cad7fbb2fd522771b1ce94c4f18,PV_data/Peach___Bacterial_spot/fc4cac27-8399-48b9-ba31-70d47ffd1fed___Rutg._Bact.S 2252.JPG,1,1,Bacterial_spot,Bacterial_spot,0.9999982
bb955fd39e5bfd17dd40492daf1befb5,PV_data/Peach___Bacterial_spot/fd11e586-0511-4245-a96f-a892df5d0278___Rut._Bact.S 0944.JPG,1,1,Bacterial_spot,Bacterial_spot,0.9990066
9d2bace93d43db4eec5da1f04fcb84d4,PV_data/Peach___Bacterial_spot/fe24139b-640d-498f-93d3-c14458c040f0___Rut._Bact.S 1305.JPG,1,1,Bacterial_spot,Bacterial_spot,0.96579474
4e1f2e2d569519491c7564052cd3b35d,PV_data/Peach___Bacterial_spot/fe3a0c25-0e0a-41ff-8d9d-7aaacca7dae5___Rut._Bact.S 1223.JPG,1,1,Bacterial_spot,Bacterial_spot,0.9999473
6d98672a5631869921e795de0060bc89,PV_data/Peach___Bacterial_spot/fed37949-d6c1-4523-86ed-a5675bd45cf6___Rutg._Bact.S 2374.JPG,1,1,Bacterial_spot,Bacterial_spot,0.99999964
357cf5e1feb84df922dd7c7e27e5c265,PV_data/Peach___Bacterial_spot/fef73da6-c30f-49a0-8180-e52704f45c73___Rut._Bact.S 1365.JPG,1,1,Bacterial_spot,Bacterial_spot,0.99999905
7b929174f145f9627c95f40a2a2e485a,PV_data/Peach___healthy/026aa11e-3f67-4951-9533-3c6ceb4c3d59___Rutg._HL 2494.JPG,19,19,healthy,healthy,0.9998505
58cd9f2d3aebdc0e6281ce76764f3ec2,PV_data/Peach___healthy/068bcecd-d4f3-498b-9828-43e0f0bfd29b___Rutg._HL 3596.JPG,19,19,healthy,healthy,0.9332225
418230f4ec5eef5a75414175aab0aed8,PV_data/Peach___healthy/079ad23f-a0ac-4b01-b7fd-bb2e0ff9fc78___Rutg._HL 3576.JPG,19,19,healthy,healthy,0.994642
5456462fcce11127a741d4bb39637bfa,PV_data/Peach___healthy/0a2ed402-5d23-4e8d-bc98-b264aea9c3fb___Rutg._HL 2471.JPG,19,19,healthy,healthy,0.9987056
8e3ead73bd2657372b7784ede3a0ceb6,PV_data/Peach___healthy/0aec21de-1b0b-4aa5-9e07-560fdbf0580d___Rutg._HL 3583.JPG,19,19,healthy,healthy,0.9957191
04e0a1d70687f01581411c80779d079e,PV_data/Peach___healthy/1791f201-a1a6-4865-aff3-b0b33f417bf7___Rutg._HL 3685.JPG,19,15,healthy,Spider_mites Two-spotted_spider_mite,0.5391076
023c1e1bee01980fa1fcf9ebe3def610,PV_data/Peach___healthy/1ac02917-7c49-4f14-8d31-9a4f497a9bd0___Rutg._HL 3695.JPG,19,19,healthy,healthy,0.9661221
5f99ebd01cf8a50146a2a14af54751a2,PV_data/Peach___healthy/29b8ad30-af3d-4cdb-80ff-31298fe98c11___Rutg._HL 2468.JPG,19,19,healthy,healthy,0.978409
81538b2a4c9824669f31aa09fad2ff93,PV_data/Peach___healthy/30b5e155-096a-4a10-93e6-0c2bbf88e203___Rutg._HL 2438.JPG,19,19,healthy,healthy,0.9999683
3d53cbd1cdf5fe1ee6e2a1a4f1ee706e,PV_data/Peach___healthy/3989295f-5b92-43e7-b48b-dcfe90f01566___Rutg._HL 3677.JPG,19,19,healthy,healthy,0.93009347
f9262fad9900731cd0deeece9c7b3324,PV_data/Peach___healthy/3af5d6d0-8faa-4cd1-92a9-306f3e00b5dd___Rutg._HL 2427.JPG,19,19,healthy,healthy,0.9991068
c87cdd877ba3baf3d77aefe4a51ea874,PV_data/Peach___healthy/4279599c-decb-4727-917a-d8544cd5fc3a___Rutg._HL 3654.JPG,19,19,healthy,healthy,0.96849465
dead59c6030c5f7deb4ad09ebe98aeb5,PV_data/Peach___healthy/4a592d90-1902-4b88-acb2-b3b5b746ce0a___Rutg._HL 2430.JPG,19,19,healthy,healthy,0.981111
1a83e5df415db1c1b1b9af7c7691086d,PV_data/Peach___healthy/4b4eb9a6-b00e-4760-b939-1a428e5e588a___Rutg._HL 3638.JPG,19,19,healthy,healthy,0.8690428
743c6a91d9860d19306b9df9e41babff,PV_data/Peach___healthy/4c00a061-3245-4e69-9a3f-a88a3241f141___Rutg._HL 2426.JPG,19,19,healthy,healthy,0.68644744
00dc8e831a383cfd2f6e2ed2975b27f0,PV_data/Peach___healthy/4c0dd104-cd6f-4ffe-8925-02f42b268640___Rutg._HL 3617.JPG,19,19,healthy,healthy,0.8763344
3331c82f881060616a1e3e15d812fbeb,PV_data/Peach___healthy/4f82e4bd-5144-4da9-a725-27be98f75581___Rutg._HL 3698.JPG,19,19,healthy,healthy,0.9911254
b3f089a7f017a05bab80e8acf45cf9f2,PV_data/Peach___healthy/500b93fd-f11f-4170-8752-966068f57188___Rutg._HL 2502.JPG,19,19,healthy,healthy,0.99968654
8e2e74cc4f25211ddbf0777853f7f929,PV_data/Peach___healthy/52545cfe-0344-4f21-b24f-834263a7525b___Rutg._HL 2456.JPG,19,19,healthy,healthy,0.9627951
e0ae5e597d3e4b46576a024852c74c1c,PV_data/Peach___healthy/5d994e9c-adc0-47c6-bc59-b4ec117b070e___Rutg._HL 3669.JPG,19,19,healthy,healthy,0.9991737
021d5efb647cc6fca5ea6f582fda69cc,PV_data/Peach___healthy/61facc81-a081-439a-bb81-ec369bc7511f___Rutg._HL 2401.JPG,19,19,healthy,healthy,0.772514
e43f757b9e19ded47cb08e1b022f1f9f,PV_data/Peach___healthy/64460ebe-57cb-4222-be13-02a5c43a1be7___Rutg._HL 3732.JPG,19,19,healthy,healthy,0.98031974
01d16d3ed480fd08412c7122caf1eca1,PV_data/Peach___healthy/6544ed11-a701-4a1a-8b7c-9cfbdfd8154c___Rutg._HL 3607.JPG,19,19,healthy,healthy,0.9987941
1f85429557e56478201d7eacc644d2f4,PV_data/Peach___healthy/66408ce6-6721-4c8c-b454-ab258fb71661___Rutg._HL 3510.JPG,19,19,healthy,healthy,0.99167544
dfef2540f3474999746619017a31517c,PV_data/Peach___healthy/682e8658-0a23-48fb-a3d6-6c920d0943da___Rutg._HL 3547.JPG,19,19,healthy,healthy,0.9910985
cdd27c736413afa8e76169dad0fef659,PV_data/Peach___healthy/6f80e5a3-0ab3-4f97-acfa-e6b4b63f1cf2___Rutg._HL 3693.JPG,19,19,healthy,healthy,0.8126223
a94a399a6f764c9c19f852e41de30a18,PV_data/Peach___healthy/78547e85-d160-4cf4-8568-3315c6743c19___Rutg._HL 3611.JPG,19,19,healthy,healthy,0.99923015
b183cd3c11ab3f9c01d99a01937a2624,PV_data/Peach___healthy/7c443efd-1807-46fc-9b6b-53d8b9793838___Rutg._HL 2417.JPG,19,19,healthy,healthy,0.963032
341ee6f1ee6016ed3c0068e442f7f516,PV_data/Peach___healthy/7d1027e6-4158-4b29-b0cd-874e4161dd05___Rutg._HL 2486.JPG,19,19,healthy,healthy,0.9877537
64630fa7714f13a8b07361773a36719a,PV_data/Peach___healthy/7e061c71-32f9-4682-8c7e-c1cd2833085a___Rutg._HL 2397.JPG,19,19,healthy,healthy,0.9819978
67b0c6ffc411f06d4bc33c7443ca480c,PV_data/Peach___healthy/7e3ee17b-8148-4c3a-a129-529ab261aa62___Rutg._HL 3676.JPG,19,19,healthy,healthy,0.7696098
f091936ad16862ea7db85d2977b60926,PV_data/Peach___healthy/824f0af1-4855-4c40-a0f6-c54578362008___Rutg._HL 3634.JPG,19,19,healthy,healthy,0.98311585
c2e7428ed83e02e46a7169be66edb09e,PV_data/Peach___healthy/8de800f8-e03b-4cc9-8f49-bb7421bd2698___Rutg._HL 3735.JPG,19,15,healthy,Spider_mites Two-spotted_spider_mite,0.6178173
80f8408f77c5243511f1a57bde9c4e11,PV_data/Peach___healthy/92330542-da73-46c4-888d-5a42714366d7___Rutg._HL 3559.JPG,19,19,healthy,healthy,0.9990409
48c22d65f62f62a4396c9db9fce2dc93,PV_data/Peach___healthy/a7e0201e-9d8a-43b5-8118-2b6d1e203ba3___Rutg._HL 2420.JPG,19,19,healthy,healthy,0.97791743
2f830e8a530531ea9beab472a77c8c92,PV_data/Peach___healthy/a7f8cef3-6a9f-4bc3-8846-1efce8363829___Rutg._HL 2440.JPG,19,19,healthy,healthy,0.999245
503b994f861a9edb08bb759db1d8a195,PV_data/Peach___healthy/abe034fc-a97d-4726-9d7c-13eff2ebce17___Rutg._HL 3683.JPG,19,19,healthy,healthy,0.9930882
aca1f0ff20aaeca49d9673c668b1d311,PV_data/Peach___healthy/aed39419-1163-4470-a0c4-d6f4e1a7ee66___Rutg._HL 3615.JPG,19,19,healthy,healthy,0.99954826
525dbec053f598ad9318a616c10554f2,PV_data/Peach___healthy/b182f03d-3b0c-4226-86fc-ca246937c7cc___Rutg._HL 3752.JPG,19,19,healthy,healthy,0.98145574
38d95006b5b10525d4f6d2b1f1d8912d,PV_data/Peach___healthy/b6b70c6d-6b81-4608-a62f-f32f6b370360___Rutg._HL 2428.JPG,19,19,healthy,healthy,0.9908789
9573ae3ebc533cc9dc10eb646bf907c1,PV_data/Peach___healthy/cb8cd328-b395-43f1-a392-664272c8c248___Rutg._HL 3519.JPG,19,19,healthy,healthy,0.9986186
5422132247b0c4b2bd00fa4d548caeea,PV_data/Peach___healthy/d0eab616-ab40-476c-ba29-bea7973610f3___Rutg._HL 2445.JPG,19,19,healthy,healthy,0.94597036
9d19d3e137acdb88462b927be4a60f00,PV_data/Peach___healthy/d18f20af-448a-41d9-bc72-c47675f20457___Rutg._HL 3594.JPG,19,19,healthy,healthy,0.8023423
1738a1a9876cbbc88d7d7edfab08830e,PV_data/Peach___healthy/d4135e72-f37e-480c-8e8d-318c8f559302___Rutg._HL 3756.JPG,19,19,healthy,healthy,0.8411105
cb1bf02cde8209979c9b713b643dea3e,PV_data/Peach___healthy/d6248627-9a42-424d-95d3-ca56eb076206___Rutg._HL 3629.JPG,19,19,healthy,healthy,0.99887604
2d47ce63ed1abc33b81679bd2f3930c3,PV_data/Peach___healthy/dc20630c-16e6-4ab0-ad53-49645b413c94___Rutg._HL 3733.JPG,19,15,healthy,Spider_mites Two-spotted_spider_mite,0.6366095
640f6315a1f3f14ffab79fe2a703003e,PV_data/Peach___healthy/dc245e5d-5808-42a5-94fc-082aa90f6ca8___Rutg._HL 3581.JPG,19,19,healthy,healthy,0.9993405
250f7ea92ee30ec6dcee43a1abc16ef9,PV_data/Peach___healthy/e48da91f-7a30-47ca-a7cb-1e456f94b4de___Rutg._HL 3680.JPG,19,19,healthy,healthy,0.9784097
a124dcc584aa524f55507211333cea33,PV_data/Peach___healthy/e7e532ec-6d7f-4c2a-9687-c8b4843048b0___Rutg._HL 2404.JPG,19,19,healthy,healthy,0.97886753
1f58741174e7a7916fd1c63f9f889c23,PV_data/Peach___healthy/e96a7083-0d41-4888-8f03-147729559c2e___Rutg._HL 3713.JPG,19,19,healthy,healthy,0.9839094
29765ff7d845cff3ec568b1b008186b0,PV_data/Peach___healthy/f97eaae1-7349-45e6-8002-411a34cb2f8f___Rutg._HL 3586.JPG,19,19,healthy,healthy,0.99257165
13eaa67d6d47ba809e1d3962dde8fc45,PV_data/Peach___healthy/f9abf8f6-7783-473c-81d2-a84dba013d3e___Rutg._HL 2500.JPG,19,19,healthy,healthy,0.9882211
bc32a893401d2b492fbbdd4c64c3432a,PV_data/Peach___healthy/fcec3f5b-0a84-4635-abc6-a2bc6464de6d___Rutg._HL 3644.JPG,19,19,healthy,healthy,0.99919003
71228f6949d65a02528aa637016132df,PV_data/Peach___healthy/fd40d2b0-c139-4661-973f-7c5ee06a55a2___Rutg._HL 3597.JPG,19,19,healthy,healthy,0.95042133
ff8b1bd8b342341cc40bcb684626fba3,"PV_data/Pepper,_bell___Bacterial_spot/01ebc916-4793-40a3-b5e4-a32687e4fa3d___NREC_B.Spot 9125.JPG",1,1,Bacterial_spot,Bacterial_spot,0.99999964
abe2e8b545585e1492170512d2744522,"PV_data/Pepper,_bell___Bacterial_spot/03bb7042-3fd5-42e1-aa2c-d51d6843704c___JR_B.Spot 8925.JPG",1,1,Bacterial_spot,Bacterial_spot,0.9995509
f5070a46f56dad8e843be74e5f8c2ef3,"PV_data/Pepper,_bell___Bacterial_spot/0694ee73-2dbc-4583-9d2d-2b053ef0475b___NREC_B.Spot 1798.JPG",1,1,Bacterial_spot,Bacterial_spot,0.9966164
91394fd37aac45c443336a7c5e16d0dc,"PV_data/Pepper,_bell___Bacterial_spot/0705b53e-4c54-4fce-9bc0-833db0619f3d___JR_B.Spot 9068.JPG",1,1,Bacterial_spot,Bacterial_spot,0.9999088
dceddb4a05d7f4c49fb8d8882f2e2a83,"PV_data/Pepper,_bell___Bacterial_spot/0bd0f439-013b-40ed-a6d1-4e67e971d437___JR_B.Spot 3272.JPG",1,1,Bacterial_spot,Bacterial_spot,0.7374406
08cc536e13d64d3414a04f57349971ea,"PV_data/Pepper,_bell___Bacterial_spot/0d2635e7-df23-4ceb-b3ba-3af50bb58357___NREC_B.Spot 1874.JPG",1,1,Bacterial_spot,Bacterial_spot,0.9994553
61ab4b4ad17e2288640da74fe950b655,"PV_data/Pepper,_bell___Bacterial_spot/0d8445ac-6333-42b0-bf32-950a2dd83908___NREC_B.Spot 1862.JPG",1,1,Bacterial_spot,Bacterial_spot,0.43016952
7f1ad361f4159f061f41f9aeb66efe2d,"PV_data/Pepper,_bell___Bacterial_spot/0f2b941b-cce2-46e1-a6e3-6924604e9926___NREC_B.Spot 9073.JPG",1,1,Bacterial_spot,Bacterial_spot,0.9939242
d6927abd4acd7dd5d58d00381e842bc5,"PV_data/Pepper,_bell___Bacterial_spot/11092e1c-9fdc-4405-85b9-a8d7548f12bb___JR_B.Spot 9051.JPG",1,1,Bacterial_spot,Bacterial_spot,0.45664954
33d9d611b7b3b5abf9a171b3341d48ed,"PV_data/Pepper,_bell___Bacterial_spot/121268d0-b5e9-452b-aa45-df90ddcc5ee5___JR_B.Spot 8876.JPG",1,1,Bacterial_spot,Bacterial_spot,0.99996924
03c9e95ddcbbc4e96a52979c8b816855,"PV_data/Pepper,_bell___Bacterial_spot/12c953a0-bd3e-45d0-aaea-5139f5d63e01___JR_B.Spot 8863.JPG",1,1,Bacterial_spot,Bacterial_spot,0.99837804
571abee61e667122ead1521a4918d299,"PV_data/Pepper,_bell___Bacterial_spot/12c9c98f-afc9-4c12-8a97-007e5a40712a___NREC_B.Spot 9053.JPG",1,1,Bacterial_spot,Bacterial_spot,0.9996232
caaafc9b9dd3a29e31a7fb145f801b43,"PV_data/Pepper,_bell___Bacterial_spot/1360c0b1-4eb4-491b-8544-738d3c420828___NREC_B.Spot 1977.JPG",1,1,Bacterial_spot,Bacterial_spot,0.99998724
7517c1125414ca89a12322cad06d30ec,"PV_data/Pepper,_bell___Bacterial_spot/1385e1e7-c7a5-4edb-8273-2f6a54c583fa___NREC_B.Spot 9128.JPG",1,1,Bacterial_spot,Bacterial_spot,0.9999975
baa01778cd91be3ca2b294554ed8cdf4,"PV_data/Pepper,_bell___Bacterial_spot/13955856-c347-4039-ba30-09ea39d66534___NREC_B.Spot 9114.JPG",1,1,Bacterial_spot,Bacterial_spot,0.9978866
d1e13ac30ec796c6c483708d4d3d4706,"PV_data/Pepper,_bell___Bacterial_spot/146d24cd-0c7e-458b-9f82-7b27525b04e4___JR_B.Spot 3329.JPG",1,1,Bacterial_spot,Bacterial_spot,0.99999535
66a4c06c6f18767b6fdcad87204ef32e,"PV_data/Pepper,_bell___Bacterial_spot/15b7cf0f-46ea-4390-a902-375b5b68e3fd___JR_B.Spot 3320.JPG",1,1,Bacterial_spot,Bacterial_spot,0.9999995
e0978889669f2f7ad4bd0c563d6146f5,"PV_data/Pepper,_bell___Bacterial_spot/16e558e3-0aa4-472b-b393-eae1fb4fd62e___NREC_B.Spot 1875.JPG",1,1,Bacterial_spot,Bacterial_spot,0.9999938
7eec681b39d3ff603682ab2347a23adc,"PV_data/Pepper,_bell___Bacterial_spot/17000d8e-8095-4f00-b704-b94b1c531d8d___JR_B.Spot 3384.JPG",1,1,Bacterial_spot,Bacterial_spot,0.9877324
2d9a02e6cb679955f96d61daa8dd3e83,"PV_data/Pepper,_bell___Bacterial_spot/1732db7e-9901-46df-b20e-3ca49ff1dbad___NREC_B.Spot 1791.JPG",1,1,Bacterial_spot,Bacterial_spot,0.99984634
09b2959bf8384ae7bd9a212acf3418aa,"PV_data/Pepper,_bell___Bacterial_spot/176a9f0a-b815-4e4d-88d4-0960610f723b___NREC_B.Spot 1820.JPG",1,1,Bacterial_spot,Bacterial_spot,0.9992236
768dbf3e96175ada3b45e1235a39bb3a,"PV_data/Pepper,_bell___Bacterial_spot/184221a3-0f0e-4acc-b5be-7b853349cd0d___JR_B.Spot 3286.JPG",1,1,Bacterial_spot,Bacterial_spot,0.9998392
37b89f1b11ef596bb6e62889ea16a0fa,"PV_data/Pepper,_bell___Bacterial_spot/1b589f92-a658-4e58-96de-db41acc411ce___JR_B.Spot 3239.JPG",1,1,Bacterial_spot,Bacterial_spot,0.9993187
8f6e894810b31355065f4aa36bca8975,"PV_data/Pepper,_bell___Bacterial_spot/1c0c1501-f362-49d0-9e99-e72006441c8c___JR_B.Spot 8869.JPG",1,1,Bacterial_spot,Bacterial_spot,0.9965985
97a2621248a99f7e5cb29fee57e8952e,"PV_data/Pepper,_bell___Bacterial_spot/1f3b1b11-4934-4c0b-b054-8f8a977b488c___JR_B.Spot 3373.JPG",1,1,Bacterial_spot,Bacterial_spot,0.99980795
ba8e5b5b290fc60cc1659cbcfd9f2db5,"PV_data/Pepper,_bell___Bacterial_spot/1fca0f2b-857b-4cef-9218-42b1bdd92d00___JR_B.Spot 8969.JPG",1,1,Bacterial_spot,Bacterial_spot,0.9940731
18ac2948f3f8169b044f89cbef21b665,"PV_data/Pepper,_bell___Bacterial_spot/2433614e-78d3-45ae-b719-59efb0397572___JR_B.Spot 8966.JPG",1,1,Bacterial_spot,Bacterial_spot,0.9995784
04ca781dd7bcaacafd4f519e46addd9b,"PV_data/Pepper,_bell___Bacterial_spot/25d9d63d-08f1-45de-be1a-83ec25160b75___NREC_B.Spot 1919.JPG",1,1,Bacterial_spot,Bacterial_spot,0.99998987
aa676071620821d6b5f99c9103480b04,"PV_data/Pepper,_bell___Bacterial_spot/2def1cb7-36cf-4aed-a8e5-ad7864721a44___JR_B.Spot 8915.JPG",1,1,Bacterial_spot,Bacterial_spot,0.9985948
b0e204dac6700581010439f2eff29bbe,"PV_data/Pepper,_bell___Bacterial_spot/2e400707-ea59-4355-889a-32d5e56c1e1c___NREC_B.Spot 1936.JPG",1,1,Bacterial_spot,Bacterial_spot,0.9999999
7892af75e6a300f4a9da16f3a6115011,"PV_data/Pepper,_bell___Bacterial_spot/2f9b46c7-fa77-4196-9ed1-f3f316182340___JR_B.Spot 8943.JPG",1,1,Bacterial_spot,Bacterial_spot,0.98316103
aa67bf0946f49f77145a00dc80136fdc,"PV_data/Pepper,_bell___Bacterial_spot/301b41f3-647f-4bd2-9adb-ef98c8b8c238___JR_B.Spot 3399.JPG",1,1,Bacterial_spot,Bacterial_spot,0.99178326
96444a80686a0b11ea438cee98f95945,"PV_data/Pepper,_bell___Bacterial_spot/31add1a3-eab6-4c9c-946f-d85d89297a0e___NREC_B.Spot 1842.JPG",1,1,Bacterial_spot,Bacterial_spot,0.95824754
a728107a9de9b6dbb1991c6b379854c1,"PV_data/Pepper,_bell___Bacterial_spot/32d3951c-8c10-4e8f-b35c-81f7de2513c7___JR_B.Spot 3112.JPG",1,1,Bacterial_spot,Bacterial_spot,0.7581487
311de1dfd36602789a264455b6ecf04c,"PV_data/Pepper,_bell___Bacterial_spot/3342ddb9-c0b2-44c1-90eb-035e207a5c8a___JR_B.Spot 3372.JPG",1,1,Bacterial_spot,Bacterial_spot,0.99436766
288ebd404b5171437ffa14f86e1d2e8f,"PV_data/Pepper,_bell___Bacterial_spot/356984ef-4342-4233-a2e6-3db044cbd4b2___JR_B.Spot 3147.JPG",1,6,Bacterial_spot,Early_blight,0.8387793
2d52bc81cc018534a6bb4741130b82f7,"PV_data/Pepper,_bell___Bacterial_spot/380d0458-2f1e-432c-8adf-614143cba968___JR_B.Spot 8980.JPG",1,1,Bacterial_spot,Bacterial_spot,0.9994399
444d9946d2ff731a2c7ba05a9c0a4466,"PV_data/Pepper,_bell___Bacterial_spot/389480c3-0209-45e3-b3ee-2447b22de68f___JR_B.Spot 9016.JPG",1,1,Bacterial_spot,Bacterial_spot,0.8737249
5c5807fc77995d6ec913347b493d5372,"PV_data/Pepper,_bell___Bacterial_spot/3a03526d-0bf4-4898-9f0f-8a9c31afd3eb___JR_B.Spot 3380.JPG",1,1,Bacterial_spot,Bacterial_spot,0.94298214
535d8cc5454228beb45afbaccfdd91cf,"PV_data/Pepper,_bell___Bacterial_spot/3d6a3d51-8a9f-42ff-b4bf-299778c3e0a8___JR_B.Spot 3184.JPG",1,1,Bacterial_spot,Bacterial_spot,0.999841
4588314e6aa0ff0806828da0eaedd05c,"PV_data/Pepper,_bell___Bacterial_spot/3d87a319-d032-4bac-9b6c-0160a23531b9___NREC_B.Spot 1853.JPG",1,1,Bacterial_spot,Bacterial_spot,0.9999982
eb8b992ad993ce575f5ca28221912167,"PV_data/Pepper,_bell___Bacterial_spot/3f365db3-6af8-4113-97f1-1c8771cab676___NREC_B.Spot 1789.JPG",1,1,Bacterial_spot,Bacterial_spot,0.99965787
ec119a2902c7122542942f7e13ae45c7,"PV_data/Pepper,_bell___Bacterial_spot/41b580cc-85f0-42c5-aafc-d640ab727081___JR_B.Spot 8950.JPG",1,1,Bacterial_spot,Bacterial_spot,0.9999373
e82f57f518f69d445ae9f0ea499d2020,"PV_data/Pepper,_bell___Bacterial_spot/41da62b7-c3af-4604-aaa5-c457356e04bd___JR_B.Spot 9034.JPG",1,1,Bacterial_spot,Bacterial_spot,0.9974479
3cc0a7afde2975e3d0d199ed649ab13a,"PV_data/Pepper,_bell___Bacterial_spot/42ef264d-f255-4674-885a-0921a0e7f649___JR_B.Spot 9022.JPG",1,1,Bacterial_spot,Bacterial_spot,0.99925655
f76fe70a8dba6a2b374ffff726282f43,"PV_data/Pepper,_bell___Bacterial_spot/45820fd3-e954-4baf-85cb-23175212dc0d___JR_B.Spot 8844.JPG",1,1,Bacterial_spot,Bacterial_spot,0.9989561
1aec7765bd158c040e35f8a244f0e20e,"PV_data/Pepper,_bell___Bacterial_spot/4591498b-f2d2-4138-b603-8f734df28c1b___NREC_B.Spot 9063.JPG",1,1,Bacterial_spot,Bacterial_spot,0.99989605
ea5f17d465beb4d57d37c96ee45338a9,"PV_data/Pepper,_bell___Bacterial_spot/47773ddb-e400-4a5d-87ec-ce711044c31e___NREC_B.Spot 9235.JPG",1,1,Bacterial_spot,Bacterial_spot,0.9576944
8cb950dc2fc9b7e16a266a2e5532a9a5,"PV_data/Pepper,_bell___Bacterial_spot/4bad40b0-af40-4deb-820c-edbcbb9ea372___NREC_B.Spot 1843.JPG",1,1,Bacterial_spot,Bacterial_spot,0.99950576
e78721b3d43836ea1d5f666520a3e332,"PV_data/Pepper,_bell___Bacterial_spot/4c1f3e8b-4c85-4554-b1d7-25feca1f58b3___JR_B.Spot 3250.JPG",1,1,Bacterial_spot,Bacterial_spot,0.95352864
2fcdf7b8922939fd57e3bd88f7a4133d,"PV_data/Pepper,_bell___Bacterial_spot/4c6a8199-896f-4cbf-8db4-3baa021a9e1c___NREC_B.Spot 9247.JPG",1,1,Bacterial_spot,Bacterial_spot,0.9998214
ab86992ba33ebe2173b515a8c4e69adc,"PV_data/Pepper,_bell___Bacterial_spot/4cda1135-6cad-421b-9648-d00f9f3cd16f___JR_B.Spot 3304.JPG",1,1,Bacterial_spot,Bacterial_spot,0.99764603
950366ebe7945b2e52c35b26cec3ec5a,"PV_data/Pepper,_bell___Bacterial_spot/4cf90b49-1b89-422e-84ae-2e2fcfc2fa02___JR_B.Spot 3362.JPG",1,1,Bacterial_spot,Bacterial_spot,0.99993515
5c22e96690bcad54cbad45a708051298,"PV_data/Pepper,_bell___Bacterial_spot/4d20e159-894a-4718-a9f8-e866e7c5a3d9___JR_B.Spot 9025.JPG",1,1,Bacterial_spot,Bacterial_spot,0.9087713
bbb3272455edead759fce0f5a9319cad,"PV_data/Pepper,_bell___Bacterial_spot/4d42924a-13e0-4e26-b131-2125e154c542___NREC_B.Spot 9220.JPG",1,1,Bacterial_spot,Bacterial_spot,0.8260544
1983bc346358c94ac5a333de7ed8e3e7,"PV_data/Pepper,_bell___Bacterial_spot/4e380ba7-b5dc-46e3-850e-b52a775378d0___NREC_B.Spot 9107.JPG",1,1,Bacterial_spot,Bacterial_spot,0.99753845
7e1836834001110cea80bc7a11f28d4f,"PV_data/Pepper,_bell___Bacterial_spot/4f49f8c2-d091-40d0-b85c-db10099b3caa___NREC_B.Spot 9171.JPG",1,1,Bacterial_spot,Bacterial_spot,0.9975496
7b422fb64c71a7e83bff92ef63bd8691,"PV_data/Pepper,_bell___Bacterial_spot/51227dc9-baed-4d63-92ec-70f3361b480b___NREC_B.Spot 9161.JPG",1,1,Bacterial_spot,Bacterial_spot,0.9996668
561069d060e2b7b33f735d8edeabb69b,"PV_data/Pepper,_bell___Bacterial_spot/51f564c9-28a3-4352-960c-9d88445d36d9___NREC_B.Spot 1794.JPG",1,1,Bacterial_spot,Bacterial_spot,0.99969715
5726cf26b1d49f52f109ba11cef255ea,"PV_data/Pepper,_bell___Bacterial_spot/524b0b87-2adb-409c-acd6-02327fb7a064___NREC_B.Spot 9212.JPG",1,1,Bacterial_spot,Bacterial_spot,0.9999976
bfa8355a5a1083d9d3c63de39732655d,"PV_data/Pepper,_bell___Bacterial_spot/538ad66b-39cb-4972-8ad7-8ebf1964f782___JR_B.Spot 9001.JPG",1,1,Bacterial_spot,Bacterial_spot,0.9875118
c8711fd4f124b542709fc3ce53d40c56,"PV_data/Pepper,_bell___Bacterial_spot/5579d5a5-ca6a-4a13-ae08-4f791fdc2e2a___NREC_B.Spot 1826.JPG",1,1,Bacterial_spot,Bacterial_spot,0.99999857
b94f629cfadfe0d29f3880e3c1d8dfca,"PV_data/Pepper,_bell___Bacterial_spot/5640520e-087c-41ae-b462-c30d8aa51aab___JR_B.Spot 8914.JPG",1,1,Bacterial_spot,Bacterial_spot,0.99988425
43865ac16e3fde11c16fff97410ee85f,"PV_data/Pepper,_bell___Bacterial_spot/598fe617-af0b-49c0-ad10-f616bd4e0783___NREC_B.Spot 1847.JPG",1,1,Bacterial_spot,Bacterial_spot,0.99999833
9d4820ec4d052e65922d96ffabd30856,"PV_data/Pepper,_bell___Bacterial_spot/59b6bff9-4aca-4bf4-a129-21179e9cebae___JR_B.Spot 9069.JPG",1,1,Bacterial_spot,Bacterial_spot,0.91470003
fb591bf7d78951763e138fc5a6cb7101,"PV_data/Pepper,_bell___Bacterial_spot/5b00e7ef-db0e-43d3-9d4c-db2d8ee2fac3___JR_B.Spot 3360.JPG",1,1,Bacterial_spot,Bacterial_spot,0.96655154
1f222134bd2e3103fb36cd9db7716e0f,"PV_data/Pepper,_bell___Bacterial_spot/5bd8d538-c13c-4da8-9f70-6c9a936dee3f___JR_B.Spot 3164.JPG",1,1,Bacterial_spot,Bacterial_spot,0.9957436
530e79442975436b243899e9e5f5452d,"PV_data/Pepper,_bell___Bacterial_spot/6103f8b9-13cd-4a76-a501-33ebe9d24427___JR_B.Spot 8936.JPG",1,1,Bacterial_spot,Bacterial_spot,0.9994351
676ff4b7cc9ce91ef0e954f9256b8d75,"PV_data/Pepper,_bell___Bacterial_spot/64367d1d-8954-432d-94bf-9ee75a812a85___NREC_B.Spot 1890.JPG",1,1,Bacterial_spot,Bacterial_spot,0.99942094
a9d3d67430d8b4229f264dca3c785d1c,"PV_data/Pepper,_bell___Bacterial_spot/691dd132-7f59-4494-873c-a9dc69331c60___JR_B.Spot 3390.JPG",1,1,Bacterial_spot,Bacterial_spot,0.9798244
ec2e94c40e0ba272563deac48ac90b37,"PV_data/Pepper,_bell___Bacterial_spot/6ceb56c6-36aa-4196-b60f-6fb8306b3cb4___NREC_B.Spot 9162.JPG",1,1,Bacterial_spot,Bacterial_spot,0.9999838
d1f141fb34c5280d05eed15ae9a9c511,"PV_data/Pepper,_bell___Bacterial_spot/6d21b1fe-9e5d-4586-9726-14844ad5116f___JR_B.Spot 3120.JPG",1,1,Bacterial_spot,Bacterial_spot,0.94017565
0c2cf911037d383608b89079903d3409,"PV_data/Pepper,_bell___Bacterial_spot/6fc860ea-46cd-4b40-8d53-27c1ebf95935___NREC_B.Spot 1836.JPG",1,1,Bacterial_spot,Bacterial_spot,1.0
f60fca19691af5688281cb99d59347e3,"PV_data/Pepper,_bell___Bacterial_spot/70985466-254f-479b-86f2-9792be0864ed___JR_B.Spot 9044.JPG",1,1,Bacterial_spot,Bacterial_spot,0.9999167
5e32629275e9b8a47c0197dc7fc2873f,"PV_data/Pepper,_bell___Bacterial_spot/718cf35c-8f3b-4d29-9c49-0aac5a8b6660___NREC_B.Spot 9098.JPG",1,1,Bacterial_spot,Bacterial_spot,0.99996054
48ffc00a4c05dfb40845706a1c348f95,"PV_data/Pepper,_bell___Bacterial_spot/729b55d7-2a99-4861-910d-3b4e2bbce13a___JR_B.Spot 9036.JPG",1,1,Bacterial_spot,Bacterial_spot,0.9182563
9c08cde9c174cccaea1c0bc7a3ae1e48,"PV_data/Pepper,_bell___Bacterial_spot/740389fb-026a-45f3-ab93-716987328da0___JR_B.Spot 8905.JPG",1,1,Bacterial_spot,Bacterial_spot,0.9997609
89400de4c0a5e7c09170e122c09283a6,"PV_data/Pepper,_bell___Bacterial_spot/74d34f82-c2f1-4a60-8463-3c45717aac22___NREC_B.Spot 1904.JPG",1,1,Bacterial_spot,Bacterial_spot,0.999998
bbf0f32fedb5f47bdca087073e531fc5,"PV_data/Pepper,_bell___Bacterial_spot/77a0bad6-8570-43a4-b521-306b2cb0739a___JR_B.Spot 8960.JPG",1,1,Bacterial_spot,Bacterial_spot,0.9997012
123f540e375a3ff717239313279a6a68,"PV_data/Pepper,_bell___Bacterial_spot/78c2d8fb-65cc-4d1b-9524-d904c87cbe99___NREC_B.Spot 1829.JPG",1,1,Bacterial_spot,Bacterial_spot,0.9999962
bb27fa76ef2d93e0641aac113d50ccaf,"PV_data/Pepper,_bell___Bacterial_spot/7b21dafb-0173-4762-8fb5-8bb9b0aa604c___JR_B.Spot 3149.JPG",1,1,Bacterial_spot,Bacterial_spot,0.99999833
66b92f1bfb19bb10bcde95036f2c584e,"PV_data/Pepper,_bell___Bacterial_spot/7b3f4992-f771-4b6e-b25f-7ec4c5823c88___JR_B.Spot 8951.JPG",1,1,Bacterial_spot,Bacterial_spot,0.999342
0497aa395e54ac65246ce9612134ef8b,"PV_data/Pepper,_bell___Bacterial_spot/7b7b589f-1bb8-43fb-8fa0-b510e200dd99___JR_B.Spot 9061.JPG",1,17,Bacterial_spot,Tomato_Yellow_Leaf_Curl_Virus,0.6851242
9c8e0803e6b566a9f1d61a22867c4375,"PV_data/Pepper,_bell___Bacterial_spot/7beb562a-e1b0-40a2-8b44-fd892051da87___JR_B.Spot 8989.JPG",1,1,Bacterial_spot,Bacterial_spot,0.9927205
79ed92bb87ade9b9abc5ffd39defceeb,"PV_data/Pepper,_bell___Bacterial_spot/7cca52ca-c5bb-4670-aa24-c956c828db39___JR_B.Spot 8982.JPG",1,1,Bacterial_spot,Bacterial_spot,0.99995744
0e082152812c4db5027cad7e72a711ed,"PV_data/Pepper,_bell___Bacterial_spot/7d8da270-f47d-4422-9855-c8a4c93839ba___JR_B.Spot 9087.JPG",1,1,Bacterial_spot,Bacterial_spot,0.7970052
f4885c1046788e0ec16bb2aad72b083c,"PV_data/Pepper,_bell___Bacterial_spot/80d302d6-102c-4fe0-acf8-8ff5b796767e___JR_B.Spot 8898.JPG",1,1,Bacterial_spot,Bacterial_spot,0.6756097
45b87cf991bab508e6ab31b600158459,"PV_data/Pepper,_bell___Bacterial_spot/8295d0d3-a2b8-4f32-ac02-7e0ee8f75406___NREC_B.Spot 1790.JPG",1,1,Bacterial_spot,Bacterial_spot,0.99981654
58cc36f7a0665dedbd32c54a17250564,"PV_data/Pepper,_bell___Bacterial_spot/8695a15f-cdb4-444f-817b-7f4fc22a7a7a___NREC_B.Spot 9230.JPG",1,1,Bacterial_spot,Bacterial_spot,0.9983784
1f8148310f829e81f0ab12309ecacf0a,"PV_data/Pepper,_bell___Bacterial_spot/884c2da1-3b43-46aa-85bb-0f72ed25c266___JR_B.Spot 8906.JPG",1,1,Bacterial_spot,Bacterial_spot,0.9996388
e3340031aefddec2183b26c0c898414a,"PV_data/Pepper,_bell___Bacterial_spot/8d8df238-9cd0-42b2-bd0f-46ada2ad1798___JR_B.Spot 8927.JPG",1,1,Bacterial_spot,Bacterial_spot,0.9982389
937fdd8c0f95a33fd2d4754626155141,"PV_data/Pepper,_bell___Bacterial_spot/8e049c5d-6a3b-4972-94e3-057e6cbe3892___NREC_B.Spot 1901.JPG",1,1,Bacterial_spot,Bacterial_spot,0.99999964
569861cf1db1525256dc792a6c5e8ae8,"PV_data/Pepper,_bell___Bacterial_spot/8ea79527-9b03-44c1-a686-db2ab4b87623___JR_B.Spot 3335.JPG",1,14,Bacterial_spot,Septoria_leaf_spot,0.8752252
d276644d3c91c5ba720ed3aae480cb13,"PV_data/Pepper,_bell___Bacterial_spot/9029703b-db1b-4227-bd29-ab05cc53b7ba___NREC_B.Spot 1802.JPG",1,1,Bacterial_spot,Bacterial_spot,0.9937245
1e2228943e8e2ac851c474f13dcc1174,"PV_data/Pepper,_bell___Bacterial_spot/91d5631f-83d9-467b-b5f3-48e408594225___NREC_B.Spot 9129.JPG",1,1,Bacterial_spot,Bacterial_spot,0.9999993
8798cb2529d82ff8366c62233412f5d6,"PV_data/Pepper,_bell___Bacterial_spot/948bc0e0-8552-426a-898f-270b9573c28f___NREC_B.Spot 9062.JPG",1,1,Bacterial_spot,Bacterial_spot,0.9998739
84364c40bc5c4a5c58c58e1d1777d279,"PV_data/Pepper,_bell___Bacterial_spot/94b1fbe4-4a9d-4237-a6ca-41a6db87d654___JR_B.Spot 3242.JPG",1,1,Bacterial_spot,Bacterial_spot,0.99999785
c8a576a90cd2c247bb51d413c3494b99,"PV_data/Pepper,_bell___Bacterial_spot/94f00ecd-184d-40ee-a7e9-d6feb19402cb___JR_B.Spot 8957.JPG",1,1,Bacterial_spot,Bacterial_spot,0.95793813
f2aca59c040a91d8474eff2cf5a0c0bb,"PV_data/Pepper,_bell___Bacterial_spot/95846c59-3b47-477f-93f1-4f857099be3d___NREC_B.Spot 9203.JPG",1,1,Bacterial_spot,Bacterial_spot,0.92832005
0f000fedbe5b6d91ab6934de199c47a9,"PV_data/Pepper,_bell___Bacterial_spot/969f1458-b7a9-4880-9759-05b0005c978e___JR_B.Spot 8978.JPG",1,1,Bacterial_spot,Bacterial_spot,0.9999331
adc84471c5f3193f30ae4da3582fd7e8,"PV_data/Pepper,_bell___Bacterial_spot/971daa99-7eea-4163-9a1e-3eebd7081f0e___JR_B.Spot 3271.JPG",1,1,Bacterial_spot,Bacterial_spot,0.98846895
b5f60e06c532836e4ffcb3a2488492ac,"PV_data/Pepper,_bell___Bacterial_spot/9abd1ec5-33f5-418d-8527-c894dd7739d7___JR_B.Spot 9064.JPG",1,1,Bacterial_spot,Bacterial_spot,0.76449126
e2da9af91531e977ce16767a675c98be,"PV_data/Pepper,_bell___Bacterial_spot/9c177d44-9a9a-42b3-8107-6ce88f258d28___JR_B.Spot 9043.JPG",1,1,Bacterial_spot,Bacterial_spot,0.9999987
610814b980b8ebd89420b5afdb34c6cc,"PV_data/Pepper,_bell___Bacterial_spot/9cb626a6-67a9-449d-806e-e2fb89345d65___NREC_B.Spot 1788.JPG",1,1,Bacterial_spot,Bacterial_spot,0.9999794
2d1c1339210a3403bd9188b611d71604,"PV_data/Pepper,_bell___Bacterial_spot/9d26dd65-36c0-4ff0-a1b8-5e6e7ea5e058___JR_B.Spot 8991.JPG",1,1,Bacterial_spot,Bacterial_spot,0.8099343
4faa5dd32a5ca362dc5e3d98becd79da,"PV_data/Pepper,_bell___Bacterial_spot/9df5753b-f4d3-440f-a8a2-3140875436c2___JR_B.Spot 3171.JPG",1,1,Bacterial_spot,Bacterial_spot,0.9959155
0272b4ecddb78354a83ec447624d8310,"PV_data/Pepper,_bell___Bacterial_spot/9ef2ed30-14d6-4711-92b3-9a9fbf435c9f___NREC_B.Spot 9049.JPG",1,1,Bacterial_spot,Bacterial_spot,0.99999523
72ec05cc79abc000ad6f316497e839b8,"PV_data/Pepper,_bell___Bacterial_spot/9f36da2c-ab51-4fff-b394-ad22b15508eb___JR_B.Spot 9032.JPG",1,1,Bacterial_spot,Bacterial_spot,0.8099768
d491bbf2976a34e96bd1125bf02db797,"PV_data/Pepper,_bell___Bacterial_spot/a1e9e014-6dba-4e27-9990-bff1cb95c5d5___JR_B.Spot 9026.JPG",1,1,Bacterial_spot,Bacterial_spot,0.9995821
76b7efa5d28de92139733fa7c30a03de,"PV_data/Pepper,_bell___Bacterial_spot/a2237a92-dce1-469e-ba88-657d40f55319___NREC_B.Spot 9122.JPG",1,1,Bacterial_spot,Bacterial_spot,0.99974173
fdf442004ac58820bba4235f61ead2d3,"PV_data/Pepper,_bell___Bacterial_spot/a3407dfc-9a97-4dd4-b484-527da44a161c___JR_B.Spot 9029.JPG",1,1,Bacterial_spot,Bacterial_spot,0.9977241
a8397c9267ce5021a165b6ac571d2f56,"PV_data/Pepper,_bell___Bacterial_spot/a7ae874f-138c-4996-949b-f6ba3d4bc1b0___NREC_B.Spot 1959.JPG",1,1,Bacterial_spot,Bacterial_spot,0.99999845
e57aca0e58f1b20b4afa7a0b3837d6ee,"PV_data/Pepper,_bell___Bacterial_spot/ad921dec-e88f-41d8-9455-0880c69063fc___NREC_B.Spot 9216.JPG",1,1,Bacterial_spot,Bacterial_spot,0.99999034
8ceea4b96df5c884e024fa0678eda754,"PV_data/Pepper,_bell___Bacterial_spot/b0ad5e4c-522c-4215-897e-39fec504c1a6___JR_B.Spot 8840.JPG",1,1,Bacterial_spot,Bacterial_spot,0.9989453
e6288cb376588abaf7a40bd812b768c4,"PV_data/Pepper,_bell___Bacterial_spot/b12cadfe-7823-40f6-9c50-87e509c9dcf7___JR_B.Spot 3393.JPG",1,1,Bacterial_spot,Bacterial_spot,0.99910766
46e3dbc6cdbefc7628ef6ebd6d9e2dbf,"PV_data/Pepper,_bell___Bacterial_spot/b27e9697-adcc-41bb-becb-7bc34bbf3cee___JR_B.Spot 3264.JPG",1,1,Bacterial_spot,Bacterial_spot,0.9998822
5755cc9fdac5941636c8900acf171384,"PV_data/Pepper,_bell___Bacterial_spot/b2df85c5-719c-4a97-aad5-51b3636edb91___NREC_B.Spot 9150.JPG",1,1,Bacterial_spot,Bacterial_spot,0.99887747
3ba3a85501edb0bc4bb477cba31b7762,"PV_data/Pepper,_bell___Bacterial_spot/b32ea1b7-7bf8-451e-b47c-c0cf37bba3d5___NREC_B.Spot 1913.JPG",1,1,Bacterial_spot,Bacterial_spot,0.999175
ae09dcd3f74441aceb60ba87578aa188,"PV_data/Pepper,_bell___Bacterial_spot/b34f18ca-799f-42bb-abbb-f1e19aa6521f___NREC_B.Spot 1944.JPG",1,1,Bacterial_spot,Bacterial_spot,0.99976295
46c2a9af7b38cd12a06a885d0b6514ce,"PV_data/Pepper,_bell___Bacterial_spot/b3f86927-5a59-4e12-a6c5-06e82d45388d___NREC_B.Spot 9234.JPG",1,16,Bacterial_spot,Target_Spot,0.9095375
12c11d76c1b76f69fbd6f2b1b1f8ac7a,"PV_data/Pepper,_bell___Bacterial_spot/b45fccde-f383-4741-a19a-fb48dc215190___JR_B.Spot 3098.JPG",1,1,Bacterial_spot,Bacterial_spot,0.89220595
a0773fa3894ff8288a56dff40947e8e5,"PV_data/Pepper,_bell___Bacterial_spot/b65e91d6-4f22-4d3b-b82f-9590160b7746___JR_B.Spot 8919.JPG",1,1,Bacterial_spot,Bacterial_spot,0.9959326
5625ae097be6edca400a6cb0039ff084,"PV_data/Pepper,_bell___Bacterial_spot/b76271aa-ca0b-44ac-a6f9-379ef70ef443___JR_B.Spot 3389.JPG",1,1,Bacterial_spot,Bacterial_spot,0.9988414
42b404e2e1d1b0d754dcac7cc95f081c,"PV_data/Pepper,_bell___Bacterial_spot/ba89789a-d506-48d5-964b-41f5815d46b1___JR_B.Spot 3352.JPG",1,1,Bacterial_spot,Bacterial_spot,0.9999994
b9eac9711472930324ae8048aabb547b,"PV_data/Pepper,_bell___Bacterial_spot/bc5d56b1-e0e0-4271-90a7-4d4bf2ed0fd8___JR_B.Spot 8939.JPG",1,1,Bacterial_spot,Bacterial_spot,0.9894384
c73add4876b80bebe700a50b8e45b907,"PV_data/Pepper,_bell___Bacterial_spot/c8ea8547-4f93-4bf9-af69-79f09697e817___JR_B.Spot 3152.JPG",1,1,Bacterial_spot,Bacterial_spot,0.9947234
876476c4eebf14f551b8e17a22d57ba3,"PV_data/Pepper,_bell___Bacterial_spot/ca2cf355-2e1f-4353-b541-7079b06a5893___JR_B.Spot 3117.JPG",1,14,Bacterial_spot,Septoria_leaf_spot,0.78443927
dd058961518c1c895d9d300c5bad9576,"PV_data/Pepper,_bell___Bacterial_spot/ce9fbb2a-9b61-463a-816f-b9d1d8273a67___JR_B.Spot 8860.JPG",1,1,Bacterial_spot,Bacterial_spot,0.99895394
b283387aa8977c10929f411b8378864d,"PV_data/Pepper,_bell___Bacterial_spot/cfe02ced-6be9-4119-933f-75f95b88a940___JR_B.Spot 8838.JPG",1,1,Bacterial_spot,Bacterial_spot,0.98100215
98e768a2992edb0557d4f75317cb8196,"PV_data/Pepper,_bell___Bacterial_spot/d0776882-b233-48b9-a7dc-a426ffc7cd0e___JR_B.Spot 3227.JPG",1,1,Bacterial_spot,Bacterial_spot,0.99282974
35c3779a8c8699af788e173420907680,"PV_data/Pepper,_bell___Bacterial_spot/d2b4564a-7428-4f27-ae26-d30c9d013cd8___JR_B.Spot 8917.JPG",1,1,Bacterial_spot,Bacterial_spot,0.97591114
3454d0b462b240fd24a85be76f4b8777,"PV_data/Pepper,_bell___Bacterial_spot/d2e908d9-71d4-451a-b77d-6152c4a91957___JR_B.Spot 3175.JPG",1,9,Bacterial_spot,Leaf_Mold,0.40027878
10f3d50321d1a7942662561137bf99cf,"PV_data/Pepper,_bell___Bacterial_spot/d976cf27-8d18-4ecf-9dd1-c462e807e9a3___NREC_B.Spot 9139.JPG",1,1,Bacterial_spot,Bacterial_spot,0.99997747
ac241e2c07fdafceb6af34cbf6b0f9a7,"PV_data/Pepper,_bell___Bacterial_spot/d9bc75ea-cbc2-4677-b8f8-8b7181c8292c___JR_B.Spot 8923.JPG",1,1,Bacterial_spot,Bacterial_spot,0.9999869
b6f3b9df681c4c2671548ab6d0cdd12a,"PV_data/Pepper,_bell___Bacterial_spot/da982561-a660-482e-bccc-72bdff79e454___NREC_B.Spot 1966.JPG",1,1,Bacterial_spot,Bacterial_spot,0.9996048
5bff9072c5084875226427a26a901227,"PV_data/Pepper,_bell___Bacterial_spot/dd2bf52d-685d-4feb-ac7e-846cbd29d9c3___JR_B.Spot 8891.JPG",1,6,Bacterial_spot,Early_blight,0.8894458
d18eb5cd9663f79febe2586d6f54ab4c,"PV_data/Pepper,_bell___Bacterial_spot/df70c605-70e2-4850-862a-a9d13d7e14f2___NREC_B.Spot 9137.JPG",1,1,Bacterial_spot,Bacterial_spot,0.99999917
7aa924ef871a5bdd951b97ae17028e0c,"PV_data/Pepper,_bell___Bacterial_spot/e67a8a4a-e383-4eee-95e8-22443071ed6d___JR_B.Spot 9057.JPG",1,1,Bacterial_spot,Bacterial_spot,0.8956397
86b071d232186807ad5b8a0ab9dd7e54,"PV_data/Pepper,_bell___Bacterial_spot/e71b39c4-8007-46c0-a925-adaf30e71fd1___JR_B.Spot 9054.JPG",1,17,Bacterial_spot,Tomato_Yellow_Leaf_Curl_Virus,0.5579621
01854948a236ebdb385ea4d5025a1b09,"PV_data/Pepper,_bell___Bacterial_spot/e80de14e-9d15-4dc6-b519-6d5af14ba216___JR_B.Spot 8835.JPG",1,1,Bacterial_spot,Bacterial_spot,0.9990377
62264a3c0d8bef5cb2ee13f982da5cb0,"PV_data/Pepper,_bell___Bacterial_spot/ea679763-149c-44b1-9593-e82242f303cb___NREC_B.Spot 1985.JPG",1,1,Bacterial_spot,Bacterial_spot,0.99999917
162c62e12133c8995bb43a3f2d65b1bd,"PV_data/Pepper,_bell___Bacterial_spot/ead27319-4073-490e-80a0-08e916bbc1f2___JR_B.Spot 9084.JPG",1,1,Bacterial_spot,Bacterial_spot,0.9779439
b4071037c477a01b63d0adfe9df0fdeb,"PV_data/Pepper,_bell___Bacterial_spot/ee596e36-e147-429a-bcf7-de47de0470c0___JR_B.Spot 3104.JPG",1,14,Bacterial_spot,Septoria_leaf_spot,0.97536373
8e5d3c49a8ba94492939681814d44070,"PV_data/Pepper,_bell___Bacterial_spot/f65e0539-ea15-4998-91bf-e74870b22caf___JR_B.Spot 9052.JPG",1,1,Bacterial_spot,Bacterial_spot,0.48848948
9da4a74b7ba30970d9616c138c2d7b75,"PV_data/Pepper,_bell___Bacterial_spot/f6a20939-1617-49f7-a7a4-1dde2020426b___JR_B.Spot 3365.JPG",1,1,Bacterial_spot,Bacterial_spot,0.99996483
f5eb2c661c4266c4c7849cf7ce3674b8,"PV_data/Pepper,_bell___Bacterial_spot/fc54170e-b2e9-4ff9-be85-e7ae3317f18e___JR_B.Spot 3187.JPG",1,1,Bacterial_spot,Bacterial_spot,0.9959871
875a626ec16dafbc2d176867588faceb,"PV_data/Pepper,_bell___Bacterial_spot/fd733c73-855b-49df-87cd-628bcd5e87a7___NREC_B.Spot 9240.JPG",1,1,Bacterial_spot,Bacterial_spot,0.99454576
4a5a246b6213b7a9055501316a21aaa0,"PV_data/Pepper,_bell___Bacterial_spot/fdaea662-b23a-41cf-803c-ca33cf492455___NREC_B.Spot 9069.JPG",1,1,Bacterial_spot,Bacterial_spot,0.99999166
f0c9181751588bde4101b248dc6558c6,"PV_data/Pepper,_bell___Bacterial_spot/ffa3b1df-49c6-4fd2-9ec5-1ca5eb175797___JR_B.Spot 3254.JPG",1,1,Bacterial_spot,Bacterial_spot,0.8874603
e4ceb321b6e14c0d3c4dbf0e055a7126,"PV_data/Pepper,_bell___healthy/01468dda-44f3-4de8-8aed-948bcc29b719___JR_HL 8704.JPG",19,19,healthy,healthy,0.9999782
0f48a449189f1523281c2525b1f6f47c,"PV_data/Pepper,_bell___healthy/016c8a9f-8eab-41b2-bb4b-0eb6ed0b2a7d___JR_HL 8591.JPG",19,19,healthy,healthy,1.0
eeb9ef6e876dfbba051fe7a1ec3a9c6e,"PV_data/Pepper,_bell___healthy/016ed5ad-be29-4e9d-8ae5-069a016b1327___JR_HL 8536.JPG",19,19,healthy,healthy,0.9999989
0ab0f77011e2c2f9ceef78ab0c7ff563,"PV_data/Pepper,_bell___healthy/02a7d2e5-9169-4856-9683-d4fa9894e012___JR_HL 8002.JPG",19,19,healthy,healthy,0.9999999
2b6f5a6211697dc42fab4368916051cb,"PV_data/Pepper,_bell___healthy/031f6e91-afc0-48c2-8989-a2ce770549d5___JR_HL 7911.JPG",19,19,healthy,healthy,0.99999654
391b0257de414025d77d0c4b8f3d460b,"PV_data/Pepper,_bell___healthy/03e8ce3f-9bb5-481c-945b-1fa7d5da09e3___JR_HL 7583.JPG",19,19,healthy,healthy,0.9999999
f41ca65cde2af0dace24ba5875d1c4f2,"PV_data/Pepper,_bell___healthy/0414429e-4295-4216-b2ed-96b21cb35928___JR_HL 8250.JPG",19,19,healthy,healthy,1.0
8fa25aeb4301c0914362abf6ebd00426,"PV_data/Pepper,_bell___healthy/06ae69f3-53f7-4ad8-b6b0-185dd26b2fc0___JR_HL 7971.JPG",19,19,healthy,healthy,0.9999764
a5ecfd3939566bab5384f35061c26dc0,"PV_data/Pepper,_bell___healthy/08881481-53d5-412c-8d65-13c4edc6e3c1___JR_HL 8166.JPG",19,19,healthy,healthy,0.9999994
816bbfcee4c8f897ca79b1512788a792,"PV_data/Pepper,_bell___healthy/08945f1c-9204-48d6-a5b4-bece52a18909___JR_HL 8056.JPG",19,19,healthy,healthy,0.99999976
92fc30500c4ec3bb68cc4f37f6bb0894,"PV_data/Pepper,_bell___healthy/08af8792-fca1-451c-bf59-51cdd9d8b7e6___JR_HL 7740.JPG",19,19,healthy,healthy,0.99999964
0c0e099cc9a95ebf0a44599b2fa40a17,"PV_data/Pepper,_bell___healthy/0984b7ed-2a64-40fe-b0fa-ff440b0fc8e4___JR_HL 8600.JPG",19,19,healthy,healthy,1.0
c9c8d2a314d7a468be8b451deb3c950c,"PV_data/Pepper,_bell___healthy/0c002246-262c-46d7-9995-bd1e1b2737d9___JR_HL 7969.JPG",19,19,healthy,healthy,0.999946
0fcec6a51d1931b2eefcd20fd6fb4969,"PV_data/Pepper,_bell___healthy/0c93ef1a-ccc8-4a62-9353-308e7da3ac3e___JR_HL 8245.JPG",19,19,healthy,healthy,0.99999976
a80533d1fa957f44f8b7c0f5e01a1317,"PV_data/Pepper,_bell___healthy/0d4e35c0-f6d6-4810-9522-14e1d491a05d___JR_HL 8673.JPG",19,19,healthy,healthy,1.0
2a85ef59980be5329f510c7f53e57ec7,"PV_data/Pepper,_bell___healthy/0e043e9a-7652-4e7a-aef1-0caa0c085f55___JR_HL 8479.JPG",19,19,healthy,healthy,0.9999957
6bf8aef5151bf465e5514d2bef13af7a,"PV_data/Pepper,_bell___healthy/0e05c3e0-7766-4049-b7a8-563b5c028c33___JR_HL 8828.JPG",19,19,healthy,healthy,0.83952117
d9df75a4427ee985163c72d62299211f,"PV_data/Pepper,_bell___healthy/0eb476b9-8b21-4b24-adef-7db813abbca3___JR_HL 7926.JPG",19,19,healthy,healthy,0.9999901
a1480125e22cf6805562d64c530b1b2f,"PV_data/Pepper,_bell___healthy/10614d60-3077-4bdf-9771-53e8be8add9e___JR_HL 8302.JPG",19,19,healthy,healthy,0.9999999
c879e520c84201e197c06efc62ab2a32,"PV_data/Pepper,_bell___healthy/126ffc98-0b54-4c66-a827-8bd4b7153259___JR_HL 7833.JPG",19,19,healthy,healthy,1.0
8c59f2f70c7bbca9f25447a07e9c5557,"PV_data/Pepper,_bell___healthy/13da19c9-4e58-4315-8607-1bf0e33a0cb7___JR_HL 8104.JPG",19,19,healthy,healthy,0.99999964
17964a081ea2051ad23ee059fc7993ab,"PV_data/Pepper,_bell___healthy/14473c6e-c261-43c0-baac-25bb228ce5d9___JR_HL 7811.JPG",19,19,healthy,healthy,0.9999999
63800ed4b498f200a4213c9e825b56dd,"PV_data/Pepper,_bell___healthy/16898ed4-107c-40ba-8e1f-2818e06f8426___JR_HL 8702.JPG",19,19,healthy,healthy,0.99999475
5e2cfd14fefa4f37aacfe1f4d22423a4,"PV_data/Pepper,_bell___healthy/18f75aea-62fb-4c71-998a-ff62d078ab21___JR_HL 8174.JPG",19,19,healthy,healthy,0.9999999
49c643f1a92ce089a1a024293729a9c3,"PV_data/Pepper,_bell___healthy/19f9585d-868d-42e8-9d63-cae9fe345bd4___JR_HL 5839.JPG",19,19,healthy,healthy,0.99999547
518c16d1825b24d0abbe1612d2ff8a45,"PV_data/Pepper,_bell___healthy/1a482d0c-d3a9-4e79-b412-f2288dc5067f___JR_HL 5852.JPG",19,19,healthy,healthy,0.9904637
20fb72327bf83452bd7d693fc2e4d993,"PV_data/Pepper,_bell___healthy/1bfa8779-be94-4f16-9668-08c91f9ce3d6___JR_HL 8358.JPG",19,19,healthy,healthy,0.9999634
b94189f2a825adc415ebbcb77b68f7af,"PV_data/Pepper,_bell___healthy/1c043016-2d55-444d-a379-4a2aafc41a32___JR_HL 7909.JPG",19,19,healthy,healthy,0.99999845
6e29d95f948ae65f09ca90ac864224b9,"PV_data/Pepper,_bell___healthy/1ce2eb3c-b8a7-4839-9728-a380909f9b89___JR_HL 8448.JPG",19,19,healthy,healthy,0.9998442
015510977a14797da0317af8019b4ade,"PV_data/Pepper,_bell___healthy/20239e3e-cf5a-40d0-a813-02989a7a92d5___JR_HL 7729.JPG",19,19,healthy,healthy,0.9999813
b335b90fff099191d952f83ef6fd175b,"PV_data/Pepper,_bell___healthy/206fc5a6-80c8-4e7f-8673-2a80b4593b76___JR_HL 8170.JPG",19,19,healthy,healthy,0.99997544
fd18e2189278221d0f28f0005121806f,"PV_data/Pepper,_bell___healthy/21cc03be-6e7d-4f5b-bdf5-8f3d8af01f74___JR_HL 7956.JPG",19,19,healthy,healthy,0.9999987
7b0419847952eae7305790e380b9ec57,"PV_data/Pepper,_bell___healthy/2359f487-7e4a-4480-a788-72fbc570afba___JR_HL 7739.JPG",19,19,healthy,healthy,0.9999995
2c2975a79350adc657e295d178c74180,"PV_data/Pepper,_bell___healthy/24eb97a4-6671-48dd-96f7-3f2c86e80e21___JR_HL 5928.JPG",19,19,healthy,healthy,0.9999957
4dea5ba8a7994934e266de894c13d9e5,"PV_data/Pepper,_bell___healthy/265d5430-3017-440a-b4f3-abfa0d2cbaed___JR_HL 7608.JPG",19,19,healthy,healthy,0.9999995
65d30b9fe35cef8638cb7c7c2c5768a4,"PV_data/Pepper,_bell___healthy/26605bb8-e0b1-4232-b4bb-a4aba0b47edd___JR_HL 8777.JPG",19,19,healthy,healthy,0.99802834
13b182808e98384bee43b8dd874288a0,"PV_data/Pepper,_bell___healthy/26973212-3931-4a98-909f-4607af0142e2___JR_HL 8131.JPG",19,19,healthy,healthy,0.99999726
3fb66ceae40028969833d395d4883e81,"PV_data/Pepper,_bell___healthy/28cb1970-1ca2-452a-ace6-cd98f1aeb57c___JR_HL 8886.JPG",19,19,healthy,healthy,1.0
093ca0fb25946b076c7920aadf2fcf79,"PV_data/Pepper,_bell___healthy/296be9fb-0c43-48a4-9d05-8d906fee9c16___JR_HL 8643.JPG",19,19,healthy,healthy,1.0
3a9f65d5951d56f26c59741bed5b0c5d,"PV_data/Pepper,_bell___healthy/31dce414-c0de-4355-b10e-953ac45623f0___JR_HL 8034.JPG",19,19,healthy,healthy,0.99999785
522c7f783a24643c1bd73c2a57bbe5bd,"PV_data/Pepper,_bell___healthy/32aa6f21-cdb9-41a8-8135-cd07c9341b25___JR_HL 5961.JPG",19,19,healthy,healthy,0.9999994
281774e9883ab596547d53c9aef23e61,"PV_data/Pepper,_bell___healthy/3350cc79-a559-4204-aade-92eb31916006___JR_HL 8901.JPG",19,19,healthy,healthy,0.9741545
5d80c19199a9a3b0990aede3035066c9,"PV_data/Pepper,_bell___healthy/344a9b3a-0748-4fb0-9622-83be2ebfccf1___JR_HL 8574.JPG",19,19,healthy,healthy,1.0
2461129e9c96c8bab71f1ba664c4fe8b,"PV_data/Pepper,_bell___healthy/346a8afc-772b-4d9d-a4ad-e1aaec6227bc___JR_HL 8730.JPG",19,19,healthy,healthy,0.99999976
6bf3d2dcbad077cac4f3d32a0bb4d5cf,"PV_data/Pepper,_bell___healthy/359fd210-bc58-413b-9367-df218023b037___JR_HL 8638.JPG",19,19,healthy,healthy,0.99999976
65572bee305568d1f124df4326807bdf,"PV_data/Pepper,_bell___healthy/35c7f0ff-2b3b-4d07-be50-08ff0edfc51f___JR_HL 7625.JPG",19,19,healthy,healthy,1.0
1a5edec9c49b1933335ae1878f893c17,"PV_data/Pepper,_bell___healthy/37507496-06e8-484e-b389-aa3bfed56be1___JR_HL 5935.JPG",19,19,healthy,healthy,0.9999999
4c53d9b1fe5fde54f301e02a7f8c49fc,"PV_data/Pepper,_bell___healthy/3b8c55fd-ddd6-4ab6-94e8-3be93b1728eb___JR_HL 5963.JPG",19,19,healthy,healthy,0.9999989
384e2bc95a853f47754dc2d9e7edcba9,"PV_data/Pepper,_bell___healthy/3e26a2d8-a7f6-4d3f-bcb7-63ab63b0ff39___JR_HL 8043.JPG",19,1,healthy,Bacterial_spot,0.9957966
6e183def943d778919970fb49112c25c,"PV_data/Pepper,_bell___healthy/41b94c99-7063-42dc-9ce7-22ff087317e9___JR_HL 7696.JPG",19,19,healthy,healthy,1.0
e892a9adebf7e98e3490d75e5269b3a1,"PV_data/Pepper,_bell___healthy/46b55f82-ee0c-4db8-98da-710f0423c1b9___JR_HL 8389.JPG",19,19,healthy,healthy,0.9999449
e06239d9c538edf78b354369d67b7d55,"PV_data/Pepper,_bell___healthy/4a014d71-25aa-47f4-b7cf-37dfd777b246___JR_HL 8433.JPG",19,19,healthy,healthy,0.9999927
4c75b00a5486df645534d5e4e027ae6e,"PV_data/Pepper,_bell___healthy/4a2df028-ffb3-4b00-a538-e69473c1101b___JR_HL 7567.JPG",19,19,healthy,healthy,0.99960315
b6986cff838bee2613b8b159bc1725bf,"PV_data/Pepper,_bell___healthy/4a5268b4-1614-4ea5-b973-72126fbfd7f2___JR_HL 8102.JPG",19,19,healthy,healthy,0.99999964
a908749f478723617172154739f9616a,"PV_data/Pepper,_bell___healthy/4cdfdfb8-1efa-4a4f-af25-1e968c3aa38c___JR_HL 7607.JPG",19,19,healthy,healthy,0.9999989
5f5abc604f44961036c517e419297ac3,"PV_data/Pepper,_bell___healthy/4d420109-050f-4d2a-a0c6-8f2bec2fe381___JR_HL 5951.JPG",19,19,healthy,healthy,0.9999486
3715b6a9bf978f65acef3a4539f517dc,"PV_data/Pepper,_bell___healthy/4e73e705-1163-43fc-ab6b-27207d9d37c6___JR_HL 8124.JPG",19,19,healthy,healthy,0.9999999
6d6f956a6b20e711b9cc5228ef0ac3c7,"PV_data/Pepper,_bell___healthy/4e9af7bf-96f5-4973-8470-0db94ef8e375___JR_HL 7896.JPG",19,19,healthy,healthy,0.9999994
795f8756ceee1f9fafaa57ce5f676404,"PV_data/Pepper,_bell___healthy/4eee40c4-029f-49eb-a918-1aeee490ccdf___JR_HL 8401.JPG",19,19,healthy,healthy,0.9998615
5ce9b4f6b5d93dd8b103d493ff8ab37a,"PV_data/Pepper,_bell___healthy/4fa781ca-8ec1-4446-82a6-c97751f91f71___JR_HL 8279.JPG",19,19,healthy,healthy,1.0
7deef713072dbe7002373666b5aafd03,"PV_data/Pepper,_bell___healthy/508ca47c-f3f9-4e1e-a9e8-759de2d45471___JR_HL 8678.JPG",19,19,healthy,healthy,0.9998795
04ee842d979dcd8d3def5a8db963034c,"PV_data/Pepper,_bell___healthy/51d2789e-a52a-4f5b-a1fa-20ae9267df78___JR_HL 8130.JPG",19,19,healthy,healthy,0.9999871
f4bf8b3676d08a52e97342856e0da896,"PV_data/Pepper,_bell___healthy/51e49986-3954-472f-8504-a95452b0fc88___JR_HL 7666.JPG",19,19,healthy,healthy,1.0
44f1fd2dbd88e7a3e5d07bb402853515,"PV_data/Pepper,_bell___healthy/52197c22-7ca0-4ec1-b1b1-c91b4f5aba8e___JR_HL 8085.JPG",19,19,healthy,healthy,1.0
dd9b38fc24d610545d0f0b21bc19dbff,"PV_data/Pepper,_bell___healthy/52fd227a-51d0-46ec-87c2-c5a0833f07c9___JR_HL 8529.JPG",19,19,healthy,healthy,0.9999893
94333ade0c6222fcf1a8d07f900c533b,"PV_data/Pepper,_bell___healthy/540efd70-a3a8-4c12-8414-a8825c6c6ae6___JR_HL 7978.JPG",19,19,healthy,healthy,1.0
c8177c9a3d2118d3e5ca2601291d5e6a,"PV_data/Pepper,_bell___healthy/558a9812-6f13-4355-a6df-35ef89444b8e___JR_HL 7817.JPG",19,19,healthy,healthy,0.9999988
ac78e2dd3bc010ee4ad3481e6ffaa98c,"PV_data/Pepper,_bell___healthy/55d17ef7-3f98-47a9-83dd-60c83a38902d___JR_HL 7928.JPG",19,19,healthy,healthy,0.9999826
a4569dc82946af348a0174b1e0d0e428,"PV_data/Pepper,_bell___healthy/57205d1c-04ed-4af8-a011-8b1beabb8295___JR_HL 5845.JPG",19,19,healthy,healthy,0.9956926
8effe8dda94d28bcd629dc9ee974874d,"PV_data/Pepper,_bell___healthy/59d51855-3e02-4082-817a-b62184efadc3___JR_HL 8849.JPG",19,15,healthy,Spider_mites Two-spotted_spider_mite,0.5470118
4dbb4c0042e9fd67377882b7dd1df3d5,"PV_data/Pepper,_bell___healthy/5af94784-1208-4c66-b95d-5743128bde63___JR_HL 7711.JPG",19,19,healthy,healthy,1.0
de84a68310cc1b6815dddddd2ebe6eee,"PV_data/Pepper,_bell___healthy/5d0dec6f-047f-4049-b9fb-0d3842d6a5cb___JR_HL 8530.JPG",19,19,healthy,healthy,0.9999999
46c0c7970f7e447fbbb4fec2f5b95385,"PV_data/Pepper,_bell___healthy/5d99044d-1316-4808-9580-770052a59c46___JR_HL 5876.JPG",19,19,healthy,healthy,0.9999918
371cc521253d0b6398ad6a805c506f50,"PV_data/Pepper,_bell___healthy/5ea016e4-284f-45ac-b9da-60d4ac5141e4___JR_HL 7987.JPG",19,19,healthy,healthy,0.9999614
f2722c77c60214122c498c2185bd641b,"PV_data/Pepper,_bell___healthy/5ea0d081-386e-4acf-9986-86112d1993ff___JR_HL 8373.JPG",19,19,healthy,healthy,0.99947786
926eed6e9ca6fda2c821aef8c67363f0,"PV_data/Pepper,_bell___healthy/5eb3b605-abc6-472a-a8bb-11c6533f2306___JR_HL 7840.JPG",19,19,healthy,healthy,0.9999999
c1bd5f97f47eb6b51bff1ae24db2decc,"PV_data/Pepper,_bell___healthy/5ee3b3d6-51d7-4106-a7be-c194dd0b762a___JR_HL 7656.JPG",19,19,healthy,healthy,0.99992967
12c5a89794ec0498f1a6f4e5d752c730,"PV_data/Pepper,_bell___healthy/615f1ae8-e24a-467c-93eb-c4dd352e3f50___JR_HL 7767.JPG",19,19,healthy,healthy,0.99999833
eb3fa9100e63864b2d511b3c032f2328,"PV_data/Pepper,_bell___healthy/6189bc8c-6309-4692-8fa2-efe95f3c27d1___JR_HL 7802.JPG",19,19,healthy,healthy,0.9999999
07ee591c9116b8eaecad913e687dd7ff,"PV_data/Pepper,_bell___healthy/62e9114f-1382-48c5-a829-ac7527e5f10f___JR_HL 7993.JPG",19,1,healthy,Bacterial_spot,0.60626525
89be1106ad5b38814c40b5f128da6047,"PV_data/Pepper,_bell___healthy/64198e06-2fa0-4b31-87bb-a78723959f8d___JR_HL 5989.JPG",19,19,healthy,healthy,0.9999316
6ffda740e48d136b78a26ad18828cfc0,"PV_data/Pepper,_bell___healthy/6526a25c-f7ee-42ac-8a8a-d24a0a067218___JR_HL 8161.JPG",19,19,healthy,healthy,0.99997926
fd245263614bad012b06bb693a446402,"PV_data/Pepper,_bell___healthy/664d7802-d1ee-4095-ac6a-61bd3e2f1c13___JR_HL 8666.JPG",19,19,healthy,healthy,0.99999917
8f117c93f3b42690052bbade8a0c7e76,"PV_data/Pepper,_bell___healthy/66df6879-50e4-4aba-8088-7f038a9b7ad1___JR_HL 8831.JPG",19,19,healthy,healthy,0.9999299
bb5ac74d5a3e12d9017f64e98b2701ee,"PV_data/Pepper,_bell___healthy/683ad8ea-9475-4351-b419-3b2bf6cdc026___JR_HL 8363.JPG",19,19,healthy,healthy,0.9967006
4291f52763e95aa688b0b9b473a33cfd,"PV_data/Pepper,_bell___healthy/68bf32ff-b8b9-4412-a83e-a21ba49fe025___JR_HL 8771.JPG",19,19,healthy,healthy,0.9973658
a8b1858d4a45c4a4dc750b3dcdb4b2cc,"PV_data/Pepper,_bell___healthy/6af0dc26-87c3-4eef-be98-8c6741a8f94d___JR_HL 8735.JPG",19,19,healthy,healthy,0.9999988
d0a8e46993cd284ebe352d6cc75d63a8,"PV_data/Pepper,_bell___healthy/6c0c92fd-591b-4ecf-90b0-0eec3513dce3___JR_HL 8788.JPG",19,19,healthy,healthy,0.99999976
92e4710a4652b6868aea9612e77ac8af,"PV_data/Pepper,_bell___healthy/6c8f7323-5d71-44d3-8d30-825f91de854a___JR_HL 7577.JPG",19,19,healthy,healthy,0.99999964
c11fc9709782a760791ade05a94e8167,"PV_data/Pepper,_bell___healthy/6e9949e7-6036-4db1-a3a7-e9b78097146f___JR_HL 5964.JPG",19,19,healthy,healthy,0.99997723
0d646d5e28a4b61cd632d2f6facfced0,"PV_data/Pepper,_bell___healthy/6ede0514-f306-48fd-ba90-efb0ac8f28dd___JR_HL 8195.JPG",19,19,healthy,healthy,0.9999448
cce516f32326628be55f3691043c42e3,"PV_data/Pepper,_bell___healthy/7267607f-acf4-40fb-b691-e46ade9b87c9___JR_HL 8758.JPG",19,19,healthy,healthy,0.99999857
d3e002792730afbbd304419a3516372a,"PV_data/Pepper,_bell___healthy/73ac9ebe-2f3f-455e-8ae7-750b3be4a7f6___JR_HL 8532.JPG",19,19,healthy,healthy,0.99999416
9ecf33194a30b51fd6612555558b2ff2,"PV_data/Pepper,_bell___healthy/74757941-c844-4b45-9eb5-b8cf04cb779d___JR_HL 5842.JPG",19,19,healthy,healthy,0.9999473
7c924291196df80606518705406eabbf,"PV_data/Pepper,_bell___healthy/78f06e4b-4bfa-4b29-bdbd-56fde223ff4e___JR_HL 7976.JPG",19,19,healthy,healthy,0.99999857
a5b18c373bed31289bff661d316da0c3,"PV_data/Pepper,_bell___healthy/79052190-9b72-4a0c-ae70-ac468d89b3fb___JR_HL 8150.JPG",19,19,healthy,healthy,0.9999993
a53c4198fb1936a427a7893db3b5bfd5,"PV_data/Pepper,_bell___healthy/7a4be7ca-f56e-483e-b4e3-cf5ed0759a42___JR_HL 8078.JPG",19,19,healthy,healthy,0.9999999
64614de34ff8ebae34082c36d186b569,"PV_data/Pepper,_bell___healthy/7c95b0e8-b8df-4312-aca8-51d4731e7c1e___JR_HL 8899.JPG",19,19,healthy,healthy,0.9997638
243e22eff5626fbbe1afc5ca5f05c6c4,"PV_data/Pepper,_bell___healthy/7cad85ff-b760-4440-b81e-e25fec79afbd___JR_HL 7709.JPG",19,19,healthy,healthy,0.99999857
2dc36ef3be61089359aa592fbabc92f2,"PV_data/Pepper,_bell___healthy/7da6a94b-14ac-4fd8-9a26-33be1c09d411___JR_HL 8789.JPG",19,19,healthy,healthy,0.9999999
f16c3c0da43c65397543ba5c70f197b3,"PV_data/Pepper,_bell___healthy/7dbe2d75-e326-40fb-a754-0e04ba468883___JR_HL 8320.JPG",19,19,healthy,healthy,0.9999496
77c0a6bf8d144101ee980632c90c808a,"PV_data/Pepper,_bell___healthy/7e48d50d-d877-4b5d-9aad-6a451e0ba067___JR_HL 8103.JPG",19,19,healthy,healthy,0.9999999
0853f7bae0302374ec13f353053878b3,"PV_data/Pepper,_bell___healthy/7ec579ba-10b2-473e-825f-8a4254d98ded___JR_HL 7901.JPG",19,19,healthy,healthy,0.93863237
d94a91da9f69c83bd9d754fccbc23f59,"PV_data/Pepper,_bell___healthy/7ed4a087-3cef-4012-8450-18c0487362da___JR_HL 8434.JPG",19,19,healthy,healthy,0.9999944
454b384469a131f096f80e3c6e264022,"PV_data/Pepper,_bell___healthy/7f972870-1c00-4e0c-bc1e-53cd97acb2d5___JR_HL 7700.JPG",19,19,healthy,healthy,0.9999989
32d0dd7550c29f07311877513e3dc214,"PV_data/Pepper,_bell___healthy/8005d2e1-d9db-4671-9d00-4fc6e12704fe___JR_HL 8327.JPG",19,19,healthy,healthy,0.9999887
dfbc04f0606f30c439e7f77166e9b967,"PV_data/Pepper,_bell___healthy/8485a59c-2014-49e9-bed5-7581cb9fcd84___JR_HL 8319.JPG",19,19,healthy,healthy,0.99997544
882547ea805489ee583b3b8ce5757bcd,"PV_data/Pepper,_bell___healthy/84a2db83-35aa-48cb-8d75-d8f9e3a5c0b3___JR_HL 8361.JPG",19,19,healthy,healthy,0.99999857
8343715bf329a80bf452c85b170df5cb,"PV_data/Pepper,_bell___healthy/85bf3b78-72e9-4e2a-8f7c-b330b36170ab___JR_HL 5981.JPG",19,19,healthy,healthy,0.9997809
c53e7610cca0a0fbdaab8ce628670c0c,"PV_data/Pepper,_bell___healthy/871be79b-b1f0-42a1-9833-2d8b45cc18d9___JR_HL 8356.JPG",19,19,healthy,healthy,0.9999999
943f781fdd3e6b6d239fd8e6bf937d2c,"PV_data/Pepper,_bell___healthy/87c36fb4-0ad9-4386-8324-25e21df2a7d4___JR_HL 8547.JPG",19,19,healthy,healthy,1.0
ee511a57a28208a8af600b2e441abf69,"PV_data/Pepper,_bell___healthy/88e440d8-6cea-4146-98d9-29c0ade1b88f___JR_HL 7927.JPG",19,19,healthy,healthy,0.99999976
85c1384e73da16ad7fe27eeb5e3d7999,"PV_data/Pepper,_bell___healthy/89af662a-f923-49c8-b99a-9cdfa4a8ba32___JR_HL 7790.JPG",19,19,healthy,healthy,1.0
7ad40e8ffb12cfe37d843eddf14429ac,"PV_data/Pepper,_bell___healthy/8a2881b1-f331-442d-9c3b-95695b020909___JR_HL 8557.JPG",19,19,healthy,healthy,0.99997663
773b27de3ea7fb328fd35a5b7fba0243,"PV_data/Pepper,_bell___healthy/8bd3df6b-9344-49ee-8597-776ba6b54317___JR_HL 8404.JPG",19,19,healthy,healthy,0.9941192
cb812621cfe03afc45b1068a81aefed8,"PV_data/Pepper,_bell___healthy/8da449fa-7fa0-4be4-80d0-e86713eb8e7a___JR_HL 8198.JPG",19,19,healthy,healthy,0.9999994
10769b832fdc51e9669d12ef02965c9e,"PV_data/Pepper,_bell___healthy/8df9ced4-88b2-496e-8988-b82f7e94c103___JR_HL 7671.JPG",19,19,healthy,healthy,0.9999919
baa11901c766fcde9f23ab913ffc89d1,"PV_data/Pepper,_bell___healthy/8e72a5ec-554d-4e13-a8ff-19f9177037eb___JR_HL 5896.JPG",19,19,healthy,healthy,0.9999968
6298a1ba9f2bbf15fcf275777237f9ca,"PV_data/Pepper,_bell___healthy/8f22c1c0-6cbe-4fa3-9fe1-2752685622d1___JR_HL 7570.JPG",19,19,healthy,healthy,0.999998
5003b67a18eed0b581cc9939b83a7488,"PV_data/Pepper,_bell___healthy/8fb9b07b-4ffb-4b5b-b402-4a830a8f05e7___JR_HL 8449.JPG",19,19,healthy,healthy,0.99999845
afdb4e57905783ec3c07fb5a5a8f670e,"PV_data/Pepper,_bell___healthy/90e840e0-3b8c-4100-8340-ef0ed67e5972___JR_HL 8367.JPG",19,19,healthy,healthy,0.9999745
ed385987eaccef3697bc28909b4ec8ee,"PV_data/Pepper,_bell___healthy/91cb4421-e15b-4125-a854-d1d2c65b1267___JR_HL 5936.JPG",19,19,healthy,healthy,0.9999958
ef92906250df717698c24d83cf0687c9,"PV_data/Pepper,_bell___healthy/95568ba3-79c0-462c-9416-c65610d1f737___JR_HL 8482.JPG",19,19,healthy,healthy,0.9999876
7cf4131f09b5cff236ba5f501f6da928,"PV_data/Pepper,_bell___healthy/967bda4f-47e2-4182-8d6b-3cc5cb613166___JR_HL 8614.JPG",19,19,healthy,healthy,0.9999999
4d71551d7ee660fd6fef80837ee4ab1e,"PV_data/Pepper,_bell___healthy/96c6b91d-dbd3-4c64-8280-30e72cad1bff___JR_HL 8619.JPG",19,19,healthy,healthy,1.0
cf3c57c53ad89ac341a413064271be63,"PV_data/Pepper,_bell___healthy/96d849a9-9448-4832-980a-b4b7ec1a32ae___JR_HL 8293.JPG",19,19,healthy,healthy,0.99987113
e99b647c9fe0145df945cad8c4177553,"PV_data/Pepper,_bell___healthy/978258d9-3b2f-4368-80aa-3288d2e40b7f___JR_HL 7632.JPG",19,19,healthy,healthy,0.99999976
b156c6fad0ea199b217204133711a376,"PV_data/Pepper,_bell___healthy/97cecbac-8471-4dca-b022-05819d2eed35___JR_HL 8885.JPG",19,19,healthy,healthy,1.0
9443577564191a0d4ca80240fdf8e5dc,"PV_data/Pepper,_bell___healthy/9915883a-fcc4-457a-bcc3-404fd25ba386___JR_HL 7605.JPG",19,19,healthy,healthy,0.9999993
4f96db9057b1fd74563f5ff5ea54f87f,"PV_data/Pepper,_bell___healthy/9a9d4bac-388f-4d06-8b36-8c6734832755___JR_HL 5987.JPG",19,19,healthy,healthy,0.9993364
64e7496ef0c8a08b7fa38c20649e8cba,"PV_data/Pepper,_bell___healthy/9ae3484d-54c9-431d-ae40-59729ca60af8___JR_HL 8634.JPG",19,19,healthy,healthy,0.9999745
12193e1b27fc0933c11127b03c03f8b4,"PV_data/Pepper,_bell___healthy/9afc1466-639b-4652-ac11-5ae5278922fc___JR_HL 5913.JPG",19,19,healthy,healthy,0.9997205
29e3fa5b921c6f8845317a68e7692940,"PV_data/Pepper,_bell___healthy/9bdb797d-83c7-4b43-a148-745885d5ae2b___JR_HL 8153.JPG",19,19,healthy,healthy,0.9999999
7c42afad690d5ca62ac5fa1db4988dd8,"PV_data/Pepper,_bell___healthy/9d5afa2f-31ed-4f5b-aba4-f1f9725f97ef___JR_HL 7655.JPG",19,19,healthy,healthy,0.9999993
6dbebeac09204052ad345efb01e19ee6,"PV_data/Pepper,_bell___healthy/9e17a7df-6284-467f-b223-33b0d06d0a81___JR_HL 5973.JPG",19,19,healthy,healthy,0.9563174
c9dd38b3fff29affbcebaa526af4b191,"PV_data/Pepper,_bell___healthy/9f294825-ea53-4dba-b8a7-d1cb9a4fa8c2___JR_HL 7934.JPG",19,19,healthy,healthy,0.99998426
d7e87abcc5db8633f150da5cda99c3bf,"PV_data/Pepper,_bell___healthy/a0e415ac-6532-4648-ac52-3cb0c8c544ed___JR_HL 8071.JPG",19,19,healthy,healthy,0.9999988
83c302b65ddc8b00158e07efd8397b06,"PV_data/Pepper,_bell___healthy/a146fbd3-c5c4-4de5-96e0-95a3163fb95a___JR_HL 5860.JPG",19,19,healthy,healthy,0.9999999
d98860822ee45b3de35dd18f9f64324f,"PV_data/Pepper,_bell___healthy/a4323d53-447d-45df-9733-5bf958108d10___JR_HL 5974.JPG",19,19,healthy,healthy,0.9999933
ad4f69eee3491cb7431e70f5d73b7cda,"PV_data/Pepper,_bell___healthy/a53a0c02-3353-40c3-98ee-e4e9d7432b19___JR_HL 8760.JPG",19,19,healthy,healthy,0.9999982
8535a544a62fdd7ab99a0a0c4109acec,"PV_data/Pepper,_bell___healthy/a583c3b4-1a4b-4409-b544-ec8f2a531efd___JR_HL 8108.JPG",19,19,healthy,healthy,0.9999355
cad903eac1bf2207324ddb0131111e24,"PV_data/Pepper,_bell___healthy/a75f1c24-d102-4283-8033-dade69c87c04___JR_HL 5834.JPG",19,19,healthy,healthy,0.99999666
8bb8b9657f2c903cae4ccbfcff6251cd,"PV_data/Pepper,_bell___healthy/a7766fc4-117e-4e48-bc2d-e2639512ad69___JR_HL 7957.JPG",19,19,healthy,healthy,0.99999654
0908e4ceb6cf0c403d16a4846ac1b040,"PV_data/Pepper,_bell___healthy/a87fefe4-6f62-46e2-90b9-273ba9997ed1___JR_HL 8292.JPG",19,19,healthy,healthy,0.9999949
b71eb51d7dea31b1d4a722841d049b93,"PV_data/Pepper,_bell___healthy/aa2fb7e9-0695-4868-9f85-bd0e912fee30___JR_HL 8762.JPG",19,19,healthy,healthy,1.0
f8f05c6414cd0a6edeee9b129254c7f9,"PV_data/Pepper,_bell___healthy/ab429711-fce5-4ae7-a8d0-7a2db40da25d___JR_HL 8014.JPG",19,19,healthy,healthy,0.99999976
b7835c87d73e79d062b27ff2e8d767e7,"PV_data/Pepper,_bell___healthy/ac4bb042-f8bc-42cc-91b4-76d4287bdc25___JR_HL 8700.JPG",19,19,healthy,healthy,0.99999666
38543a7b07c1eaa578bc132f0d92a421,"PV_data/Pepper,_bell___healthy/ad1303c4-8c71-484d-aa80-2f43e8cce03d___JR_HL 8207.JPG",19,19,healthy,healthy,1.0
b768d53146ea21505dde8853ce29ab34,"PV_data/Pepper,_bell___healthy/ad4d5ac8-0cea-4d31-8108-3d6c6977bbc3___JR_HL 8138.JPG",19,19,healthy,healthy,0.8488789
1733e59622db9bc22801498b1a39b4b4,"PV_data/Pepper,_bell___healthy/ada9a8bc-c0a4-4adb-bedd-a6c6a5138ff0___JR_HL 5900.JPG",19,19,healthy,healthy,0.9999962
5aff1d20369507294ff7c8590d410081,"PV_data/Pepper,_bell___healthy/aef76e6b-3245-4653-887a-a64d76a93bb8___JR_HL 8042.JPG",19,19,healthy,healthy,0.96728224
42c58ca65391643a1cf7a759559c61d4,"PV_data/Pepper,_bell___healthy/b1b97da5-2df5-4530-913a-721a35881ebf___JR_HL 8877.JPG",19,19,healthy,healthy,1.0
9b42a273ee2711065e22de5072f29553,"PV_data/Pepper,_bell___healthy/b3f830ee-a2b4-4e58-8f76-4c11c315c31e___JR_HL 5911.JPG",19,19,healthy,healthy,0.9998542
c28cdb23a32c44d403a0fa25af3129b9,"PV_data/Pepper,_bell___healthy/ba49d658-9f89-4b8e-9cba-6f3ae0e03315___JR_HL 8220.JPG",19,19,healthy,healthy,1.0
7490bb726e3fdf36233ddf0117cf3599,"PV_data/Pepper,_bell___healthy/bc388512-fc59-4069-bae0-05faca671d1e___JR_HL 8362.JPG",19,19,healthy,healthy,0.8928064
437daf16e4b7df0707b04a15f2f67ab1,"PV_data/Pepper,_bell___healthy/bc657708-c1f4-4247-8343-b6976c39fc97___JR_HL 8526.JPG",19,19,healthy,healthy,1.0
cb13bcdb8d8dee03e1384d52d3c56241,"PV_data/Pepper,_bell___healthy/bcc57d25-c93c-4fa1-8df7-bdb4ae717233___JR_HL 8259.JPG",19,19,healthy,healthy,0.99999917
f8e76a35224d9e7fd30fab277c5a73a8,"PV_data/Pepper,_bell___healthy/be34960a-dd60-446d-80bd-7a01ba58baae___JR_HL 5820.JPG",19,19,healthy,healthy,0.9999963
cfca26311fd4cd06903b15253350f8d7,"PV_data/Pepper,_bell___healthy/be7c775f-b1d7-4a56-b815-afac3d69bd9e___JR_HL 7818.JPG",19,19,healthy,healthy,0.9999993
27e409448d86f8852da525f931095aab,"PV_data/Pepper,_bell___healthy/c2313033-b139-487e-92c2-86b8c8f91d8e___JR_HL 8902.JPG",19,19,healthy,healthy,0.9998895
6b5a92d7bea48cda006eb45657659d12,"PV_data/Pepper,_bell___healthy/c24934a1-721e-4806-ae72-fa6df4cf6ab7___JR_HL 8238.JPG",19,19,healthy,healthy,0.99999976
849cfb9eab9ca37bba50818932692b2e,"PV_data/Pepper,_bell___healthy/c2f8abd1-8015-488a-82b9-de19d8f9abc0___JR_HL 8031.JPG",19,19,healthy,healthy,0.9999999
e078714ceae68a5e1ba17e078b079ab5,"PV_data/Pepper,_bell___healthy/c3449e24-b627-4a73-8e1a-ada5aeb1765d___JR_HL 8070.JPG",19,19,healthy,healthy,0.99999857
4b1b73888f0aea0bac9a9a7143227d0c,"PV_data/Pepper,_bell___healthy/c37bde81-1157-4dd0-ae96-2b1073c8bcb8___JR_HL 8656.JPG",19,19,healthy,healthy,0.99999225
c498b8d0c6f55ce71fb241d223d36897,"PV_data/Pepper,_bell___healthy/c45e7f1e-c3cf-4615-ae58-2c7c9e69b37b___JR_HL 7970.JPG",19,19,healthy,healthy,0.9999995
93992e388880eae7c94f6a2834182440,"PV_data/Pepper,_bell___healthy/c6a65a3f-c1cc-419f-9c44-50dcacf560b0___JR_HL 8298.JPG",19,19,healthy,healthy,0.9999765
a4b2618d23418100c2dc0f48a4ce2b5d,"PV_data/Pepper,_bell___healthy/c8337e7c-809b-4038-98c6-3144d1838c59___JR_HL 7686.JPG",19,19,healthy,healthy,1.0
9a0ac3a7f3c3acc8e9514506d3cff095,"PV_data/Pepper,_bell___healthy/c84c6a2f-a674-4675-901c-84723b014de1___JR_HL 7788.JPG",19,19,healthy,healthy,0.9999914
daec021098c6abfaa5e70a3dfffa0428,"PV_data/Pepper,_bell___healthy/c8c24f99-957d-4711-92b5-37520cabb5d3___JR_HL 8023.JPG",19,19,healthy,healthy,0.9999987
1275ca568609a5567c0b507a4c7c5430,"PV_data/Pepper,_bell___healthy/ca1cc01b-2a40-4d7a-994c-307c8e82e745___JR_HL 8392.JPG",19,19,healthy,healthy,0.99999785
2662e2f75295d2af5cbfcf2efca472c1,"PV_data/Pepper,_bell___healthy/ca8ef249-eb56-438f-acf0-17e0104b16ec___JR_HL 8231.JPG",19,19,healthy,healthy,0.9999957
fcacf5eebee80333db844bbc48ad4913,"PV_data/Pepper,_bell___healthy/cac7a135-d3d1-4151-baa6-8288c6903423___JR_HL 7556.JPG",19,19,healthy,healthy,0.99999833
a58bcfe7dfbe8f813b9af2a72dd494eb,"PV_data/Pepper,_bell___healthy/cba6d9b4-3450-4f61-aa77-ffd855dc2b09___JR_HL 8749.JPG",19,19,healthy,healthy,0.99982035
42f6d9c371de6e8f14ce53fd1050bb19,"PV_data/Pepper,_bell___healthy/cbdca8a1-7822-472a-bc6f-a67a7a142dc0___JR_HL 8768.JPG",19,19,healthy,healthy,0.9999745
671d7d9afac330b26cec75d83845125a,"PV_data/Pepper,_bell___healthy/cc1da016-287b-4669-aceb-2dd35cd0d78a___JR_HL 7698.JPG",19,19,healthy,healthy,1.0
b3c6f74456781c986daca5838921d3bd,"PV_data/Pepper,_bell___healthy/cebc8525-5beb-45d4-b42b-2e3b3f4fa59e___JR_HL 7673.JPG",19,19,healthy,healthy,0.9999999
ec0dafdbfa9202ef6be815c92f100ab1,"PV_data/Pepper,_bell___healthy/cec3cfff-3d00-46cf-8a8e-b7438ec7901e___JR_HL 7810.JPG",19,19,healthy,healthy,0.99998784
2f2c524bc96ec5a47d188c897f70da03,"PV_data/Pepper,_bell___healthy/cf20e2a9-f2d3-41de-8950-6fb1c8fc2875___JR_HL 8707.JPG",19,19,healthy,healthy,0.99917895
7ad4d327e3df26527ccaef6dc0780fc7,"PV_data/Pepper,_bell___healthy/cf507d7d-0635-4123-8988-fcd92ed17d76___JR_HL 7968.JPG",19,19,healthy,healthy,0.9999639
a0df935339efc9878f9811dc3ebe449a,"PV_data/Pepper,_bell___healthy/cf940691-feea-41e4-95e6-9eb77af713d4___JR_HL 8439.JPG",19,19,healthy,healthy,0.9999982
669043d9d2da189b85842b53aa4c158f,"PV_data/Pepper,_bell___healthy/cfbbeb79-9aba-4011-ba99-470509286459___JR_HL 5826.JPG",19,19,healthy,healthy,0.9998183
fe3c21a0465038ffef2dc63b47555880,"PV_data/Pepper,_bell___healthy/d001c6f1-3c5a-470b-b4a2-7996b9c68cd6___JR_HL 7695.JPG",19,19,healthy,healthy,0.99999976
036fbf33c57d21b9442f5c4fc88a2e67,"PV_data/Pepper,_bell___healthy/d00322d6-55cb-43fb-9685-927c6939736b___JR_HL 7903.JPG",19,19,healthy,healthy,0.9926646
1977256818d21cd2b2a975618b4a5432,"PV_data/Pepper,_bell___healthy/d221a778-23fd-4c43-b02f-aee1bff4d828___JR_HL 8021.JPG",19,19,healthy,healthy,0.9999713
d97ac9dff4c1a2dd3e57760b24ef487a,"PV_data/Pepper,_bell___healthy/d3116654-623a-426d-8afe-76a156977de6___JR_HL 7789.JPG",19,19,healthy,healthy,1.0
e93738314f6852f9283652f06a3b0a7b,"PV_data/Pepper,_bell___healthy/d59ef8c1-e6e7-44ea-8ada-36431c44c3c6___JR_HL 7648.JPG",19,19,healthy,healthy,0.99999976
76861c368f6a3d01cf8e3d8872bdb713,"PV_data/Pepper,_bell___healthy/d5c1285f-07eb-447c-b606-ff6c9d1398ad___JR_HL 8263.JPG",19,19,healthy,healthy,0.9999949
ec602c61d9bbce7f8d4d447041a6e0a9,"PV_data/Pepper,_bell___healthy/d9078c6d-9a57-43d5-bd00-e2a7fd93f881___JR_HL 8738.JPG",19,19,healthy,healthy,0.99999976
e395ef20402054e037e1fbf7392f8ea0,"PV_data/Pepper,_bell___healthy/d93780fa-76b4-46ff-b182-36fe7181e2b3___JR_HL 8894.JPG",19,19,healthy,healthy,0.9999987
806c76a92e30cdf06c65bf3a6577bb84,"PV_data/Pepper,_bell___healthy/da6be4a5-51ff-4bea-894e-9c5d1d3f699d___JR_HL 8205.JPG",19,19,healthy,healthy,0.9999999
8fdee1c29be412db48e511fa41cdb5ae,"PV_data/Pepper,_bell___healthy/da84d53c-1306-4823-99b5-abfe3e184b7f___JR_HL 7691.JPG",19,19,healthy,healthy,1.0
22430d71aeeff60ac00a2f12919eb338,"PV_data/Pepper,_bell___healthy/db1e3abc-d083-45a8-a9eb-d9f6247d17fc___JR_HL 7734.JPG",19,19,healthy,healthy,0.9999329
57f2faab6474b6d3ef21173400b26aa6,"PV_data/Pepper,_bell___healthy/dbe9b4f1-d676-42fc-abca-8cf6fe58eda7___JR_HL 8516.JPG",19,19,healthy,healthy,0.99999905
97de13fdedaac2a9978dbf1e91532fa2,"PV_data/Pepper,_bell___healthy/dc7bc940-f9ee-48ae-82da-3e8921e8b298___JR_HL 5831.JPG",19,19,healthy,healthy,0.99999964
0014ac379f7dbd5d2179085e7b013811,"PV_data/Pepper,_bell___healthy/dc9bcd28-1f28-430c-9f05-9895174a2805___JR_HL 5975.JPG",19,19,healthy,healthy,0.9973008
9b0b3757e5de6001f25cbd4fcbdcdc46,"PV_data/Pepper,_bell___healthy/dde55e95-3794-4046-aefd-685d2e8dafc9___JR_HL 8602.JPG",19,19,healthy,healthy,1.0
ecfa8559da98c02ff8dd10ac7a66c249,"PV_data/Pepper,_bell___healthy/de022e24-cd3f-4bf0-a009-85ee86f75bb6___JR_HL 7651.JPG",19,19,healthy,healthy,1.0
092e1e4d533eb5d4f29cbccbfe7489a6,"PV_data/Pepper,_bell___healthy/de8f27ad-c53f-4481-affe-174d3690d559___JR_HL 8562.JPG",19,19,healthy,healthy,0.9999404
bd31ffdbc15fea742c6968f60afc9e0a,"PV_data/Pepper,_bell___healthy/df451c9c-6b43-4ed7-9f21-9df981439c8e___JR_HL 8253.JPG",19,19,healthy,healthy,1.0
5f4d23f3987b9e28cbbfb5b8c1d7a5c2,"PV_data/Pepper,_bell___healthy/df911e7c-0200-4e05-9076-6c40141bcbab___JR_HL 8273.JPG",19,19,healthy,healthy,0.9999734
83e8918627f848691e0bcd1390b82512,"PV_data/Pepper,_bell___healthy/e0333fd4-c11b-40f0-ab25-77de17fe3f0f___JR_HL 8018.JPG",19,19,healthy,healthy,0.9999995
0f245d15aaface2f5d03b6290537fb64,"PV_data/Pepper,_bell___healthy/e6a3e0cb-e1d4-4440-9440-f0b4f489ecc4___JR_HL 8742.JPG",19,19,healthy,healthy,0.9999994
d308f3ca0bd69201c6c963920558bdce,"PV_data/Pepper,_bell___healthy/ebabe289-fbfb-47a1-a8a6-e3ea7fc409d7___JR_HL 8189.JPG",19,19,healthy,healthy,0.99988115
14c37c64808123fa6059caff1ed3ca2f,"PV_data/Pepper,_bell___healthy/ec7ed2b4-40e4-4b95-8728-70472c7fc459___JR_HL 8723.JPG",19,19,healthy,healthy,0.99999857
51f3300c1bbf80849a3687086f1540f3,"PV_data/Pepper,_bell___healthy/ee42aa43-86bf-418d-8716-3cc8c710a0b3___JR_HL 8337.JPG",19,19,healthy,healthy,0.99999976
8d89331ad03aa4447ca0493b50285bc3,"PV_data/Pepper,_bell___healthy/ee4400a9-c4f6-432d-985a-ff8dc730467b___JR_HL 7620.JPG",19,19,healthy,healthy,0.9999666
55804aa56a589ed0807814d9d0167810,"PV_data/Pepper,_bell___healthy/ee475461-4920-4243-bacd-7a2aa297c80e___JR_HL 7611.JPG",19,19,healthy,healthy,0.9999995
9956633e5e614dbc81298cf062e14963,"PV_data/Pepper,_bell___healthy/ee6fd793-b4a9-42d4-8fed-0f4e40040a1d___JR_HL 8365.JPG",19,19,healthy,healthy,0.9991297
43913e33a23dd526ff87068d10d6dcb2,"PV_data/Pepper,_bell___healthy/ef91d789-9549-42a6-b48e-7695ccd64a1f___JR_HL 7586.JPG",19,19,healthy,healthy,0.99999475
8cbc58b8aa71cc70b660e8b16a6d5a9f,"PV_data/Pepper,_bell___healthy/f064af9b-a2db-499b-9731-a4078a10bf6a___JR_HL 8898.JPG",19,19,healthy,healthy,0.99999833
08bdcb306ddaf8f93e6d464b317ca7be,"PV_data/Pepper,_bell___healthy/f102520d-aa05-452f-9c24-6e480d59112e___JR_HL 7750.JPG",19,19,healthy,healthy,0.9999863
5724dae4b51b0577092ad269ddb9282a,"PV_data/Pepper,_bell___healthy/f2cf1271-b257-452e-8c4f-1db1ff8babd5___JR_HL 5883.JPG",19,19,healthy,healthy,0.99835193
72ce8a139963b34d9fb3fb67392eed95,"PV_data/Pepper,_bell___healthy/f2eeb551-94e8-4ac2-a5de-4702e6349f42___JR_HL 8761.JPG",19,19,healthy,healthy,1.0
d2fd2139612bef1639c2d200b232e3d1,"PV_data/Pepper,_bell___healthy/f3c34e2d-5b85-44fc-96b6-e23cbae88046___JR_HL 7682.JPG",19,19,healthy,healthy,0.99999976
0938d9a1ec6666d658c316edf36c6066,"PV_data/Pepper,_bell___healthy/f42a7c9b-92e0-461b-b470-463a6f0b7aff___JR_HL 8747.JPG",19,19,healthy,healthy,0.99197364
63a69cae06536f8b2f82d68adc80feb1,"PV_data/Pepper,_bell___healthy/f457076f-aab1-496e-a4d8-9fefb1af279a___JR_HL 8754.JPG",19,19,healthy,healthy,0.9999999
a68691d6dcc98b93ef59346289d020e9,"PV_data/Pepper,_bell___healthy/f6cf7e4b-5a82-4383-818d-f68c887fb2c2___JR_HL 7746.JPG",19,19,healthy,healthy,1.0
2dc0703cfca6f711e222b6c625092780,"PV_data/Pepper,_bell___healthy/fa21e46a-f995-469d-9dc9-c6908c9a32c8___JR_HL 8375.JPG",19,19,healthy,healthy,0.9999949
4bd4f8b6d00153a9d7c589b4a463713c,"PV_data/Pepper,_bell___healthy/faac0cc4-4c25-4962-9a6d-6203a1b02af3___JR_HL 8415.JPG",19,19,healthy,healthy,1.0
139cd79a850863b0383554a8433b0fa9,"PV_data/Pepper,_bell___healthy/fce5fec3-2fc8-4a74-bedf-cd2f55eb3195___JR_HL 7920.JPG",19,19,healthy,healthy,1.0
a6e6c12b691dc5722aa27cbcb9798cb2,"PV_data/Pepper,_bell___healthy/fe0d5adf-1935-45a9-b2ff-37b00d7421f8___JR_HL 7737.JPG",19,19,healthy,healthy,0.9998857
9d130b6c9a5632a4230265d32d6f129c,"PV_data/Pepper,_bell___healthy/fef2be54-15b6-43ad-9d5e-7c30aebc0805___JR_HL 8892.JPG",19,19,healthy,healthy,0.99999297
56a8bb5e844571e47fd69509491ad38f,PV_data/Potato___Early_blight/02578b86-b234-4ac0-9bc3-691b5610e2bf___RS_Early.B 7562.JPG,6,6,Early_blight,Early_blight,0.99999976
5909491cc8c4c58455897405471219ad,PV_data/Potato___Early_blight/042135e2-e126-4900-9212-d42d900b8125___RS_Early.B 8791.JPG,6,6,Early_blight,Early_blight,1.0
6ee7b6321ada01ddaeb84bbc8aa1df80,PV_data/Potato___Early_blight/065fc68f-88c9-4fc3-b0a6-a6f5e1072eaa___RS_Early.B 7174.JPG,6,6,Early_blight,Early_blight,0.9999386
dfbd9487a209a9a91bc8f5ee682f71cc,PV_data/Potato___Early_blight/08194ca3-f0b2-4aaa-8df8-5ec5ddc6696a___RS_Early.B 8151.JPG,6,6,Early_blight,Early_blight,1.0
2ed010f08b04c5a262a478e42ec18533,PV_data/Potato___Early_blight/089fb289-4bea-48b6-a29a-3a1d268d9dd3___RS_Early.B 8081.JPG,6,6,Early_blight,Early_blight,0.999997
e3955f9eebda87e016de3e19bc83e174,PV_data/Potato___Early_blight/096f6928-24dd-4efd-acc6-b8246318676c___RS_Early.B 8970.JPG,6,6,Early_blight,Early_blight,0.9999336
7361362e9154e427026bd0ac2131a84d,PV_data/Potato___Early_blight/0bbb8bce-2020-416b-8bd6-c160c2db9921___RS_Early.B 8386.JPG,6,6,Early_blight,Early_blight,0.99999464
d4e8ab360b9bda43313529ce51a1699d,PV_data/Potato___Early_blight/0caf6a39-3f5f-4201-a4d7-3ea35fdf1303___RS_Early.B 6762.JPG,6,6,Early_blight,Early_blight,1.0
5c40322ca95e2fe9a072abb32038bd37,PV_data/Potato___Early_blight/0d2e2971-f1c9-4278-b35c-91dd8a22a64d___RS_Early.B 7581.JPG,6,6,Early_blight,Early_blight,0.9997634
0511d12345e9835cdbc29fb19bf9a333,PV_data/Potato___Early_blight/11e974fa-928f-45f6-b983-e74c74c7d163___RS_Early.B 7992.JPG,6,6,Early_blight,Early_blight,0.9999814
5c5a6afa6e1190d4f2deb64b06e9327c,PV_data/Potato___Early_blight/14efc692-8ac6-4bd8-a71a-943192d6831a___RS_Early.B 6841.JPG,6,6,Early_blight,Early_blight,0.99999976
55f9a57b77f5c84330347c5b4bb9d7d3,PV_data/Potato___Early_blight/15ab8118-01fb-4e9c-83a9-94ab224d6854___RS_Early.B 7962.JPG,6,6,Early_blight,Early_blight,1.0
56323432061f32c6424219520a834082,PV_data/Potato___Early_blight/16133ed7-f960-44a5-bd03-8e665e777363___RS_Early.B 7504.JPG,6,6,Early_blight,Early_blight,0.9998926
3f0224765c6540b946beef99810a509f,PV_data/Potato___Early_blight/16a6f216-6d2a-48fe-b8bc-ff385c96d0d3___RS_Early.B 7220.JPG,6,6,Early_blight,Early_blight,0.9997229
d5277e1bef3fdce0dfece299b65702c6,PV_data/Potato___Early_blight/17848019-6609-4cc9-b27b-c70b296ceb09___RS_Early.B 7049.JPG,6,6,Early_blight,Early_blight,0.99998903
beaf9da499dbce53b5e1491b61156d23,PV_data/Potato___Early_blight/1a2970b6-bafd-4812-93bc-57ff969e1045___RS_Early.B 7330.JPG,6,6,Early_blight,Early_blight,0.9999999
da27c2156ecf1ed58f6245d01104c08a,PV_data/Potato___Early_blight/1c4e0445-375a-4c5d-b6fd-6123d22f009f___RS_Early.B 7972.JPG,6,6,Early_blight,Early_blight,1.0
474eaeccdd71343547de828eee293832,PV_data/Potato___Early_blight/1d466431-007d-4b3b-bd45-b09f1a6f7bad___RS_Early.B 8932.JPG,6,6,Early_blight,Early_blight,0.9792031
e3955df43897c147ba71ab27eb59dd1e,PV_data/Potato___Early_blight/1d4fc5d0-fee6-40bf-8e7b-e1598ea64161___RS_Early.B 8912.JPG,6,6,Early_blight,Early_blight,1.0
529f004f6eca942a17e71792fb558a58,PV_data/Potato___Early_blight/1ff86a73-9f36-45c5-8012-c5d90445b7ac___RS_Early.B 8563.JPG,6,6,Early_blight,Early_blight,1.0
65709b3223ec5a6cbafd1954b6a15312,PV_data/Potato___Early_blight/201fed44-8dde-4ece-9e76-3706b8afdf46___RS_Early.B 8259.JPG,6,6,Early_blight,Early_blight,0.99966085
59c8093caedf2092c77f3bdaf4486cc3,PV_data/Potato___Early_blight/21ca5caf-147b-4a1a-a2da-edfc1c81b62e___RS_Early.B 8926.JPG,6,6,Early_blight,Early_blight,0.9795389
dfb976773392203b1e3370e30996ec30,PV_data/Potato___Early_blight/23546e04-7151-4dbd-95a1-687d963eb132___RS_Early.B 7402.JPG,6,6,Early_blight,Early_blight,0.9999901
455b3037b3631dee1603faace25178c0,PV_data/Potato___Early_blight/2356a4d6-8015-434e-a5f8-03197fef2c28___RS_Early.B 8139.JPG,6,6,Early_blight,Early_blight,1.0
691ce8ccba6149246143c1fa3bae2352,PV_data/Potato___Early_blight/25703c4f-ec40-4099-b249-a4fd07b07752___RS_Early.B 7040.JPG,6,6,Early_blight,Early_blight,1.0
bea93c7f4385ede8b6a9a1b6983b351d,PV_data/Potato___Early_blight/26f15c9c-5cbf-49c8-ac4e-c5b15d03e319___RS_Early.B 9022.JPG,6,6,Early_blight,Early_blight,0.99999917
a7c973c33cf6688e42e9dac5c23ea09b,PV_data/Potato___Early_blight/2a9d3616-0bf1-4d98-b649-0a46d36dab7c___RS_Early.B 6703.JPG,6,6,Early_blight,Early_blight,0.99970084
a11526015ae9d6e67470f306071f13e4,PV_data/Potato___Early_blight/2c0e712a-fb21-44b6-bbe1-7c67cec7b965___RS_Early.B 7084.JPG,6,6,Early_blight,Early_blight,0.99981666
a6ffda1fbb072205b0afc4eedfedaccc,PV_data/Potato___Early_blight/2cce6cd6-16c4-426f-84e6-2f3c192fac2c___RS_Early.B 8999.JPG,6,6,Early_blight,Early_blight,0.99999475
b3474c4641d72249ccc63ede98d50fcd,PV_data/Potato___Early_blight/33019904-ac3b-4083-a192-ce4092758ddd___RS_Early.B 8344.JPG,6,6,Early_blight,Early_blight,1.0
b6892264cd86735142f26d278682146b,PV_data/Potato___Early_blight/33d72b8e-ae59-4fd4-8c74-eaf342682b47___RS_Early.B 7884.JPG,6,6,Early_blight,Early_blight,0.9999832
30040d6f7cc56e57a7e836cef591a81f,PV_data/Potato___Early_blight/357b61ef-a56b-4207-aa26-161b0ef3e635___RS_Early.B 8492.JPG,6,6,Early_blight,Early_blight,0.9999963
2e3119cde45cf97aafc96018da5f7653,PV_data/Potato___Early_blight/38807f81-ce49-4978-916a-a6cd2a95bfb0___RS_Early.B 8397.JPG,6,6,Early_blight,Early_blight,0.9999999
c88bb184346a039f7ab8a901bd7f26db,PV_data/Potato___Early_blight/392c5f68-3ee5-4b61-90e9-afa16375beb8___RS_Early.B 8047.JPG,6,6,Early_blight,Early_blight,1.0
06f61383dd4dc03c1a875663b13d4d55,PV_data/Potato___Early_blight/3a314933-9e92-4c90-acc2-656a04c591e7___RS_Early.B 8906.JPG,6,6,Early_blight,Early_blight,0.9999995
5f6c94abfd61618a9674898a22a44345,PV_data/Potato___Early_blight/3a8429cf-f8a7-4f64-a435-ec4f1ad692c7___RS_Early.B 8990.JPG,6,6,Early_blight,Early_blight,0.9999198
746a61dfb3c59067d260a14c7113e874,PV_data/Potato___Early_blight/3e7543bc-4792-4b65-afd9-f9ccd52b7319___RS_Early.B 8571.JPG,6,6,Early_blight,Early_blight,0.9999937
6dd538bee768538f16c466476c00b0ac,PV_data/Potato___Early_blight/41cc6e70-9745-413d-b13d-c4775bcdfa7c___RS_Early.B 7610.JPG,6,6,Early_blight,Early_blight,1.0
54f3c05f675f17d8061839e573c8a33a,PV_data/Potato___Early_blight/45ecd7ac-7db9-49bf-b34d-ccd2e83123b0___RS_Early.B 6883.JPG,6,6,Early_blight,Early_blight,0.99999964
71f8815d27c2294901814de70ed8d14e,PV_data/Potato___Early_blight/46dc77f0-be88-4887-b1f7-82adff9aaa39___RS_Early.B 7750.JPG,6,6,Early_blight,Early_blight,1.0
ecfed1432620923627ae4c7fa9d67102,PV_data/Potato___Early_blight/4ab9d59b-57ee-4e22-a6bb-d8152710fd28___RS_Early.B 6857.JPG,6,6,Early_blight,Early_blight,1.0
e8eb4720b6bbe6bce721e380dce761ca,PV_data/Potato___Early_blight/4af8e9e9-077d-4c7b-859d-626f74d3b1ff___RS_Early.B 7738.JPG,6,6,Early_blight,Early_blight,1.0
30847817234471de90ca4e2095e464c7,PV_data/Potato___Early_blight/4d943ff8-e048-43c6-8861-4cdc6adab6a0___RS_Early.B 8726.JPG,6,6,Early_blight,Early_blight,0.99999976
740c6833b1f4c123dc6652854ef4b597,PV_data/Potato___Early_blight/4eb1fee6-e288-4c32-841d-9fc1d1824508___RS_Early.B 8446.JPG,6,6,Early_blight,Early_blight,0.9998882
feb615e926d4e81bc6abfde6b7647d3b,PV_data/Potato___Early_blight/4f71ba26-6612-427b-8dc0-4d8cc909f1fa___RS_Early.B 7122.JPG,6,6,Early_blight,Early_blight,1.0
95c3a0de0362330c6740620888062019,PV_data/Potato___Early_blight/51ab2ec9-d90b-47f3-8e4a-fdceeceb033b___RS_Early.B 7859.JPG,6,6,Early_blight,Early_blight,1.0
1b09e200c733212c49cb6526f6fd6594,PV_data/Potato___Early_blight/524142aa-78fb-4fab-895c-ddb993d07479___RS_Early.B 7435.JPG,6,6,Early_blight,Early_blight,1.0
f35ed920b05be8b4926ea305cc514ea6,PV_data/Potato___Early_blight/5755142f-0cba-45b7-a563-beb1bf6db374___RS_Early.B 8321.JPG,6,6,Early_blight,Early_blight,0.99998033
454e7259a5d70f4e6d6d23a22c02c8f4,PV_data/Potato___Early_blight/5bb77b39-311b-4ad1-8bfc-5a41a13b7b02___RS_Early.B 8255.JPG,6,6,Early_blight,Early_blight,0.9999863
94fc9a2709cbc9b8e1b27d4ac03a28e5,PV_data/Potato___Early_blight/610fd102-fd1b-45c3-978b-68c65d432382___RS_Early.B 7819.JPG,6,6,Early_blight,Early_blight,1.0
28db27daaf641c11ea3854fb303fc964,PV_data/Potato___Early_blight/61f4f7c5-cebe-471a-9be9-b595255b7fb4___RS_Early.B 7029.JPG,6,6,Early_blight,Early_blight,0.99999547
a245f8361f0609d1c7ef9f3e4709806b,PV_data/Potato___Early_blight/62490062-4c67-4caf-bec5-df1342ec2987___RS_Early.B 7946.JPG,6,6,Early_blight,Early_blight,1.0
3a0e4d06298b347b3b2f648e1cf115c2,PV_data/Potato___Early_blight/625f9c30-b56a-4e4e-9b34-aab8d2385d02___RS_Early.B 7226.JPG,6,6,Early_blight,Early_blight,0.99741995
7d4a51f5bc71875c331f56b6adafb51b,PV_data/Potato___Early_blight/667c593c-acbf-468a-91a3-6fd8006c46c2___RS_Early.B 7830.JPG,6,6,Early_blight,Early_blight,0.9999999
a923d1a3af275f93706ed0e6057b82d2,PV_data/Potato___Early_blight/66a98640-59d3-4c9b-9853-773c78ac6375___RS_Early.B 6784.JPG,6,6,Early_blight,Early_blight,0.9999633
1800e6c8797cb1ac85d0c6464766ba71,PV_data/Potato___Early_blight/677662b1-2c4e-4d93-b4fd-950815b9d2c8___RS_Early.B 8813.JPG,6,6,Early_blight,Early_blight,0.9999968
8403cd025096a08a6e35b6fc9ea92faa,PV_data/Potato___Early_blight/6a903f3e-0c90-4b97-aad7-bdb1d07cb11e___RS_Early.B 6765.JPG,6,6,Early_blight,Early_blight,1.0
599950e5352d36240128912965d8ccb5,PV_data/Potato___Early_blight/6b8024be-e45f-459f-9817-8d6fb0dda89a___RS_Early.B 6904.JPG,6,6,Early_blight,Early_blight,0.9999968
7a4d1d90ba562fed8228b3f066caf4b0,PV_data/Potato___Early_blight/6bd7d398-9cce-4282-a853-9625a641ebd6___RS_Early.B 8416.JPG,6,6,Early_blight,Early_blight,0.9999993
e44bbaaa245dcfe7952b87375b855750,PV_data/Potato___Early_blight/6cd8e267-d5ae-4baa-a872-4c0fc5a37d67___RS_Early.B 8184.JPG,6,6,Early_blight,Early_blight,0.99999905
d696a2c6fdefa99b0a762452184ada10,PV_data/Potato___Early_blight/6dfdd5be-0999-4a5c-a35d-c760043fec23___RS_Early.B 8701.JPG,6,6,Early_blight,Early_blight,0.9989548
c5a612539f76979337b64a6bb3d6119a,PV_data/Potato___Early_blight/6edb7358-f41f-4fd2-8371-12700bdbc94c___RS_Early.B 6801.JPG,6,6,Early_blight,Early_blight,1.0
52445751dc7719ff773cc84b9398ebee,PV_data/Potato___Early_blight/6fcaba16-dfce-431a-b268-e0826a101553___RS_Early.B 6695.JPG,6,6,Early_blight,Early_blight,0.99984634
d46d54703cd93ca5b7fb8a8c61d0d73c,PV_data/Potato___Early_blight/72c4221d-f82b-48fc-a91e-8aa46f5cb0cc___RS_Early.B 8399.JPG,6,6,Early_blight,Early_blight,0.9999999
d1b259526d59fd4fea97f137d24fb778,PV_data/Potato___Early_blight/72f9e596-8d1e-4ffd-923d-55645d6adca1___RS_Early.B 7704.JPG,6,6,Early_blight,Early_blight,0.9999995
81ea58877fbaa435e6e2c33d91bdc903,PV_data/Potato___Early_blight/73273541-2855-4516-92c3-658703bd2d18___RS_Early.B 6814.JPG,6,6,Early_blight,Early_blight,0.9999833
6b5a273cd9c1a82629985c8fac59db68,PV_data/Potato___Early_blight/73845010-b5b2-4604-8055-388c4222592a___RS_Early.B 6767.JPG,6,6,Early_blight,Early_blight,0.99999106
b136d0995cfc0b1de199f70ae4c81a9e,PV_data/Potato___Early_blight/7a8f295d-dc08-4a25-ba7a-28995729b6b6___RS_Early.B 8243.JPG,6,6,Early_blight,Early_blight,1.0
cc03d7a5868bf8bb21774a61a1026f49,PV_data/Potato___Early_blight/838c8a0a-d112-4940-9a5d-221b4e9cc4c8___RS_Early.B 6967.JPG,6,6,Early_blight,Early_blight,1.0
ccb36331032e1f9f514044c38d1cd244,PV_data/Potato___Early_blight/849daa7e-b5ea-4445-93f9-b21d43c1bd44___RS_Early.B 7193.JPG,6,6,Early_blight,Early_blight,1.0
eaafb9ba06c4f78eb39c177564de707d,PV_data/Potato___Early_blight/85531704-18a5-4f98-8c1d-25709ecf77f8___RS_Early.B 8214.JPG,6,6,Early_blight,Early_blight,1.0
7e9867d7fe36c7170744f9de1f98e1c5,PV_data/Potato___Early_blight/89273b26-09d5-4bf7-a6a5-22c47a613b93___RS_Early.B 7383.JPG,6,6,Early_blight,Early_blight,1.0
a93c9e61e5a81353215dffabf8d57c92,PV_data/Potato___Early_blight/8b20db6d-9c57-46d7-b40d-c6a809b49e07___RS_Early.B 9127.JPG,6,6,Early_blight,Early_blight,1.0
db4885d9b72f682c4ca67d73c8ee355f,PV_data/Potato___Early_blight/8df7a062-73d6-468e-8354-baa641dd69b3___RS_Early.B 7072.JPG,6,6,Early_blight,Early_blight,0.9999999
92ccdd0f444050662f93f71d99f32b14,PV_data/Potato___Early_blight/8e384f1d-1a56-4fcc-8e06-a65ee86270a8___RS_Early.B 7278.JPG,6,6,Early_blight,Early_blight,1.0
fe07735a138d32d0aadeef9c6c2f3aef,PV_data/Potato___Early_blight/8f0e6484-7d27-4ee1-849a-316c6195b139___RS_Early.B 6840.JPG,6,6,Early_blight,Early_blight,0.9999981
9611ebc48265985a86e07bd2f7d385bc,PV_data/Potato___Early_blight/8f6d9148-ae73-42cc-be78-baca869d1543___RS_Early.B 6805.JPG,6,6,Early_blight,Early_blight,0.9411974
cb563a5f44537bf7b82db155f4e50abc,PV_data/Potato___Early_blight/8fcea4b7-97df-428e-a0ac-635108307e88___RS_Early.B 9229.JPG,6,6,Early_blight,Early_blight,0.98157287
e8ff4030d620ea9338aab899ab7b5a30,PV_data/Potato___Early_blight/94eb2aa6-7f9e-4a5a-b519-2106984e9a7d___RS_Early.B 8770.JPG,6,6,Early_blight,Early_blight,0.99999845
e0f5641ae16f6a91cb3ede20fcdaa12b,PV_data/Potato___Early_blight/992a06a6-1aeb-4876-b33e-4267aa1a0c43___RS_Early.B 7618.JPG,6,6,Early_blight,Early_blight,1.0
827115926bdb5d8404f8bf4bb903c05f,PV_data/Potato___Early_blight/9badd590-45ed-4636-9590-b12342ea8a84___RS_Early.B 6944.JPG,6,6,Early_blight,Early_blight,1.0
b563e360e8ced1523bc3ebc78bfa3752,PV_data/Potato___Early_blight/9cba8b9a-68a7-483a-bc77-6bacbbe7fc46___RS_Early.B 7588.JPG,6,6,Early_blight,Early_blight,1.0
8e98b7e58b983f624ab3e4e5af44135d,PV_data/Potato___Early_blight/9e506566-6697-4444-a2f3-a3931d34bbf3___RS_Early.B 6899.JPG,6,6,Early_blight,Early_blight,0.97419614
e5f9feb4aad8b260ad8016adbad5efa6,PV_data/Potato___Early_blight/9eb646d2-e908-43d1-8dd5-0d6b8dcb21eb___RS_Early.B 7569.JPG,6,6,Early_blight,Early_blight,0.98951393
f9d794971b775880648054ac56fe753e,PV_data/Potato___Early_blight/a02f78b3-da52-400a-ab11-7184df9ea485___RS_Early.B 8403.JPG,6,6,Early_blight,Early_blight,1.0
48f9528f9f8f69e4267ae8f159696781,PV_data/Potato___Early_blight/a10b278a-fcce-4cf4-aada-254e89050be5___RS_Early.B 7524.JPG,6,6,Early_blight,Early_blight,0.99994874
39c7f57f5310e0d3c0ac907ea0060084,PV_data/Potato___Early_blight/a29559c6-1d80-4486-a3c9-26986d6e28e0___RS_Early.B 6890.JPG,6,6,Early_blight,Early_blight,0.9999846
7b05f98a171e12e5d7169892aaf98e67,PV_data/Potato___Early_blight/a2fe15c2-1900-4fbd-9e69-771b1693cc68___RS_Early.B 7398.JPG,6,6,Early_blight,Early_blight,1.0
9d15ace85f46262edea01bbe0df33b9e,PV_data/Potato___Early_blight/a4168403-2458-4f28-84f7-949050905878___RS_Early.B 8450.JPG,6,6,Early_blight,Early_blight,0.9999987
6e3f7967fe0480f106a1cb04ecffd796,PV_data/Potato___Early_blight/a60106e3-e037-495f-8b5a-080adcb9bdd9___RS_Early.B 8561.JPG,6,6,Early_blight,Early_blight,1.0
3c7df266e7b4f2e2fb0ccbf0aa987f60,PV_data/Potato___Early_blight/a8933319-d98e-4e71-a2ac-e22f7e1bca08___RS_Early.B 7499.JPG,6,6,Early_blight,Early_blight,0.99999845
0705b64627ade781bd2c4a05dbc63c2b,PV_data/Potato___Early_blight/a9659799-4093-4d84-855e-2f4382729c01___RS_Early.B 8784.JPG,6,6,Early_blight,Early_blight,1.0
c7b89d4dcbb9c376b6888192dca35144,PV_data/Potato___Early_blight/aa687aac-2f1a-44d8-89aa-3f7d413b4763___RS_Early.B 8055.JPG,6,6,Early_blight,Early_blight,0.9999901
c2026351e09c6eb7259f1c055dc147a6,PV_data/Potato___Early_blight/aa7e5986-6fa1-4b25-9861-cbae56886280___RS_Early.B 8545.JPG,6,6,Early_blight,Early_blight,1.0
c903dca76dcaeaf8404f716602b638b0,PV_data/Potato___Early_blight/acb59a95-cbe4-4602-9b8a-9adbf12899af___RS_Early.B 6754.JPG,6,6,Early_blight,Early_blight,0.99999225
8694aad9691143ca50ba93577b6056ee,PV_data/Potato___Early_blight/acb84d77-5b1c-4beb-be27-99fee467bf1f___RS_Early.B 7577.JPG,6,6,Early_blight,Early_blight,0.9999882
4fdcf66fc9c49ee4cd338dd947bbe680,PV_data/Potato___Early_blight/aed93c24-f226-4dd4-b5fb-b1f2d1202c63___RS_Early.B 8363.JPG,6,6,Early_blight,Early_blight,1.0
9eea5cd6a7c10b7c8571f6bc137c0339,PV_data/Potato___Early_blight/b328c22c-c9c6-41fd-9bac-daf2f26143b1___RS_Early.B 6854.JPG,6,6,Early_blight,Early_blight,1.0
4e69d503bbf79d5f0fb4114085d334d5,PV_data/Potato___Early_blight/b39bbf50-eae1-49ca-bd12-e776e3680d8b___RS_Early.B 6775.JPG,6,6,Early_blight,Early_blight,0.9998914
cb7cd989e96abcb9880d09ca03743beb,PV_data/Potato___Early_blight/b4021eae-d195-400a-b7b7-9888367f5f2f___RS_Early.B 7881.JPG,6,6,Early_blight,Early_blight,0.9999999
6f73f76ca3eedcac897e1ce2cda7b07e,PV_data/Potato___Early_blight/b475147c-92bc-419a-b2c3-7d5aabbb79ec___RS_Early.B 7379.JPG,6,6,Early_blight,Early_blight,0.99999845
65627f29af140463d2349e480c5626a4,PV_data/Potato___Early_blight/b549ab3b-06f1-45ef-bf34-86071552d870___RS_Early.B 8576.JPG,6,6,Early_blight,Early_blight,0.99999964
2032d6d1e1f6cb911da8e0e096f81170,PV_data/Potato___Early_blight/b817817e-a6b1-4123-88e7-db98b453ce17___RS_Early.B 6880.JPG,6,6,Early_blight,Early_blight,0.9999999
84f4a0dc27a4b48d20fded6708208eb7,PV_data/Potato___Early_blight/b95c05a8-2d70-4af5-a384-5b5b4450b7c6___RS_Early.B 7724.JPG,6,6,Early_blight,Early_blight,1.0
f9d9c7bd6aaacb3c7e5bf1065000c17e,PV_data/Potato___Early_blight/bb4e9c01-6166-424d-a379-9ef405fdd555___RS_Early.B 6843.JPG,6,6,Early_blight,Early_blight,0.99999905
189f81b1994d4a068d2c8dd37234643a,PV_data/Potato___Early_blight/bf972aad-9f3f-40c8-9fc7-fdcf57a94c6f___RS_Early.B 7151.JPG,6,6,Early_blight,Early_blight,0.9997309
ed72dd6ebcfc4488abd3423007f64f46,PV_data/Potato___Early_blight/c3bf3f15-b1ae-4e36-97a4-f341879db6ae___RS_Early.B 8263.JPG,6,6,Early_blight,Early_blight,0.9999796
db57234db2b8e952bc6ac8b1d129a3e9,PV_data/Potato___Early_blight/c43a5fd7-c60c-4a04-9835-bd35b551ec44___RS_Early.B 6701.JPG,6,6,Early_blight,Early_blight,0.98694056
bfd7a5f1b4432587368a3b977794af56,PV_data/Potato___Early_blight/c5464947-d6f8-4d5e-9cad-009db19adf67___RS_Early.B 7181.JPG,6,6,Early_blight,Early_blight,0.9999695
87ce39d3e12d31a20a8417ed882c52dd,PV_data/Potato___Early_blight/c5b121ff-fc3c-406a-8127-2a7e413a0903___RS_Early.B 9006.JPG,6,6,Early_blight,Early_blight,1.0
67e8ac3e877193efc617b0ee0e6690cb,PV_data/Potato___Early_blight/c82e587c-a0f2-451e-9057-e3719a3d9562___RS_Early.B 6824.JPG,6,6,Early_blight,Early_blight,1.0
02560bec56e951ffe19feb6c4ea0707d,PV_data/Potato___Early_blight/c9bff7de-c589-4ed2-92fe-cd9ca2a1df16___RS_Early.B 7846.JPG,6,6,Early_blight,Early_blight,1.0
0329a2d3d81d7b77457d1e4134f6e474,PV_data/Potato___Early_blight/cc48c415-4a2d-4d8d-94db-c736e7b7c882___RS_Early.B 7705.JPG,6,6,Early_blight,Early_blight,1.0
2e66826934b90467ab236853a04e74b6,PV_data/Potato___Early_blight/cc63b147-ad2a-4bc1-aa05-a07b3c6b7761___RS_Early.B 7091.JPG,6,6,Early_blight,Early_blight,0.99997497
ad0d6f164f5b083c82e2a4a49eac9fcc,PV_data/Potato___Early_blight/cdc5ed26-b023-41cb-9cd8-07e62df1e369___RS_Early.B 6864.JPG,6,6,Early_blight,Early_blight,0.9999999
85fe7dc349db627a3ee3eadbe67a6f78,PV_data/Potato___Early_blight/cfa37804-6d71-45fe-bd88-c899b9534992___RS_Early.B 6673.JPG,6,6,Early_blight,Early_blight,0.9999995
e568901f9326e2357364f8c21ad49a51,PV_data/Potato___Early_blight/d06681cc-3ed1-4af2-ae40-2597eaea3dd4___RS_Early.B 8691.JPG,6,6,Early_blight,Early_blight,0.8339787
bbfaa5f61b3ac39ecf065627959f98ad,PV_data/Potato___Early_blight/d4cd2357-1142-4f0c-8c44-201241a27573___RS_Early.B 9146.JPG,6,6,Early_blight,Early_blight,0.99882
e91a1117b0b542d28df2d1399882cf18,PV_data/Potato___Early_blight/d87f93fa-f6f8-49f1-b9e1-8f196f377df8___RS_Early.B 7244.JPG,6,6,Early_blight,Early_blight,1.0
1878521bfbb82229a4b1d9be3067a077,PV_data/Potato___Early_blight/d91d88d1-89d4-4017-b0f0-9e875bedfcab___RS_Early.B 7201.JPG,6,6,Early_blight,Early_blight,1.0
4b6d7338bf74caa00faea99148afa86c,PV_data/Potato___Early_blight/d9293730-8ba7-4f41-936a-eb129bde096b___RS_Early.B 8102.JPG,6,6,Early_blight,Early_blight,0.98551905
06ddf2385d1e109febe7848e3cc28be0,PV_data/Potato___Early_blight/dbdf96e5-2f8c-475b-b2dd-40a5862e10f7___RS_Early.B 8017.JPG,6,6,Early_blight,Early_blight,0.996088
8a552e4b08807eaa66246ca5df40f9f5,PV_data/Potato___Early_blight/dbee10d3-333b-4c62-aa90-23c1f859519c___RS_Early.B 7252.JPG,6,6,Early_blight,Early_blight,0.9950521
9198fbbd393de50553aa129123b75f8e,PV_data/Potato___Early_blight/dc34096f-8974-4a76-8d15-42ee86038015___RS_Early.B 6734.JPG,6,6,Early_blight,Early_blight,0.9999999
b9bb36594eb4e2c97216acfada6c5ba9,PV_data/Potato___Early_blight/dea6a6e4-cfb0-4c00-a0f7-bdd1e52f82e0___RS_Early.B 7246.JPG,6,6,Early_blight,Early_blight,1.0
73244a3c1fc3201edefef373b652ce89,PV_data/Potato___Early_blight/e24cb505-5756-4269-aa4f-57d27da31b20___RS_Early.B 8973.JPG,6,6,Early_blight,Early_blight,1.0
feb984e7d956aeffcee3dcee289f78ee,PV_data/Potato___Early_blight/e304fbf5-d145-433c-8f67-7b486581166a___RS_Early.B 7434.JPG,6,6,Early_blight,Early_blight,1.0
3b10b1326e82f7abc1ce609b296a1855,PV_data/Potato___Early_blight/e50e7166-a67d-4207-a49c-0240b0218d48___RS_Early.B 8907.JPG,6,6,Early_blight,Early_blight,0.9999999
a442c271cf40edae156a0fd679a3ace0,PV_data/Potato___Early_blight/e786a4fe-5aa1-4da2-a16f-4ee82c56e317___RS_Early.B 7245.JPG,6,6,Early_blight,Early_blight,0.9999999
93a2af88bb8a51d8cec250b1cf75b169,PV_data/Potato___Early_blight/e912f95d-d159-47bc-b1ed-f0f08c3c391d___RS_Early.B 8366.JPG,6,6,Early_blight,Early_blight,1.0
e13e224dea30e48101ca9e2ef981c8d0,PV_data/Potato___Early_blight/e9643c88-239f-4587-8093-3b96eb3723f4___RS_Early.B 7353.JPG,6,6,Early_blight,Early_blight,0.61262923
dbdf56f3fffe1b0b9612826a7fb93bc0,PV_data/Potato___Early_blight/ea87f5c8-69f9-44e0-997b-bb896350765e___RS_Early.B 7798.JPG,6,6,Early_blight,Early_blight,1.0
938d7c4d851ebd9366011338e9c7394c,PV_data/Potato___Early_blight/eb4fbc2b-c1a4-473f-a4e1-71ba04a7133c___RS_Early.B 7716.JPG,6,6,Early_blight,Early_blight,1.0
506b365a45c285e4e603a87e6a6f085d,PV_data/Potato___Early_blight/ec9a34ed-90de-417e-bf87-31e748c8c770___RS_Early.B 7968.JPG,6,6,Early_blight,Early_blight,1.0
21b2ff6ab01d28886d554ea4c00b3195,PV_data/Potato___Early_blight/ec9ea109-34c7-48c5-bbac-40a36b21fa05___RS_Early.B 8761.JPG,6,6,Early_blight,Early_blight,0.9999995
87cd477ade6e15f2fcbc208cdf74d147,PV_data/Potato___Early_blight/ecf9d01d-b97f-4cf8-99e5-7036bd91b5d1___RS_Early.B 8650.JPG,6,6,Early_blight,Early_blight,0.9999999
c9cd82e3c662bde351a7d55499067526,PV_data/Potato___Early_blight/ed78ac4f-ce50-4de8-b508-ad07b9d99176___RS_Early.B 7313.JPG,6,6,Early_blight,Early_blight,0.76047915
6aab2c7c5fd22404f574692afc93b121,PV_data/Potato___Early_blight/ee584747-fea1-4d16-9c03-40bfc9bcf1c7___RS_Early.B 8600.JPG,6,6,Early_blight,Early_blight,1.0
655046de1048358c0787da59d3cd3ce5,PV_data/Potato___Early_blight/eec2262a-d16b-42e1-99bd-6891ef392988___RS_Early.B 7085.JPG,6,6,Early_blight,Early_blight,0.99999785
2b05bdc02bbf2e6f2e4dff8489a1bcae,PV_data/Potato___Early_blight/f2e7be26-b7d3-4e99-8630-8b1650192b02___RS_Early.B 7275.JPG,6,6,Early_blight,Early_blight,0.9937295
3f2cb1ee3fd639b67da52581cb459934,PV_data/Potato___Early_blight/f3ad73cc-2e88-4157-97ea-d57d87c5760c___RS_Early.B 6687.JPG,6,6,Early_blight,Early_blight,0.99999106
59536e7166e9611af332a139277663a1,PV_data/Potato___Early_blight/f56f07b9-9f3a-4c80-a4f8-daf49f479db2___RS_Early.B 8741.JPG,6,6,Early_blight,Early_blight,0.99992776
a6eade63d1dd44eddb63fb6441a94cf9,PV_data/Potato___Early_blight/f6d8c094-970c-41c5-9f5d-3ded7c8f7b15___RS_Early.B 6846.JPG,6,6,Early_blight,Early_blight,0.9999827
f8eddb310509306f265a594eb6c731a5,PV_data/Potato___Early_blight/f8b3542b-559a-4aa4-9f4a-ec4d22f4386f___RS_Early.B 7309.JPG,6,6,Early_blight,Early_blight,1.0
d4a43983cd1d5e9de986e22e8ff667b5,PV_data/Potato___Early_blight/f8b57e69-5902-4253-8404-11811ecf13e8___RS_Early.B 6995.JPG,6,6,Early_blight,Early_blight,1.0
1e5ebb19d05df3ac317b9453ccf656c9,PV_data/Potato___Early_blight/fbbe7b93-e6da-4dc8-b1ee-ba5646a5e039___RS_Early.B 8216.JPG,6,6,Early_blight,Early_blight,1.0
4b9e011d015e2545daf6838eeb8d6a19,PV_data/Potato___Early_blight/fc1ab935-21b3-42e7-a870-02fd71c5d845___RS_Early.B 6894.JPG,6,6,Early_blight,Early_blight,1.0
ec3081a20bfa9ab983f9fb96e918d2ca,PV_data/Potato___Early_blight/fc603fb2-e2a0-4990-8a75-0e4f80f40694___RS_Early.B 7584.JPG,6,6,Early_blight,Early_blight,1.0
bbe36e94452caf8f5055bd306404594c,PV_data/Potato___Early_blight/fc73fc01-6a63-4b3b-bfed-74625c5b4b05___RS_Early.B 6945.JPG,6,6,Early_blight,Early_blight,0.99999905
f987550395858c23688697bc6de22217,PV_data/Potato___Early_blight/fe24f700-d37f-4e51-b07c-931e8c3ded81___RS_Early.B 8792.JPG,6,6,Early_blight,Early_blight,1.0
4e232e972f2d68a89f6d24e901459561,PV_data/Potato___Late_blight/07fea080-7f6b-48e9-b6b5-10d7daf57610___RS_LB 3210.JPG,8,8,Late_blight,Late_blight,1.0
57d0f27483faf8d273c500fcef29107c,PV_data/Potato___Late_blight/0c83302d-4233-4e98-8ecf-755a970495bb___RS_LB 4904.JPG,8,8,Late_blight,Late_blight,0.99999774
89a2f59f656574a52e5026ff6eaf0ec1,PV_data/Potato___Late_blight/0eb24a67-a174-43db-86c7-cca8795942a2___RS_LB 4722.JPG,8,8,Late_blight,Late_blight,1.0
fa7c61f3f86f0aaaa645ae71059b5e9d,PV_data/Potato___Late_blight/0f1fb568-1b12-45ef-ad99-c59fa9075693___RS_LB 3242.JPG,8,8,Late_blight,Late_blight,1.0
7551854168019b4de11bbeecf336981a,PV_data/Potato___Late_blight/0f243024-b1fa-4f96-ac7e-ecaf6dc5bc37___RS_LB 4925.JPG,8,8,Late_blight,Late_blight,0.99997795
8c5455f0e5eb49f20ac96253ab745198,PV_data/Potato___Late_blight/152ffbeb-7dda-4313-a792-9faf68c017bf___RS_LB 2830.JPG,8,8,Late_blight,Late_blight,0.9999957
3937ba5d0216bfec9f9bf40100a8e321,PV_data/Potato___Late_blight/1531198a-c611-47ee-af7d-7b124b863870___RS_LB 4793.JPG,8,8,Late_blight,Late_blight,0.9999908
4ca2a4f7776ebba1f1d6dc2937688f13,PV_data/Potato___Late_blight/1736a728-bae9-4133-bfca-60a7c3b6382c___RS_LB 4855.JPG,8,8,Late_blight,Late_blight,1.0
effe4a8d389a9f1402a765ec8b358a43,PV_data/Potato___Late_blight/19393f68-e96c-4c93-b4d1-39e1c54e53b1___RS_LB 4051.JPG,8,8,Late_blight,Late_blight,0.9999999
6ba71b59e76e8398ccb32427f480bf7e,PV_data/Potato___Late_blight/1a6fc494-81dd-4649-ad8d-a5a6e58a2aa7___RS_LB 2618.JPG,8,8,Late_blight,Late_blight,1.0
f22be9e253cd566184ab3cbfec408e6b,PV_data/Potato___Late_blight/1c207156-339d-4ec9-9153-9edb3bc95b5f___RS_LB 4833.JPG,8,8,Late_blight,Late_blight,0.99999976
e3edc05a279b40c577f88672c170d803,PV_data/Potato___Late_blight/1cd0b065-e637-4307-9e0a-9c20dc44cc59___RS_LB 4784.JPG,8,8,Late_blight,Late_blight,0.99999654
a8f236b107013cb855cdd55c9d2fe770,PV_data/Potato___Late_blight/1f84da28-3025-4cc0-8815-5b6b60205956___RS_LB 3326.JPG,8,8,Late_blight,Late_blight,0.9999708
9e1b537393ad21ec8d7b53a981de3c05,PV_data/Potato___Late_blight/2122118e-02ee-452b-864c-adf36ed5ce9c___RS_LB 2890.JPG,8,8,Late_blight,Late_blight,0.9999999
c3e6720c256d7e358678f55a001d76c4,PV_data/Potato___Late_blight/227f2f04-4d59-48d9-958d-5cccc70d3f2b___RS_LB 2772.JPG,8,8,Late_blight,Late_blight,0.9999999
a985e80a0d1255f538c542ebddd80a97,PV_data/Potato___Late_blight/22d5cf8c-308f-417d-9b05-b00a0791ecef___RS_LB 4797.JPG,8,8,Late_blight,Late_blight,0.9999999
c42cf48fe29611f08d7848072b87fcf4,PV_data/Potato___Late_blight/2438dfce-68a1-4026-a006-4c99a0f6259b___RS_LB 5116.JPG,8,8,Late_blight,Late_blight,1.0
ac1d7d6835849278d7af89ca8d328242,PV_data/Potato___Late_blight/29bfc55a-8cb2-4938-b0b5-5e2748fd1a22___RS_LB 5070.JPG,8,8,Late_blight,Late_blight,1.0
4ebe883a87af4a27f744663d0e089795,PV_data/Potato___Late_blight/2a3e5c22-1e37-4ba0-8686-cf7482e4e8d3___RS_LB 4126.JPG,8,8,Late_blight,Late_blight,1.0
9a38f6aec141d364f390cc3309e443a4,PV_data/Potato___Late_blight/2b7f92a9-9bd8-4461-9588-ab98abf54be0___RS_LB 2575.JPG,8,8,Late_blight,Late_blight,0.9999964
e16d26a9e34c9b462f7ac152f4e3a59e,PV_data/Potato___Late_blight/2c1218c8-eaea-4f5a-be4b-34e34a705063___RS_LB 2530.JPG,8,8,Late_blight,Late_blight,1.0
85196d6a5dd68199d77993dabf2daa92,PV_data/Potato___Late_blight/2d736aa6-79a6-42b0-9e92-d859bcd72824___RS_LB 5244.JPG,8,8,Late_blight,Late_blight,1.0
47b2fc40156a1fe5fc30f90f02d5a415,PV_data/Potato___Late_blight/2d8cbe58-280e-4c93-9b06-26f4279eb4d8___RS_LB 2855.JPG,8,8,Late_blight,Late_blight,1.0
611d2d5b1a9414d7c7a778a6e5d9fe89,PV_data/Potato___Late_blight/2e18248f-e251-44c0-b9a5-a198455f43ee___RS_LB 4858.JPG,8,8,Late_blight,Late_blight,1.0
a29197da1e6685c452caf7244377507a,PV_data/Potato___Late_blight/2f76c068-ebba-499d-8819-2d12bde41695___RS_LB 3232.JPG,8,8,Late_blight,Late_blight,0.9999887
180f42997756544df77c5199118f8800,PV_data/Potato___Late_blight/30777af4-cbb4-44bf-946b-f1c5d17704ee___RS_LB 4822.JPG,8,8,Late_blight,Late_blight,0.99996877
8e038ffe69830068e58b66f6e8f61d1a,PV_data/Potato___Late_blight/3112e625-f1d9-428b-a77e-23c6f28e44f8___RS_LB 3035.JPG,8,8,Late_blight,Late_blight,1.0
c0cce895298ae1ba25c8382e9370184e,PV_data/Potato___Late_blight/317a40c6-c4d8-4b4e-9878-4f742e7f409a___RS_LB 4462.JPG,8,8,Late_blight,Late_blight,0.9999999
364ff3bdebf50833e87752eaca8838f8,PV_data/Potato___Late_blight/324a0ba8-726a-4e6c-a15f-c32a1904f891___RS_LB 3078.JPG,8,8,Late_blight,Late_blight,0.99995136
8c540c8f5647c419c3fed3fe5df4708a,PV_data/Potato___Late_blight/32e6ace8-7ca9-4f95-a313-6747d321e8da___RS_LB 4698.JPG,8,8,Late_blight,Late_blight,0.99982274
6a9a5a473e4154bdf9c7bd6f30b1b1e0,PV_data/Potato___Late_blight/35621849-08fd-442a-a94e-139b2657106e___RS_LB 4055.JPG,8,8,Late_blight,Late_blight,0.9999981
987c37a5167d22d07517f3ab195953ac,PV_data/Potato___Late_blight/357bfc61-bb46-4e77-b9eb-eafdd3af7f6f___RS_LB 3082.JPG,8,8,Late_blight,Late_blight,1.0
cbcfa459234482d8c9d0248f25a3eeca,PV_data/Potato___Late_blight/36d3502f-32cd-4ef9-b63d-575db1c18cf8___RS_LB 4908.JPG,8,8,Late_blight,Late_blight,0.9765058
6665e9d247683bfe916fb5cd21b1391e,PV_data/Potato___Late_blight/377e9523-f375-4c0c-9d66-5abf2abfaefb___RS_LB 2504.JPG,8,8,Late_blight,Late_blight,1.0
458df3c3421137c00b2ed2fe1cab50cb,PV_data/Potato___Late_blight/38c1c136-d91d-4527-aa8f-623a574a41d9___RS_LB 3042.JPG,8,8,Late_blight,Late_blight,1.0
6881c0a6e69b4eff68934e2c3cafb04c,PV_data/Potato___Late_blight/3f0fd699-1ce7-437e-a899-662a51d59974___RS_LB 2904.JPG,8,8,Late_blight,Late_blight,1.0
49156ae8aa554183560c0f6ce828d396,PV_data/Potato___Late_blight/3f24e6f6-ff9f-4416-9fce-b8153a030de2___RS_LB 2730.JPG,8,8,Late_blight,Late_blight,0.9999887
4be36f367c40f032bd49e1809a658012,PV_data/Potato___Late_blight/40285dce-33de-4a59-82f4-2eb1d6d38469___RS_LB 4929.JPG,8,8,Late_blight,Late_blight,1.0
caee6e8d99ab4dfa5590bd47fedf2d64,PV_data/Potato___Late_blight/42bc0da9-199f-428f-854c-a9b05c57aa75___RS_LB 2770.JPG,8,8,Late_blight,Late_blight,1.0
451552bc6cb2f6bd5fc06425fbd880ca,PV_data/Potato___Late_blight/465669d7-b75c-4aab-8ccc-af3566baf2e3___RS_LB 4985.JPG,8,8,Late_blight,Late_blight,0.9999962
7abfa5e6288d789deb64db68ee90ac95,PV_data/Potato___Late_blight/489107b2-13f2-401b-b931-39ca7fd4be2b___RS_LB 2665.JPG,8,8,Late_blight,Late_blight,1.0
423540fa941fbe8d075a1430d760725f,PV_data/Potato___Late_blight/4a5c555b-3f00-4553-b6a4-3be268969d7f___RS_LB 4323.JPG,8,8,Late_blight,Late_blight,0.99996877
7ae12ec9eacb43bec5ee8ba6793b6b0e,PV_data/Potato___Late_blight/4d213f48-e73a-45bf-badd-ead51dda60b4___RS_LB 2981.JPG,8,8,Late_blight,Late_blight,0.99999976
223e11137e8eb94d901c229d918bccd5,PV_data/Potato___Late_blight/4f138229-2f00-4374-9c16-3732660bf011___RS_LB 4105.JPG,8,8,Late_blight,Late_blight,1.0
64aedde05941ff5f800add318690e23b,PV_data/Potato___Late_blight/51a85617-5433-4a07-b822-fa1975cf76b1___RS_LB 4778.JPG,8,8,Late_blight,Late_blight,1.0
a32f1eb09de0094fd8d8ffa1b14befd4,PV_data/Potato___Late_blight/51eb7a7a-99b4-47c4-be2f-2de9f4e5e985___RS_LB 5182.JPG,8,8,Late_blight,Late_blight,0.9978485
2a3aee90b27e3d6555dd6653ae419619,PV_data/Potato___Late_blight/52c6891d-e627-4ebf-a080-3e8051531f5a___RS_LB 4092.JPG,8,8,Late_blight,Late_blight,0.99999785
9f38bd588963fb82f305a5130f15d091,PV_data/Potato___Late_blight/530d9a52-266a-49ca-b0d0-a430acac0011___RS_LB 5054.JPG,8,8,Late_blight,Late_blight,0.99999976
8bf81027d0c22e4df39c9db8709c8906,PV_data/Potato___Late_blight/53e33b6d-9fc5-441b-b638-3bf067f92a99___RS_LB 2753.JPG,8,8,Late_blight,Late_blight,1.0
deb580301072f33412af9cd1828c675d,PV_data/Potato___Late_blight/55ed5831-c628-4352-87a8-13077705fb9a___RS_LB 2872.JPG,8,8,Late_blight,Late_blight,1.0
62f74e16a20d1d22dd4d598bf9245f3c,PV_data/Potato___Late_blight/57980690-2488-4715-ae89-84e84d17ee10___RS_LB 3978.JPG,8,8,Late_blight,Late_blight,0.99980104
676144126b9311f05717fbe63d6fd3c6,PV_data/Potato___Late_blight/59dcc102-c55f-4a13-991e-8c53db4ce76d___RS_LB 5189.JPG,8,8,Late_blight,Late_blight,0.9999999
35dddc1724cefaa392b7a38e166c1534,PV_data/Potato___Late_blight/5d85a25d-ed5a-459d-89fc-8bc9118518bc___RS_LB 4646.JPG,8,8,Late_blight,Late_blight,0.98738384
e6114023701c41a645fa24ca2d0a7c84,PV_data/Potato___Late_blight/6148bead-5236-461d-90ca-bc552dc95abc___RS_LB 2983.JPG,8,8,Late_blight,Late_blight,1.0
937b425c36e65a058c94dd07951cd94e,PV_data/Potato___Late_blight/62d41420-8e32-47d2-9a37-698c07f7dc16___RS_LB 2543.JPG,8,8,Late_blight,Late_blight,0.99999225
92b8790013f94ba819110e51a5dbb93e,PV_data/Potato___Late_blight/64fd9d16-28df-4dd7-9bb5-973bbd9ac6db___RS_LB 4654.JPG,8,8,Late_blight,Late_blight,0.9997079
d4fa67933bcdf33b4f199c0aaecb3a09,PV_data/Potato___Late_blight/65bab626-51a1-4d16-ab9c-ddd25f4e2e33___RS_LB 4927.JPG,8,8,Late_blight,Late_blight,0.99999964
410f06f15008e2e02eb2f71a9e08d31b,PV_data/Potato___Late_blight/66473aff-3438-4a8c-8c05-5fed8a4255ae___RS_LB 4473.JPG,8,8,Late_blight,Late_blight,0.9999896
945c832bbb752370762a455b499c2989,PV_data/Potato___Late_blight/668455c6-f7cf-4dc3-a4a8-858e7d4b55c9___RS_LB 3878.JPG,8,8,Late_blight,Late_blight,1.0
096141528ddc06ebef561504c65e3314,PV_data/Potato___Late_blight/6c5ac624-844c-4d01-b030-38e1130e890a___RS_LB 3973.JPG,8,8,Late_blight,Late_blight,0.99999964
6a4f6715ff20f2a8548b02d104c58c9e,PV_data/Potato___Late_blight/6e9fc91a-e20f-4431-bc54-8492d7ec788e___RS_LB 4527.JPG,8,8,Late_blight,Late_blight,0.9999944
dab2f347cc6ff7bad0a3f5b583a08aba,PV_data/Potato___Late_blight/6f0fffdc-876f-449f-b03e-f25081f2c44f___RS_LB 4096.JPG,8,8,Late_blight,Late_blight,1.0
2c8df8b608679f7f30c5fc241aa3fa62,PV_data/Potato___Late_blight/6f669c56-c863-4c71-be49-8d020d3f7d3d___RS_LB 5128.JPG,8,8,Late_blight,Late_blight,0.9999838
2961ef0f11d3e48efdc3c8c97696a18e,PV_data/Potato___Late_blight/734b84f8-3bcb-4abd-bf22-0896a16e8df7___RS_LB 2929.JPG,8,8,Late_blight,Late_blight,1.0
ab1d47edc679c7cc967deface428e2fc,PV_data/Potato___Late_blight/7774658c-0dcb-4b7c-a1fa-573de03373dd___RS_LB 3135.JPG,8,8,Late_blight,Late_blight,0.99999976
171381e1116579954f9b8c459a67de6f,PV_data/Potato___Late_blight/777a492f-3dfb-4bcf-8b33-a9b09fb21e6e___RS_LB 4866.JPG,8,8,Late_blight,Late_blight,1.0
66ae0f7036377c6774a3e1ff21416be2,PV_data/Potato___Late_blight/77c271bd-0798-4336-8bea-f2a80e8e8906___RS_LB 3290.JPG,8,8,Late_blight,Late_blight,0.99999774
000782c57ff607c5347c88f5d19cb843,PV_data/Potato___Late_blight/782bc9dd-286b-46ee-b896-fa5520f57b0c___RS_LB 4408.JPG,8,8,Late_blight,Late_blight,0.9999993
9194e7c41cbf7e4a32d380ccd6e00a38,PV_data/Potato___Late_blight/790eb0ba-6878-4b5a-85fb-481aa37783a3___RS_LB 3872.JPG,8,8,Late_blight,Late_blight,1.0
1f32e869582f2a50fa43642ed7159499,PV_data/Potato___Late_blight/792d4339-f459-4ef6-aef9-431c64c95cc1___RS_LB 3251.JPG,8,8,Late_blight,Late_blight,0.99999917
2a3d36fc05acc8c2a4dde148dccabb0d,PV_data/Potato___Late_blight/794ef65d-1a4c-445a-b77c-f00d36ec82c6___RS_LB 2869.JPG,8,8,Late_blight,Late_blight,0.9999989
98057739fe6ba450316c6594b458642d,PV_data/Potato___Late_blight/794fae1d-55b2-4275-8fce-174728963813___RS_LB 2841.JPG,8,8,Late_blight,Late_blight,1.0
ede0c42e62a9e971a54bcbfe8ebfaa3a,PV_data/Potato___Late_blight/7b5a2c96-f276-477a-8e7e-3325b02719a7___RS_LB 4613.JPG,8,8,Late_blight,Late_blight,0.99999714
52c392a7c990dd2e379a721e9d3c64fb,PV_data/Potato___Late_blight/7bf67e1e-57c8-4f68-bc5a-56b2a69f30ec___RS_LB 2509.JPG,8,8,Late_blight,Late_blight,1.0
aa98b1b057d4fddd5434ecde79a58863,PV_data/Potato___Late_blight/7efcdebc-93be-4168-9965-2b2be46823d8___RS_LB 3249.JPG,8,8,Late_blight,Late_blight,0.9999999
bf441c784dea0e45cb2ced88497eba72,PV_data/Potato___Late_blight/805f68c3-b0a9-4072-8ef6-4c48d804e888___RS_LB 5159.JPG,8,8,Late_blight,Late_blight,1.0
a37fbf5ac7e710f0524586f9660fef04,PV_data/Potato___Late_blight/84559c6d-0589-4d8d-8fc3-a818b067f85c___RS_LB 4608.JPG,8,8,Late_blight,Late_blight,1.0
01bc17e0a04f0d8d2a2bfbe253381089,PV_data/Potato___Late_blight/84f666da-9e17-4e90-9813-0ed64da175d9___RS_LB 2536.JPG,8,8,Late_blight,Late_blight,0.9999999
96cec66c60ab8fb648bc02bdbd8ef09c,PV_data/Potato___Late_blight/85bbcdd2-a9fe-46d1-8e0e-f4e2c5e885fe___RS_LB 3218.JPG,8,8,Late_blight,Late_blight,0.9999969
4426d82c763132156b7a1651f1b69b42,PV_data/Potato___Late_blight/86323439-ca8d-4819-ae81-800e50f85770___RS_LB 2826.JPG,8,8,Late_blight,Late_blight,0.99967057
c137604d8201c8cfeeb6d610501ad5ba,PV_data/Potato___Late_blight/8692ff0d-260b-4fb9-9598-efa91456c2bd___RS_LB 5438.JPG,8,8,Late_blight,Late_blight,1.0
e023c5046b89accc65f4563407624911,PV_data/Potato___Late_blight/87681326-2843-4e63-9042-602b08a98a66___RS_LB 4145.JPG,8,8,Late_blight,Late_blight,0.99998415
168f18265f283cdb4a6c87009949bb3e,PV_data/Potato___Late_blight/87c99be5-a930-410f-8529-e79e030cba0c___RS_LB 5294.JPG,8,8,Late_blight,Late_blight,1.0
998334765a9e2e9f21d5f78976bf76ed,PV_data/Potato___Late_blight/891ddb02-a289-4d8e-8380-7568686b7a08___RS_LB 3193.JPG,8,8,Late_blight,Late_blight,0.9999989
a5674b26506ede223ecc115f99605f95,PV_data/Potato___Late_blight/89ad1a3c-db3c-4d75-9c92-64cea1433f89___RS_LB 2820.JPG,8,8,Late_blight,Late_blight,0.99989605
ef79f20d50a736101bb3a1af50b898c4,PV_data/Potato___Late_blight/8b0ef54c-6d28-47bb-a657-287afbb8a620___RS_LB 3298.JPG,8,8,Late_blight,Late_blight,0.9998696
f1fe5d27d19e2a51da4eb562845674d5,PV_data/Potato___Late_blight/8c1960cd-20e2-4a9c-a1ee-9800289b884f___RS_LB 3941.JPG,8,8,Late_blight,Late_blight,0.99792093
e640764c2062eb993f4b1f960b233b49,PV_data/Potato___Late_blight/8f634ae3-010a-4a08-aae9-2aa43bc73a0a___RS_LB 4069.JPG,8,8,Late_blight,Late_blight,0.9999678
53b641b2f4cb4928a07cd12751cbc7df,PV_data/Potato___Late_blight/8f93f47b-2ee7-482b-9e18-20af5eb98d79___RS_LB 4889.JPG,8,8,Late_blight,Late_blight,0.9999981
2c3c5ccdd46c131486c30eb979102f0a,PV_data/Potato___Late_blight/9254f86d-5d83-4217-a7f5-84d08e1b93ee___RS_LB 4037.JPG,8,8,Late_blight,Late_blight,1.0
eef182e8cd932fef8c58d72e82176ab9,PV_data/Potato___Late_blight/93935af4-3aae-4dd6-90d9-fb28e439faf0___RS_LB 3299.JPG,8,8,Late_blight,Late_blight,0.99748045
e5c778707aab2741a10c2f0f8c30fc16,PV_data/Potato___Late_blight/939a9a98-cbc9-4b83-bb47-395f26d7fddd___RS_LB 4293.JPG,8,8,Late_blight,Late_blight,0.99998224
14bde8a7261aec8d5ab5c817398a2708,PV_data/Potato___Late_blight/967a677a-712c-447f-ba27-f59818944af0___RS_LB 4353.JPG,8,8,Late_blight,Late_blight,0.99998796
89f0c94cc2a1f5a144e87b3bfb831856,PV_data/Potato___Late_blight/96879d98-11ca-40c7-9708-9ca8f235f407___RS_LB 2739.JPG,8,8,Late_blight,Late_blight,0.9999802
29252e525e82c6e5c6a30857a1f02c20,PV_data/Potato___Late_blight/96a70433-9204-4a41-acad-d39932559068___RS_LB 3200.JPG,8,8,Late_blight,Late_blight,0.99999976
eddceb358558e1647f44fa4d21fdfbfc,PV_data/Potato___Late_blight/99064106-3789-4de4-b109-ebc83a20d94b___RS_LB 2757.JPG,8,8,Late_blight,Late_blight,0.99995387
ec99812e9766640a5f80f9a82e085869,PV_data/Potato___Late_blight/9caba61f-ea63-4ea5-9d85-1f22b6a1a006___RS_LB 4451.JPG,8,8,Late_blight,Late_blight,0.99988854
dce3ec81cbc878d56f0b68224430f223,PV_data/Potato___Late_blight/9cd7c33b-e29a-4300-ba19-183fb6c82aca___RS_LB 4124.JPG,8,8,Late_blight,Late_blight,1.0
1c5eb870e2573e2c66b1bd5c6553a1c5,PV_data/Potato___Late_blight/a0c129b8-4fb3-406d-b2f6-1309fec50c70___RS_LB 5139.JPG,8,8,Late_blight,Late_blight,1.0
d2b239bd37f791ec9c955371fc093eb2,PV_data/Potato___Late_blight/a10d340a-b35c-4310-be59-caa58bb0d500___RS_LB 5154.JPG,8,8,Late_blight,Late_blight,1.0
6dbfbc89268ff0ef94bca8ba643d88a6,PV_data/Potato___Late_blight/a3389c1f-d888-430d-bcf7-a546247ad6d2___RS_LB 3092.JPG,8,8,Late_blight,Late_blight,1.0
99be6cc62ff6092a467aa9d7c55900d2,PV_data/Potato___Late_blight/a6b27bfe-0e60-4984-98ca-af4b2316dfff___RS_LB 3881.JPG,8,8,Late_blight,Late_blight,1.0
d6c3dcb0e7be67e640d6c28bc5b10a53,PV_data/Potato___Late_blight/a8db407c-12cb-460c-991a-8f60d20c06bc___RS_LB 5117.JPG,8,8,Late_blight,Late_blight,0.9999994
ce2148b74284aaca26bbfcac070a9ed1,PV_data/Potato___Late_blight/a9c8a264-33be-48f1-bd1d-2cc6c9c8e247___RS_LB 4888.JPG,8,8,Late_blight,Late_blight,0.9999988
3ab8759b73d02ea581141d4e0c511fa0,PV_data/Potato___Late_blight/a9d4290d-55a1-4a8d-83a8-5277a00e5fbc___RS_LB 4076.JPG,8,8,Late_blight,Late_blight,0.9999999
22f101492d59100fcf7b26d26153f6c3,PV_data/Potato___Late_blight/aa58c1c8-82a1-4e68-9ecb-3cd47341d09b___RS_LB 4331.JPG,8,8,Late_blight,Late_blight,1.0
c26ff97b518ca3d0b1b4891aba846055,PV_data/Potato___Late_blight/ab72ec63-290e-4e95-ab0a-b551ed44ab3b___RS_LB 3286.JPG,8,8,Late_blight,Late_blight,0.9999999
f57c5e17af3eb8675675c548af53857d,PV_data/Potato___Late_blight/aec94baf-a0e8-43af-80af-4bab46d84ad8___RS_LB 5100.JPG,8,8,Late_blight,Late_blight,1.0
92bbf061e41e7515507025cd4b69eb23,PV_data/Potato___Late_blight/afcad9ca-9bd2-4c7b-b034-2b3d0360ac30___RS_LB 2741.JPG,8,8,Late_blight,Late_blight,0.9999999
1149296ada784f504e1277d72684ad8a,PV_data/Potato___Late_blight/b598f9a7-b582-4fef-9c3d-cc985f2f9c03___RS_LB 3294.JPG,8,8,Late_blight,Late_blight,0.99999404
cbaed58529250a05b2175b4fa33216f6,PV_data/Potato___Late_blight/bb1949c9-c779-4490-b1cc-d82302bc1df9___RS_LB 2901.JPG,8,8,Late_blight,Late_blight,1.0
10ef4548b2f4b294dff40530c2ae7db7,PV_data/Potato___Late_blight/be6b5fab-c3de-4d33-b7fc-87bf794d8705___RS_LB 4850.JPG,8,8,Late_blight,Late_blight,1.0
b026ded0995a7650a9fb3ce23a31e2b2,PV_data/Potato___Late_blight/bf07f2b7-6ab3-4192-a418-ecabc32a11fe___RS_LB 2576.JPG,8,8,Late_blight,Late_blight,1.0
464f4646fb40cb2a4f3f064fdfdd3796,PV_data/Potato___Late_blight/c268fd1d-0a6d-46f1-bbcd-81b4e79894e6___RS_LB 2808.JPG,8,8,Late_blight,Late_blight,0.995581
65a536e2415e43161ea1caabee5f589b,PV_data/Potato___Late_blight/c6d1bbe7-c1d8-4760-9bb2-a97eac1ca0a8___RS_LB 3838.JPG,8,8,Late_blight,Late_blight,0.9999143
8d498da8e18a64b3e93d51012c397554,PV_data/Potato___Late_blight/c7c82b7c-078f-4ba9-90e3-db36a73bda22___RS_LB 5430.JPG,8,8,Late_blight,Late_blight,0.95356995
7484f34f3d14914e802bde19772685b5,PV_data/Potato___Late_blight/cb4fe901-5ca8-43e9-9a4f-3b9bf34ea364___RS_LB 3943.JPG,8,8,Late_blight,Late_blight,1.0
90376ccfa874c83ce739fe1c53c13eda,PV_data/Potato___Late_blight/ccdf64d2-81fe-429e-8041-05b5a9ce50c9___RS_LB 5052.JPG,8,8,Late_blight,Late_blight,1.0
27b92f00623ae9f4da1ee5aaa92cdfba,PV_data/Potato___Late_blight/cdd030ec-609e-4f61-9335-6cf89a6f35d2___RS_LB 2776.JPG,8,8,Late_blight,Late_blight,1.0
637fdc0db4d5c1899c2b9bc94a77885b,PV_data/Potato___Late_blight/ce5ec29b-599c-4c69-ba4d-04df7ab1c46f___RS_LB 4945.JPG,8,8,Late_blight,Late_blight,1.0
4d0e63c9eb626ce9d3d7df4d7ba5659c,PV_data/Potato___Late_blight/cf979c44-abfa-4ed3-865e-ee0c204ba9f0___RS_LB 4662.JPG,8,8,Late_blight,Late_blight,0.99937034
c4f078133297cee587c06a357d22d990,PV_data/Potato___Late_blight/d105e6d5-4268-4b21-8709-24b894196454___RS_LB 3282.JPG,8,8,Late_blight,Late_blight,0.9999999
1fb8224db1b7baa4e33b6f7bdbe8aab1,PV_data/Potato___Late_blight/d3811753-f672-405c-afa3-8fbaa2715bf4___RS_LB 2720.JPG,8,8,Late_blight,Late_blight,0.99973935
df17e0a35133aa82d16ade1d61b13a92,PV_data/Potato___Late_blight/d43fa915-e947-4316-b0f5-0f925c5d9625___RS_LB 3969.JPG,8,8,Late_blight,Late_blight,0.9999999
d57e0a05a83a390686d335da51a0b016,PV_data/Potato___Late_blight/d50d5ba8-c809-431c-8cc1-e297bc2706f7___RS_LB 4467.JPG,8,8,Late_blight,Late_blight,0.9999994
427e83ab856caf2348bccd331e1991ea,PV_data/Potato___Late_blight/d5a52702-2160-4f20-a1d8-49db59f83f9a___RS_LB 3213.JPG,8,8,Late_blight,Late_blight,1.0
c9e71dd691aa39eff7e2455011e508aa,PV_data/Potato___Late_blight/d5bf2575-1e57-4792-81a1-5770e701be1b___RS_LB 3209.JPG,8,8,Late_blight,Late_blight,0.9987386
1f0c6c820c48c142bbe9f48d3b2d5d80,PV_data/Potato___Late_blight/d66ee513-26cc-4676-8aeb-9902e0969d2b___RS_LB 3999.JPG,8,14,Late_blight,Septoria_leaf_spot,0.95645696
2d4712852daed8da024a5a6d389a5cd0,PV_data/Potato___Late_blight/d6a4ae30-77a6-458c-99e4-c817e7234aa3___RS_LB 4706.JPG,8,8,Late_blight,Late_blight,0.99999714
99144782d16eff41ed3150d08a6c813f,PV_data/Potato___Late_blight/d7ef98cc-2d20-42ef-983a-5e45805a8ee6___RS_LB 3841.JPG,8,8,Late_blight,Late_blight,1.0
f1fd91e4267f728d72f62037b189db9a,PV_data/Potato___Late_blight/d994fd7e-a338-42c5-ac37-ede01c18999e___RS_LB 5134.JPG,8,8,Late_blight,Late_blight,1.0
3840a29d2be6178d2d1626918beb1944,PV_data/Potato___Late_blight/dac53cd2-477e-4f7b-a59d-bb9018eec686___RS_LB 2879.JPG,8,8,Late_blight,Late_blight,1.0
8fea97eba5fb85421a559245d6f38ac3,PV_data/Potato___Late_blight/dae7db93-d197-4616-a16b-5dcc59058bc2___RS_LB 3178.JPG,8,8,Late_blight,Late_blight,0.9998838
058294903087b5dc510b2df5aef8ff39,PV_data/Potato___Late_blight/de0ae213-3479-4f07-b7f8-d59607a2caa8___RS_LB 2528.JPG,8,8,Late_blight,Late_blight,1.0
9a77744cccb62c8f04212477d51e6431,PV_data/Potato___Late_blight/df0f75cf-febd-4fde-84a0-7c4da9f97fd2___RS_LB 2534.JPG,8,8,Late_blight,Late_blight,1.0
51b61bea2948db3ef8dee204785f3b71,PV_data/Potato___Late_blight/df40ffa7-8efd-4720-8786-a30b9011dcfc___RS_LB 4150.JPG,8,8,Late_blight,Late_blight,0.9999598
1735eebb268496d9e12f06bbfe400e2b,PV_data/Potato___Late_blight/df60df5b-a619-4b38-926d-6372c0f6329a___RS_LB 5308.JPG,8,8,Late_blight,Late_blight,1.0
263210147aaa957772c901d2b80e7f9e,PV_data/Potato___Late_blight/e12ede80-8428-4424-b95d-5d3267d112a8___RS_LB 3079.JPG,8,8,Late_blight,Late_blight,1.0
a5b4ea6aa052f707a4b89427eacda5af,PV_data/Potato___Late_blight/e2d4d58b-8754-4c63-b888-8355ddbcb989___RS_LB 4863.JPG,8,8,Late_blight,Late_blight,1.0
fd91f0a02046664c3fe9f7ff92a0902c,PV_data/Potato___Late_blight/e4d454e4-c1e4-4597-8e76-77a93465b41d___RS_LB 2868.JPG,8,8,Late_blight,Late_blight,1.0
d7c6bc1e5acacd92896316e4043b2c32,PV_data/Potato___Late_blight/e6d7f5aa-d176-4e43-9e0c-afc2901442f6___RS_LB 3066.JPG,8,8,Late_blight,Late_blight,0.99999964
56976b52ee88bdb91990f9b544dccd9c,PV_data/Potato___Late_blight/e95f2954-1b68-490d-9684-90b3080676b1___RS_LB 3997.JPG,8,8,Late_blight,Late_blight,0.71431196
f18174e8b6e933200376d1307617532e,PV_data/Potato___Late_blight/ec53a246-df50-44c1-a87c-c8296f25f20c___RS_LB 4717.JPG,8,8,Late_blight,Late_blight,1.0
77b1ebf857fe4333911ba9519cb988f8,PV_data/Potato___Late_blight/ef48ec23-0655-43d7-9475-8e73086033a2___RS_LB 5219.JPG,8,8,Late_blight,Late_blight,1.0
5f51c931566a724dde151a32ab13d915,PV_data/Potato___Late_blight/f2676f08-798e-4291-8aa2-0655ca54cb07___RS_LB 4292.JPG,8,8,Late_blight,Late_blight,0.972249
6da05e20e6673fa1bf2a19c8e5ac1f88,PV_data/Potato___Late_blight/f3ee2886-4ada-4287-94b6-c4c93005b887___RS_LB 4352.JPG,8,8,Late_blight,Late_blight,0.9999975
01376b57d51e35422cd34414dd7992d9,PV_data/Potato___Late_blight/f528b00d-99a6-41db-8d96-9eed58b519c1___RS_LB 4544.JPG,8,8,Late_blight,Late_blight,0.99992657
fdd4654fddb99238937305f60c14adad,PV_data/Potato___Late_blight/fb13e4c8-17e4-48a9-899b-dfc7f302196c___RS_LB 4374.JPG,8,8,Late_blight,Late_blight,0.9999784
a50e41af249ad2b2f673ab0c0f26cbad,PV_data/Potato___Late_blight/fe4bbe61-ddd7-464f-8aa6-e292b8686c70___RS_LB 2902.JPG,8,8,Late_blight,Late_blight,1.0
ac2e3f7f857775f03360b1be9e1944fb,PV_data/Potato___Late_blight/fe72d959-6788-4b19-9285-e0b2919dc718___RS_LB 2516.JPG,8,8,Late_blight,Late_blight,0.9999912
494475868ee09f3036ba544acf6e2179,PV_data/Potato___healthy/04481ca2-f94c-457e-b785-1ac05800b7ec___RS_HL 1930.JPG,19,19,healthy,healthy,0.9936859
6ec8de0b140d11e4fdecdfe6af78492e,PV_data/Potato___healthy/046641c1-f837-49eb-b5f2-4109910a027c___RS_HL 1878.JPG,19,19,healthy,healthy,0.99998987
bc5814b2abeb4d124be17bb6ce741edf,PV_data/Potato___healthy/163ada72-4288-4f85-a3c1-feed23c8d1de___RS_HL 1940.JPG,19,19,healthy,healthy,0.9982673
fb6b3d0e15659a60c4f0f91989011bbb,PV_data/Potato___healthy/1f9870b3-899e-46fb-98c9-cfc2ce92895b___RS_HL 1816.JPG,19,19,healthy,healthy,0.9998435
7884fa57090e5ed24d39dd004582f4f6,PV_data/Potato___healthy/20ac28d6-5708-4e31-8676-1b1979de094f___RS_HL 1735.JPG,19,19,healthy,healthy,0.9996538
efd58f9ac21389799c817b47b36f8cc2,PV_data/Potato___healthy/2ccb9ee9-faac-4d32-9af5-29497fa2e028___RS_HL 1837.JPG,19,19,healthy,healthy,0.9332745
c1ab5653ce4334811eed286f642f2dee,PV_data/Potato___healthy/56ae1281-5ee5-4f2a-8678-c2e4491878c6___RS_HL 1869.JPG,19,19,healthy,healthy,0.99924153
0ff1758197d6099958ab504da67ae416,PV_data/Potato___healthy/5df30492-0b54-474d-8883-bba9474ca88f___RS_HL 1801.JPG,19,19,healthy,healthy,0.999977
453e1a1a89309488b8bf8f58f17083cb,PV_data/Potato___healthy/5e19b1f4-fd65-4c4d-bcd2-18c8c519eddb___RS_HL 1965.JPG,19,19,healthy,healthy,0.9995018
f5692ea53b1c90c96e01e9c59da191ca,PV_data/Potato___healthy/7bfda067-6e35-4af5-a9c4-4b3b5f357871___RS_HL 1813.JPG,19,19,healthy,healthy,0.9999876
b6d3109a795817559c49de13bf7b4927,PV_data/Potato___healthy/7e7b6ab4-9adb-4a3b-abfb-8716b0039879___RS_HL 1921.JPG,19,19,healthy,healthy,0.9936527
b2541e2e10cb1cef76dc5f207697a5c2,PV_data/Potato___healthy/882798ca-67c3-45a3-86cf-4aed69388145___RS_HL 1750.JPG,19,19,healthy,healthy,0.99965465
566ae5650804e96f526c1dc3ef744718,PV_data/Potato___healthy/907f26b7-a14f-463f-a41e-f35d6e0f1417___RS_HL 1757.JPG,19,19,healthy,healthy,0.9649548
b48938910921e4bb8dea265a77160cf0,PV_data/Potato___healthy/9c620128-2872-4bbb-bc14-d5b785242cf6___RS_HL 1751.JPG,19,19,healthy,healthy,0.9999925
eb295f07e168c84c65cd320b4c6515f1,PV_data/Potato___healthy/b0fe9fe9-52e7-40e4-b4c0-769f1a0c7fb9___RS_HL 4175.JPG,19,15,healthy,Spider_mites Two-spotted_spider_mite,0.71287286
9e152d2fef1df26a3be7e399de758f2e,PV_data/Potato___healthy/b28c43f9-5844-4e9b-86bf-36bc114cae07___RS_HL 1736.JPG,19,19,healthy,healthy,0.99287236
8409440d207ab88ea5638a97e2a6441a,PV_data/Potato___healthy/b35b9f8b-daca-4d12-a5be-defe68d0acc5___RS_HL 1903.JPG,19,19,healthy,healthy,0.9992499
fd01cb7f73d234a55cc144a7f4ffa8ae,PV_data/Potato___healthy/b8b7b98a-eb1a-4213-9b0b-aeef4df427e8___RS_HL 1858.JPG,19,19,healthy,healthy,0.9999825
583e8fbc5657d3a32d2277f535bec8cd,PV_data/Potato___healthy/bf2bffbb-cd8f-4d36-bd58-847808397c75___RS_HL 1786.JPG,19,19,healthy,healthy,0.99984705
cd3944c9c7246d62f4b7aaad35eea027,PV_data/Potato___healthy/c07db642-c675-4066-99b6-56bc8207fb37___RS_HL 4164.JPG,19,19,healthy,healthy,0.8840877
9c86085a4bb7d17e59de285a99a98a37,PV_data/Potato___healthy/d227e4c8-e203-4aa4-b813-25b96baa2869___RS_HL 1831.JPG,19,19,healthy,healthy,0.9930676
4dd0bc11cdbfbc830b5acd2fbcb2bed9,PV_data/Potato___healthy/d340704d-cc00-4068-bb8a-ae70840b7bfa___RS_HL 1773.JPG,19,19,healthy,healthy,0.9999285
6b3faff3ef20fb0bf441bb04b70739b0,PV_data/Potato___healthy/f0fdde26-78b4-46f0-9eb8-7c2a743d34aa___RS_HL 4165.JPG,19,19,healthy,healthy,0.79561776
b2715a433fb3f5a90f64593d559f5aad,PV_data/Strawberry___Leaf_scorch/0138e78b-9802-43b5-b40e-84c38160418c___RS_L.Scorch 1289.JPG,11,11,Leaf_scorch,Leaf_scorch,1.0
6cf274cccf9111b54747787ce5681c0d,PV_data/Strawberry___Leaf_scorch/01d11a79-f858-4e58-9b14-c3f0619af1f7___RS_L.Scorch 0090.JPG,11,11,Leaf_scorch,Leaf_scorch,1.0
0d7d139239a0f24044d6a056a41d57e0,PV_data/Strawberry___Leaf_scorch/0212ca0a-a34b-45f1-8a5b-73cde45acee0___RS_L.Scorch 1566.JPG,11,11,Leaf_scorch,Leaf_scorch,1.0
37f3987060fad101a86342465729ccf7,PV_data/Strawberry___Leaf_scorch/08adf0a2-b86c-4c0c-b5b3-fcc7ac5447cb___RS_L.Scorch 1165.JPG,11,11,Leaf_scorch,Leaf_scorch,1.0
7252c99a4d98ea63df92aa1fcb6b78ab,PV_data/Strawberry___Leaf_scorch/0b440206-f9aa-463a-9c52-3bc5721fdcb5___RS_L.Scorch 9927.JPG,11,11,Leaf_scorch,Leaf_scorch,0.9999329
19c6ef04c59d76ea145e9d0778d21a6d,PV_data/Strawberry___Leaf_scorch/0e30a013-04c1-4936-b8b3-1eeaa65cfaac___RS_L.Scorch 1559.JPG,11,11,Leaf_scorch,Leaf_scorch,1.0
4727fac2ef6a5ba3e5ac5f4067e1fd0c,PV_data/Strawberry___Leaf_scorch/1081bac8-4ff2-4025-8328-446284666d47___RS_L.Scorch 1171.JPG,11,11,Leaf_scorch,Leaf_scorch,1.0
af91bccb4e35029130fbf81ab10e1625,PV_data/Strawberry___Leaf_scorch/13d5364a-7ac5-4c5f-9cf1-23c64499a620___RS_L.Scorch 1342.JPG,11,11,Leaf_scorch,Leaf_scorch,1.0
bd23dfcb262dddc8a2d60f37b582743c,PV_data/Strawberry___Leaf_scorch/14d239f5-d25b-4512-b0f2-65817b9144ca___RS_L.Scorch 1318.JPG,11,11,Leaf_scorch,Leaf_scorch,1.0
4a47618a8374247178c405b11aceed62,PV_data/Strawberry___Leaf_scorch/1620e450-abe8-4618-a48b-3ca16971d120___RS_L.Scorch 1241.JPG,11,11,Leaf_scorch,Leaf_scorch,1.0
08cae083a1bf07645ecf390ec9ae7c37,PV_data/Strawberry___Leaf_scorch/167092ad-3447-4720-8c84-1f7fd5b25e7e___RS_L.Scorch 1269.JPG,11,11,Leaf_scorch,Leaf_scorch,1.0
f6fdd6e8803a5bcd487bde50f12c7828,PV_data/Strawberry___Leaf_scorch/1733ec78-998c-4af9-81b3-d2ad994710ef___RS_L.Scorch 1528.JPG,11,11,Leaf_scorch,Leaf_scorch,1.0
b24e96d566796471c1801a971799b9b9,PV_data/Strawberry___Leaf_scorch/1ae1d3c0-fba3-49a0-a7ff-0619e7596a6c___RS_L.Scorch 0986.JPG,11,11,Leaf_scorch,Leaf_scorch,1.0
3093981edd58370a95aa5802a1dcfae8,PV_data/Strawberry___Leaf_scorch/1b5b28f8-0f91-4c06-9947-022928bc2cee___RS_L.Scorch 1331.JPG,11,11,Leaf_scorch,Leaf_scorch,1.0
7c9a62c2a2afa0bfb1304fc7c316299b,PV_data/Strawberry___Leaf_scorch/1ba17895-c6a5-404a-967c-ef33d16a5b65___RS_L.Scorch 0108.JPG,11,11,Leaf_scorch,Leaf_scorch,1.0
652db4870306f8395a1704d6cd9a0d6c,PV_data/Strawberry___Leaf_scorch/1d3d9fb0-9c00-4763-b023-8fa65f591940___RS_L.Scorch 1336.JPG,11,11,Leaf_scorch,Leaf_scorch,1.0
6942c02a0d9ed86637c8c5fa20c637b9,PV_data/Strawberry___Leaf_scorch/1dd884ae-812c-4330-b1c2-c12385e326d6___RS_L.Scorch 0110.JPG,11,11,Leaf_scorch,Leaf_scorch,1.0
d54cc5aaaf36b527b19edd367d01b316,PV_data/Strawberry___Leaf_scorch/205d3119-0818-4119-8f69-494102bdb5f7___RS_L.Scorch 1004.JPG,11,11,Leaf_scorch,Leaf_scorch,1.0
3564d07dd8d04fbf391342dbf4f73fb4,PV_data/Strawberry___Leaf_scorch/231ee42e-ca7b-4c1f-9272-b963d445a966___RS_L.Scorch 9908.JPG,11,11,Leaf_scorch,Leaf_scorch,1.0
0e508bfa7150c641bd7245872c9ccb63,PV_data/Strawberry___Leaf_scorch/233640f5-3b34-4739-9c80-9052872bc7b6___RS_L.Scorch 1447.JPG,11,11,Leaf_scorch,Leaf_scorch,1.0
1cee1ed0a3df286c79537b6072ca2e45,PV_data/Strawberry___Leaf_scorch/247833b5-b655-418d-80c8-72fa4889dc5b___RS_L.Scorch 9978.JPG,11,11,Leaf_scorch,Leaf_scorch,1.0
8a908845efde3da5dfa9a62ab062ce61,PV_data/Strawberry___Leaf_scorch/2611a7e0-088c-4865-ad86-736e400e05f6___RS_L.Scorch 1226.JPG,11,11,Leaf_scorch,Leaf_scorch,1.0
6a7cd4c370853e051638a40aa5642269,PV_data/Strawberry___Leaf_scorch/26770e6d-12cb-4923-8828-75e0ba9d2ab8___RS_L.Scorch 1267.JPG,11,11,Leaf_scorch,Leaf_scorch,1.0
f74235c44a8b85a19072b44356915127,PV_data/Strawberry___Leaf_scorch/2794f151-67b4-409c-a886-903a524b5345___RS_L.Scorch 0022.JPG,11,11,Leaf_scorch,Leaf_scorch,1.0
853f133bee738d7ed57d37c0263d1e0f,PV_data/Strawberry___Leaf_scorch/290609a6-2e60-46b3-986e-1af09ff21e57___RS_L.Scorch 0863.JPG,11,11,Leaf_scorch,Leaf_scorch,1.0
46ff1a0380bcb4eb213c86eb2b40f3e9,PV_data/Strawberry___Leaf_scorch/2ca86722-3dd1-41ae-adcd-cc7b7c62f7b3___RS_L.Scorch 0043.JPG,11,11,Leaf_scorch,Leaf_scorch,1.0
6491234d4f764590154f3e4c36c5e96e,PV_data/Strawberry___Leaf_scorch/2ccd8529-b99b-4ada-81c8-f9ae6e25cf3e___RS_L.Scorch 1014.JPG,11,11,Leaf_scorch,Leaf_scorch,1.0
b87f465a50e8083c85655c69554efd60,PV_data/Strawberry___Leaf_scorch/2d2e27fa-2a4e-4d04-8d87-2b65a97720fc___RS_L.Scorch 1452.JPG,11,11,Leaf_scorch,Leaf_scorch,1.0
2dc9ad9b891224b74435b825d7b533d7,PV_data/Strawberry___Leaf_scorch/2dd283a8-54e6-4676-ac5b-76e548a4ca82___RS_L.Scorch 1346.JPG,11,11,Leaf_scorch,Leaf_scorch,1.0
389e2754955caad3a4f8ef7e7c177147,PV_data/Strawberry___Leaf_scorch/2e15fb16-79b2-4075-b223-36defe940a70___RS_L.Scorch 1486.JPG,11,11,Leaf_scorch,Leaf_scorch,1.0
e586b1e4d76e87fe6d6c3a0f898f6861,PV_data/Strawberry___Leaf_scorch/2f7b3f6a-9035-4d93-9b5c-b0236fca8598___RS_L.Scorch 1303.JPG,11,11,Leaf_scorch,Leaf_scorch,1.0
ac52cee7e3d5b708606fad9110ddf70d,PV_data/Strawberry___Leaf_scorch/2f85af8e-0d83-4557-93a0-edfa85db9753___RS_L.Scorch 1439.JPG,11,11,Leaf_scorch,Leaf_scorch,0.9999999
12181659590a1b3d17225bfe5197122c,PV_data/Strawberry___Leaf_scorch/33456e3e-53a3-4be9-be9c-64fe7cd821a8___RS_L.Scorch 1355.JPG,11,11,Leaf_scorch,Leaf_scorch,1.0
af812063651172a98113d537c5ad4317,PV_data/Strawberry___Leaf_scorch/352d0a20-cefd-4829-87d3-aefc65f46901___RS_L.Scorch 1389.JPG,11,11,Leaf_scorch,Leaf_scorch,1.0
89e5e8119f12d36fc98a7a2a1892dde5,PV_data/Strawberry___Leaf_scorch/35afe275-3d26-4f6c-9c35-2a8c76fad8eb___RS_L.Scorch 1262.JPG,11,11,Leaf_scorch,Leaf_scorch,1.0
3534b20b94390ae25d7e068aac16f774,PV_data/Strawberry___Leaf_scorch/377d90b2-9fa5-4c5e-9345-590d7c905750___RS_L.Scorch 1286.JPG,11,11,Leaf_scorch,Leaf_scorch,1.0
b935f5c094fbcff352c8e00f590b3a04,PV_data/Strawberry___Leaf_scorch/39966ab3-c455-4ca2-ac9b-b3c4317ec37f___RS_L.Scorch 1329.JPG,11,11,Leaf_scorch,Leaf_scorch,1.0
c705e7843cb869e8f9cc7cacd0c4ca88,PV_data/Strawberry___Leaf_scorch/3b44d2b5-fc5a-497c-92fb-1068e323c67e___RS_L.Scorch 1569.JPG,11,11,Leaf_scorch,Leaf_scorch,1.0
279a076d76e8dceee72b4255679e456d,PV_data/Strawberry___Leaf_scorch/3b9454d1-8c70-4bca-ba30-60689208c217___RS_L.Scorch 1245.JPG,11,11,Leaf_scorch,Leaf_scorch,1.0
b080dca538bdd7635b547dde276fe74b,PV_data/Strawberry___Leaf_scorch/3cefe53f-b1ff-4d34-9ecb-825f260e720d___RS_L.Scorch 1436.JPG,11,11,Leaf_scorch,Leaf_scorch,1.0
a335a137912f8a91f6b3e77f50dbf5db,PV_data/Strawberry___Leaf_scorch/3cfcfd90-0c54-433e-addc-f9e2d30ae27c___RS_L.Scorch 1211.JPG,11,11,Leaf_scorch,Leaf_scorch,1.0
247614cfdf29c963e0e9ddfbd212a103,PV_data/Strawberry___Leaf_scorch/3d2e77df-cf60-4736-9640-0939c88b89a2___RS_L.Scorch 1418.JPG,11,11,Leaf_scorch,Leaf_scorch,1.0
c692d48b1df2c4344432962bea536098,PV_data/Strawberry___Leaf_scorch/3f21964d-583e-4773-9922-8f1cbc8c0e02___RS_L.Scorch 1377.JPG,11,11,Leaf_scorch,Leaf_scorch,1.0
0eb3a1c696580daea3e5332eca444022,PV_data/Strawberry___Leaf_scorch/42579a41-271a-420c-84df-fe08213c3600___RS_L.Scorch 0103.JPG,11,11,Leaf_scorch,Leaf_scorch,1.0
87f196b502c4ac6530d0c032e0b564a8,PV_data/Strawberry___Leaf_scorch/4aa8cc68-a343-45b7-8ef7-c7a15c050076___RS_L.Scorch 1189.JPG,11,11,Leaf_scorch,Leaf_scorch,1.0
f4be8d9962bec96fe767b034fa2b8a85,PV_data/Strawberry___Leaf_scorch/4b03e1ad-335c-41d7-bff8-ee91ee97a164___RS_L.Scorch 1275.JPG,11,11,Leaf_scorch,Leaf_scorch,1.0
d51d97c1202285b10af3931ba0335448,PV_data/Strawberry___Leaf_scorch/4b1e034b-d3c8-4db4-a105-258cbd1227fb___RS_L.Scorch 9906.JPG,11,11,Leaf_scorch,Leaf_scorch,1.0
7ec0fb650cd5718be05e637cd691bdec,PV_data/Strawberry___Leaf_scorch/4c817438-77b9-4b33-b272-6be7a49863de___RS_L.Scorch 1570.JPG,11,11,Leaf_scorch,Leaf_scorch,1.0
07bfbe066f845d22c284bc7376d7536a,PV_data/Strawberry___Leaf_scorch/4da9a515-440d-495b-8969-320b27b460be___RS_L.Scorch 1442.JPG,11,11,Leaf_scorch,Leaf_scorch,1.0
cd2601eec131c209bc9d4d4886d2da90,PV_data/Strawberry___Leaf_scorch/4ed944ee-0eb1-42e5-9346-f6e519dd8c94___RS_L.Scorch 0017.JPG,11,11,Leaf_scorch,Leaf_scorch,1.0
5eaf12070febb325767b69874fa31811,PV_data/Strawberry___Leaf_scorch/4f89ed72-202f-4357-b15e-246999c59d03___RS_L.Scorch 0004.JPG,11,11,Leaf_scorch,Leaf_scorch,1.0
0638d76c109effb93cf9ffeec887baf0,PV_data/Strawberry___Leaf_scorch/50ef3cab-ca8a-4c59-854f-8b84e68f6da2___RS_L.Scorch 9909.JPG,11,11,Leaf_scorch,Leaf_scorch,0.99996483
88f617539d2341aeaf570bf7a4f6ab8f,PV_data/Strawberry___Leaf_scorch/51d08a3c-0a36-472d-9079-06e4746488b5___RS_L.Scorch 0052.JPG,11,11,Leaf_scorch,Leaf_scorch,1.0
ee0709bb35154f01692479bc661238df,PV_data/Strawberry___Leaf_scorch/5275bc15-41ca-481d-a3af-c347b861985a___RS_L.Scorch 1148.JPG,11,11,Leaf_scorch,Leaf_scorch,1.0
dcadb29981ae5a1dbc5854485453b3c2,PV_data/Strawberry___Leaf_scorch/5297eecc-3b42-42e6-87af-d01be13b3052___RS_L.Scorch 9910.JPG,11,11,Leaf_scorch,Leaf_scorch,0.97355396
02bc34e49660961e57d24a07591a28e4,PV_data/Strawberry___Leaf_scorch/5392e86c-d767-44f7-8043-8f90f970082a___RS_L.Scorch 1435.JPG,11,11,Leaf_scorch,Leaf_scorch,1.0
b1b9ec9f508e44e54425f852106b843c,PV_data/Strawberry___Leaf_scorch/5448ed57-944c-47d5-b35a-d1f85dc5bb25___RS_L.Scorch 1475.JPG,11,11,Leaf_scorch,Leaf_scorch,1.0
0317535cd22ed52cde16a0806de6037c,PV_data/Strawberry___Leaf_scorch/55f79b76-619c-4fad-8fbd-1663a4c13f2f___RS_L.Scorch 9935.JPG,11,11,Leaf_scorch,Leaf_scorch,0.999977
98767a68a98a8fc50aee52a5d2a50106,PV_data/Strawberry___Leaf_scorch/5867b5d9-82bb-4e7f-aeb6-605ce7740708___RS_L.Scorch 0934.JPG,11,11,Leaf_scorch,Leaf_scorch,1.0
52c391344657a738c6685408b4c8b35c,PV_data/Strawberry___Leaf_scorch/59def4d2-f75f-4550-875a-adafdf5b4ab9___RS_L.Scorch 0976.JPG,11,11,Leaf_scorch,Leaf_scorch,1.0
10fbe9a6db513c73a7732299192498d9,PV_data/Strawberry___Leaf_scorch/5f6ead43-4a36-4bd6-8ee6-75f405a40e67___RS_L.Scorch 0807.JPG,11,11,Leaf_scorch,Leaf_scorch,1.0
3a69602f653d9bf5c6a2161dbb838e54,PV_data/Strawberry___Leaf_scorch/5f802b75-c5c1-4ed2-a889-440f83bb0c1c___RS_L.Scorch 1115.JPG,11,11,Leaf_scorch,Leaf_scorch,1.0
b7ead314ae69b5e03f1526f3f33e7f06,PV_data/Strawberry___Leaf_scorch/5fb14034-b8e8-4f6a-81cf-6e34bf60292f___RS_L.Scorch 0023.JPG,11,11,Leaf_scorch,Leaf_scorch,1.0
89e31b24a96f3e7104b135ee311501a9,PV_data/Strawberry___Leaf_scorch/62114343-a924-445c-9a9a-9103fc797414___RS_L.Scorch 0116.JPG,11,11,Leaf_scorch,Leaf_scorch,1.0
9d13acf068230e705be5f0b103c2b9ea,PV_data/Strawberry___Leaf_scorch/638c2ec7-0381-4b70-8b84-8b270e70cd87___RS_L.Scorch 1085.JPG,11,11,Leaf_scorch,Leaf_scorch,1.0
b2fc153538f0fdac1a7bc57c5e3cf7f2,PV_data/Strawberry___Leaf_scorch/63ac5f8d-e2bb-499c-8833-692d4ac53ea8___RS_L.Scorch 0014.JPG,11,11,Leaf_scorch,Leaf_scorch,1.0
bd4e718b847a66eac1dc679d0018105f,PV_data/Strawberry___Leaf_scorch/69c4b7e0-1d86-488b-9ac7-4bcbde03891a___RS_L.Scorch 0124.JPG,11,11,Leaf_scorch,Leaf_scorch,1.0
bf75de99756321cdfe774488efdafe76,PV_data/Strawberry___Leaf_scorch/6a29fa42-1de4-4f30-9b59-961793ae719f___RS_L.Scorch 1317.JPG,11,11,Leaf_scorch,Leaf_scorch,1.0
bd40b42f69c70e4da66f6cb2e791cfc2,PV_data/Strawberry___Leaf_scorch/6a6590c0-f929-4e31-b532-f9990c5db9fa___RS_L.Scorch 9902.JPG,11,11,Leaf_scorch,Leaf_scorch,1.0
91895b2cac810950e4cae4136b41af6f,PV_data/Strawberry___Leaf_scorch/6b5b0495-3fa5-4da0-894b-3a0ec775a0fd___RS_L.Scorch 1233.JPG,11,11,Leaf_scorch,Leaf_scorch,1.0
c08900cdd8c81a13fde13e194e72b321,PV_data/Strawberry___Leaf_scorch/6c1b8a7b-f7c3-4c9d-b04d-c9885df5ed31___RS_L.Scorch 0818.JPG,11,11,Leaf_scorch,Leaf_scorch,1.0
c7b779fc09bde46f44aa0547cb8d5d4a,PV_data/Strawberry___Leaf_scorch/6daf8783-ab4d-451e-8aaf-00e29b23e29a___RS_L.Scorch 0009.JPG,11,11,Leaf_scorch,Leaf_scorch,1.0
568476e0fc23f41ed90d12490cb79683,PV_data/Strawberry___Leaf_scorch/71084f02-55a0-4b60-9ae9-2ea16df6bb93___RS_L.Scorch 0147.JPG,11,11,Leaf_scorch,Leaf_scorch,1.0
33bdfb1c39434d80f4db12fa1d420b29,PV_data/Strawberry___Leaf_scorch/73c28c4a-6899-404e-a107-39445bc7be09___RS_L.Scorch 1091.JPG,11,11,Leaf_scorch,Leaf_scorch,1.0
553717e3b56aea771377b043990b2e33,PV_data/Strawberry___Leaf_scorch/74dfe939-0365-47e6-ab39-9fb2b656cf39___RS_L.Scorch 1323.JPG,11,11,Leaf_scorch,Leaf_scorch,1.0
d2424d35ed452837a0f772221f1e8e4d,PV_data/Strawberry___Leaf_scorch/752d3a4c-a828-43ed-8256-28586b1fc0b9___RS_L.Scorch 1200.JPG,11,11,Leaf_scorch,Leaf_scorch,1.0
8208028488a87874746c0af4fabbfc0a,PV_data/Strawberry___Leaf_scorch/765973d5-5323-4f69-82f8-0bae219a58c2___RS_L.Scorch 1054.JPG,11,11,Leaf_scorch,Leaf_scorch,1.0
5d3f50943e8736c24648b09ab57bbbf5,PV_data/Strawberry___Leaf_scorch/771dd036-852e-4e99-83c4-900bf47f2204___RS_L.Scorch 1018.JPG,11,11,Leaf_scorch,Leaf_scorch,1.0
6edac36512366591c110bfac030bba21,PV_data/Strawberry___Leaf_scorch/796d0728-f68f-42c4-8b06-277b9ba2fd78___RS_L.Scorch 1265.JPG,11,11,Leaf_scorch,Leaf_scorch,1.0
7963fcd08d257ce8ed1c3daeb5d6facb,PV_data/Strawberry___Leaf_scorch/79c2506c-98e7-4e81-8daa-cc30fcc19436___RS_L.Scorch 9925.JPG,11,11,Leaf_scorch,Leaf_scorch,0.9999999
d009114dba38d19a5f656867452bc8a1,PV_data/Strawberry___Leaf_scorch/7ac5bc30-d798-4205-a5a6-1235eae3a66d___RS_L.Scorch 1533.JPG,11,11,Leaf_scorch,Leaf_scorch,1.0
d7504519a91f16c428ee1d2c18497f1d,PV_data/Strawberry___Leaf_scorch/7be1959f-ca02-4477-95fb-974da4ff1ae0___RS_L.Scorch 0798.JPG,11,11,Leaf_scorch,Leaf_scorch,1.0
a1b25b2b3a8a1cbb8fe3efc5ff6ba51a,PV_data/Strawberry___Leaf_scorch/7c249f1b-15d5-4424-91cd-58b52e01cfdb___RS_L.Scorch 1141.JPG,11,11,Leaf_scorch,Leaf_scorch,1.0
c5163efd51a538dd204697a902ca6d07,PV_data/Strawberry___Leaf_scorch/7eb374a1-3a32-407d-85e0-1af8574dc3cd___RS_L.Scorch 0849.JPG,11,11,Leaf_scorch,Leaf_scorch,1.0
c3eb2625b9f284cf8cc82076fa88e919,PV_data/Strawberry___Leaf_scorch/7ed6d819-67a3-47e9-a896-6c7898839b5d___RS_L.Scorch 1011.JPG,11,11,Leaf_scorch,Leaf_scorch,1.0
2c2be004b4cfeefc335b21c7c6e70c07,PV_data/Strawberry___Leaf_scorch/7ef68428-ae8f-4cf6-b72a-8ebfb3e838b4___RS_L.Scorch 1235.JPG,11,11,Leaf_scorch,Leaf_scorch,1.0
76a7c71a1ec96d1903bf91c657cbbbd8,PV_data/Strawberry___Leaf_scorch/82e90e0f-5a50-4e12-81ee-ec8cd13fc678___RS_L.Scorch 0924.JPG,11,11,Leaf_scorch,Leaf_scorch,1.0
7ff176b7e67a13ae1745050a0a4be75e,PV_data/Strawberry___Leaf_scorch/83178057-79d0-46ab-ad87-858829d76aa2___RS_L.Scorch 0006.JPG,11,11,Leaf_scorch,Leaf_scorch,1.0
55fd3d725736a967f4c6d336908dd78d,PV_data/Strawberry___Leaf_scorch/83c52095-d426-4f63-835f-215547a65ea0___RS_L.Scorch 9926.JPG,11,11,Leaf_scorch,Leaf_scorch,0.9999989
3231af10d175ea34503c089046d2eade,PV_data/Strawberry___Leaf_scorch/84b41aa3-4e4f-42a7-890b-db2892047331___RS_L.Scorch 1562.JPG,11,11,Leaf_scorch,Leaf_scorch,1.0
d241373cc5f5ef4da207218b8b4973ad,PV_data/Strawberry___Leaf_scorch/86396da0-dc0b-4937-8946-e828f5a024de___RS_L.Scorch 0115.JPG,11,11,Leaf_scorch,Leaf_scorch,1.0
18b915041da60817d9f08a5851863f6f,PV_data/Strawberry___Leaf_scorch/87d9330d-9284-47af-8210-ad6f06a7f64d___RS_L.Scorch 1232.JPG,11,11,Leaf_scorch,Leaf_scorch,1.0
4dc245735523ecb700df514fd5369302,PV_data/Strawberry___Leaf_scorch/8af1ca11-3d9e-4ed7-99c4-ff906f04f634___RS_L.Scorch 0853.JPG,11,11,Leaf_scorch,Leaf_scorch,1.0
72428b534021b0eef9def37d81ebef08,PV_data/Strawberry___Leaf_scorch/8c5f9d15-9940-4523-a214-26eff4674724___RS_L.Scorch 0828.JPG,11,11,Leaf_scorch,Leaf_scorch,1.0
2a8dac7d25e7daf9c2199850983a38f2,PV_data/Strawberry___Leaf_scorch/8fcd1d14-b91c-4d1b-9c8b-db4fdd59ce5a___RS_L.Scorch 0118.JPG,11,11,Leaf_scorch,Leaf_scorch,1.0
8ce6a6321ea77aedd11e01d2ade045b8,PV_data/Strawberry___Leaf_scorch/9000b097-ea05-452f-bbbd-b8a156c9a779___RS_L.Scorch 0041.JPG,11,11,Leaf_scorch,Leaf_scorch,1.0
12bf0db9daf4b1f904f4bff38508dacb,PV_data/Strawberry___Leaf_scorch/90997894-f4c1-4489-860c-bc0a0662130a___RS_L.Scorch 0112.JPG,11,11,Leaf_scorch,Leaf_scorch,1.0
71d3d1262221cee1842847382a01f2d1,PV_data/Strawberry___Leaf_scorch/91795b04-c65c-4a0e-99d0-793b797ed3c4___RS_L.Scorch 9971.JPG,11,11,Leaf_scorch,Leaf_scorch,1.0
1751fb9e34a8f667080061ec7ad3c445,PV_data/Strawberry___Leaf_scorch/9325f598-aa0c-4531-9351-27764db5aae3___RS_L.Scorch 1191.JPG,11,11,Leaf_scorch,Leaf_scorch,1.0
caab58088b960a5f39d3540fa9788636,PV_data/Strawberry___Leaf_scorch/93e0b7bd-ec6a-425f-b365-b66f4af7cb52___RS_L.Scorch 0933.JPG,11,11,Leaf_scorch,Leaf_scorch,1.0
a587b2ed7175f833b94bddccc15c7a75,PV_data/Strawberry___Leaf_scorch/951c42f8-6f8d-4191-9723-55a76eec222f___RS_L.Scorch 0812.JPG,11,11,Leaf_scorch,Leaf_scorch,1.0
ade733e9c4e6217aaf2f755f8c133441,PV_data/Strawberry___Leaf_scorch/954f4764-c75e-41e3-a7d7-ae2b3aaba672___RS_L.Scorch 1291.JPG,11,11,Leaf_scorch,Leaf_scorch,1.0
7d60a121e07cb1b771a2bf8f8c1f794f,PV_data/Strawberry___Leaf_scorch/968c98c8-d748-4b1c-ab29-fc68f250da46___RS_L.Scorch 0024.JPG,11,11,Leaf_scorch,Leaf_scorch,1.0
d3695daf6aed342ffa856ade207dddbd,PV_data/Strawberry___Leaf_scorch/9b496567-3855-496d-8113-d4947f93c300___RS_L.Scorch 0876.JPG,11,11,Leaf_scorch,Leaf_scorch,1.0
0d00e7c50e26c6709412c17397d4ca63,PV_data/Strawberry___Leaf_scorch/9c9af338-d0e6-4fe2-b403-c9706a6aff9b___RS_L.Scorch 0122.JPG,11,11,Leaf_scorch,Leaf_scorch,1.0
c8230dec21b561183938f1b41e09531b,PV_data/Strawberry___Leaf_scorch/9cf4b587-8733-4b7a-a036-f0559e66f10a___RS_L.Scorch 1467.JPG,11,11,Leaf_scorch,Leaf_scorch,1.0
62ef8e92754762afce5d1a4d3003c910,PV_data/Strawberry___Leaf_scorch/a05dda9f-58c7-4b6c-90c2-1dcb84d80322___RS_L.Scorch 1016.JPG,11,11,Leaf_scorch,Leaf_scorch,1.0
6b02027fc526557dad3c2b1f315b1f43,PV_data/Strawberry___Leaf_scorch/a45656fb-2251-4748-be24-527e4fb37c6f___RS_L.Scorch 0927.JPG,11,11,Leaf_scorch,Leaf_scorch,1.0
8f11e15fdc0694adedec98967113e334,PV_data/Strawberry___Leaf_scorch/a4b70461-267f-4806-9e18-405e62f80bdb___RS_L.Scorch 1340.JPG,11,11,Leaf_scorch,Leaf_scorch,1.0
d530663a2e45a72dbf6189f03383bca3,PV_data/Strawberry___Leaf_scorch/a573390c-b351-4531-8985-46eebd625999___RS_L.Scorch 1563.JPG,11,11,Leaf_scorch,Leaf_scorch,1.0
a87f047e4b211ed50adba3e354fa1141,PV_data/Strawberry___Leaf_scorch/a5834394-fed3-4cc1-a6f5-496137f2a3de___RS_L.Scorch 0983.JPG,11,11,Leaf_scorch,Leaf_scorch,1.0
24a72c128569a5603a59a473f6e4c3a2,PV_data/Strawberry___Leaf_scorch/a636ff9a-76f7-4c89-a33c-9ba88dae2e80___RS_L.Scorch 1568.JPG,11,11,Leaf_scorch,Leaf_scorch,1.0
26e4af6b64bc74fd7f329b61182d4d72,PV_data/Strawberry___Leaf_scorch/ae29ceb2-6460-49dd-9590-23012292ddee___RS_L.Scorch 0879.JPG,11,11,Leaf_scorch,Leaf_scorch,1.0
cb3bb12b998fbfaf19d2304ac920f512,PV_data/Strawberry___Leaf_scorch/afc3d229-2150-4ce3-8f3f-ef06ccb7a6e5___RS_L.Scorch 1153.JPG,11,11,Leaf_scorch,Leaf_scorch,1.0
5414cb868eb6a38226df90600c292934,PV_data/Strawberry___Leaf_scorch/b0046a5b-152e-46df-a369-b96ccffd1dca___RS_L.Scorch 0799.JPG,11,11,Leaf_scorch,Leaf_scorch,1.0
8beaf7977f4aa10d77f0daf7a468943b,PV_data/Strawberry___Leaf_scorch/b02ec56b-cce6-4e02-b2c1-736279aba430___RS_L.Scorch 0875.JPG,11,11,Leaf_scorch,Leaf_scorch,1.0
1aafd8e6502afc862effc73abd43ca3f,PV_data/Strawberry___Leaf_scorch/b085a0c8-9a1d-4114-ad47-98f791a18012___RS_L.Scorch 1266.JPG,11,11,Leaf_scorch,Leaf_scorch,1.0
16cc30ebe4cba2a1fff8e43640aae240,PV_data/Strawberry___Leaf_scorch/b192b930-a9ac-4e0a-be27-ccab87b6078a___RS_L.Scorch 1474.JPG,11,11,Leaf_scorch,Leaf_scorch,1.0
7a6370b559c070116db3ac19243aee54,PV_data/Strawberry___Leaf_scorch/b1b73b37-b125-4538-b3ef-419982e266b3___RS_L.Scorch 1367.JPG,11,11,Leaf_scorch,Leaf_scorch,1.0
c9cddd0dc9726b78035198d8e8e320b7,PV_data/Strawberry___Leaf_scorch/b492f881-f7dd-4d77-ad1b-e46a9b0b9b2c___RS_L.Scorch 1399.JPG,11,11,Leaf_scorch,Leaf_scorch,1.0
3ece7c4ebcc2ed1d232f08be4b3f4be4,PV_data/Strawberry___Leaf_scorch/b4f9293b-406b-4be2-8273-5329faac034c___RS_L.Scorch 0923.JPG,11,11,Leaf_scorch,Leaf_scorch,1.0
d36aed69281a3a7793c9044fda34ddc9,PV_data/Strawberry___Leaf_scorch/b56e74f4-6cdf-4476-8759-817fa8e58439___RS_L.Scorch 0117.JPG,11,11,Leaf_scorch,Leaf_scorch,1.0
76dfd6ee6316df143d7c57b2dd562fb3,PV_data/Strawberry___Leaf_scorch/b58e0aef-3894-4ea4-871c-7672547d9e2d___RS_L.Scorch 1144.JPG,11,11,Leaf_scorch,Leaf_scorch,1.0
daaf4b4bf4a486038c7edf00b8b117a0,PV_data/Strawberry___Leaf_scorch/ba16fdd7-f417-41ad-96ad-0381971cf9a6___RS_L.Scorch 1330.JPG,11,11,Leaf_scorch,Leaf_scorch,1.0
4f5757108f87dae029f931a246937f0f,PV_data/Strawberry___Leaf_scorch/bac7e233-53f0-42bd-bc2a-3927e6029c33___RS_L.Scorch 1576.JPG,11,11,Leaf_scorch,Leaf_scorch,1.0
cf4bd7b4e047891671c0b2f77eee784a,PV_data/Strawberry___Leaf_scorch/bbf5cb98-385e-42b0-b3c1-1762ab684daa___RS_L.Scorch 1034.JPG,11,11,Leaf_scorch,Leaf_scorch,1.0
b11ba3b9a7fda2899790709532eee503,PV_data/Strawberry___Leaf_scorch/bc27498b-e23c-4f4f-b2ac-5202de687ef5___RS_L.Scorch 9955.JPG,11,11,Leaf_scorch,Leaf_scorch,0.99999833
c48f3b569bb0beba1bdb6c7273f98c09,PV_data/Strawberry___Leaf_scorch/bc51e069-f8e3-40c7-9357-ce4811551c8f___RS_L.Scorch 1119.JPG,11,11,Leaf_scorch,Leaf_scorch,1.0
7c80470575707cef75f9951b8bf3af0f,PV_data/Strawberry___Leaf_scorch/bdbe8588-e5e2-427b-8b56-834cb6212fe5___RS_L.Scorch 0085.JPG,11,11,Leaf_scorch,Leaf_scorch,1.0
1cea674f1f2e6b8f38b2888c872cd846,PV_data/Strawberry___Leaf_scorch/bdf0a747-3514-46fc-9d9f-5f23c8546209___RS_L.Scorch 1388.JPG,11,11,Leaf_scorch,Leaf_scorch,1.0
2396a79a25bd8a02b6ba29b288640a4a,PV_data/Strawberry___Leaf_scorch/bdfbcdc7-71b3-474f-b437-1c4da0a68966___RS_L.Scorch 1096.JPG,11,11,Leaf_scorch,Leaf_scorch,1.0
7f580cb82d5d20af40277a9ef19cb6cf,PV_data/Strawberry___Leaf_scorch/c29a0891-d843-4861-8e09-47e4405d1176___RS_L.Scorch 1417.JPG,11,11,Leaf_scorch,Leaf_scorch,1.0
2a6390fe1075573b44e3d22d8e1ece6f,PV_data/Strawberry___Leaf_scorch/c883953a-0380-4952-8eb4-35579bcff94b___RS_L.Scorch 0925.JPG,11,11,Leaf_scorch,Leaf_scorch,1.0
29966f0f2960baa4942d4f02c5beb932,PV_data/Strawberry___Leaf_scorch/c9a74c08-bc2f-4e29-8287-e1d33018cdfa___RS_L.Scorch 1591.JPG,11,11,Leaf_scorch,Leaf_scorch,1.0
91bfd969a502012b80ec53df568441fa,PV_data/Strawberry___Leaf_scorch/ca7e294b-5d3c-48ca-b65f-f8de011ba288___RS_L.Scorch 0060.JPG,11,11,Leaf_scorch,Leaf_scorch,1.0
18569db9541783ce9139877eab2f9139,PV_data/Strawberry___Leaf_scorch/cbec0dde-a302-4a91-b260-058ec4e7dfae___RS_L.Scorch 1201.JPG,11,11,Leaf_scorch,Leaf_scorch,1.0
affea8662baca4c296933d13c2333d66,PV_data/Strawberry___Leaf_scorch/ccacc967-db99-4d29-a7cf-505cfc497eaa___RS_L.Scorch 1572.JPG,11,11,Leaf_scorch,Leaf_scorch,1.0
a5b5b53d02d6195e57534f0c96e3a6a2,PV_data/Strawberry___Leaf_scorch/d1143390-e5d3-44e7-a1c6-dfeb40da8eb0___RS_L.Scorch 1254.JPG,11,11,Leaf_scorch,Leaf_scorch,1.0
71c652afcd1742226d36ce16404e9cf6,PV_data/Strawberry___Leaf_scorch/d4607fbf-6b84-42e4-8188-0c791c22037b___RS_L.Scorch 0141 copy.jpg,11,11,Leaf_scorch,Leaf_scorch,1.0
80ac350e71cd18df8e9d84ba388f9d92,PV_data/Strawberry___Leaf_scorch/d60041fc-99d3-40ad-adaa-ab4e966d583e___RS_L.Scorch 1133.JPG,11,11,Leaf_scorch,Leaf_scorch,1.0
1d90c69ca12b5458bf4f3c08e51c108f,PV_data/Strawberry___Leaf_scorch/d6de134e-978b-4e4e-8a67-4138560b1b71___RS_L.Scorch 1095.JPG,11,11,Leaf_scorch,Leaf_scorch,1.0
747ee07948a735c40019e4e67a38020f,PV_data/Strawberry___Leaf_scorch/d75b11d5-4be2-4543-a2cf-11d1aed9755b___RS_L.Scorch 0999.JPG,11,11,Leaf_scorch,Leaf_scorch,1.0
d29b1c388d3f57395b7338fe927c689d,PV_data/Strawberry___Leaf_scorch/db238286-1537-4631-ab74-f79dc170e19c___RS_L.Scorch 1305.JPG,11,11,Leaf_scorch,Leaf_scorch,1.0
a0bd52e96b3f1b5564e8fc127cf14407,PV_data/Strawberry___Leaf_scorch/ddefe390-309b-4b93-8feb-76c06bb25dd0___RS_L.Scorch 1155.JPG,11,11,Leaf_scorch,Leaf_scorch,1.0
c1934d9439407f86f789d9be6cbc18ea,PV_data/Strawberry___Leaf_scorch/e1118fe9-cddc-4ac4-a232-e08982157c5e___RS_L.Scorch 1490.JPG,11,11,Leaf_scorch,Leaf_scorch,1.0
ba1242dcdf6f70d1f28d951ddd0b1fff,PV_data/Strawberry___Leaf_scorch/e3e3cf2a-6188-4d19-8527-0ab1dd46dd7c___RS_L.Scorch 1411.JPG,11,11,Leaf_scorch,Leaf_scorch,1.0
9db631e7b4ca752f1dc4ff8d5e6c5878,PV_data/Strawberry___Leaf_scorch/e479463e-ecf2-4b9d-bac1-4dd698b13b81___RS_L.Scorch 1348.JPG,11,11,Leaf_scorch,Leaf_scorch,1.0
5358bb6be97d6032fd7c562f01c428c2,PV_data/Strawberry___Leaf_scorch/e4c80180-3b82-4991-8814-cbaf4f316162___RS_L.Scorch 1182.JPG,11,11,Leaf_scorch,Leaf_scorch,1.0
7bb2c96917d8b3a4eeb152279df3a8ec,PV_data/Strawberry___Leaf_scorch/e59efe9b-bfdf-4a4a-85e0-603a97c52083___RS_L.Scorch 0069.JPG,11,11,Leaf_scorch,Leaf_scorch,1.0
9e4544598520e59fee68d7f8ce609a49,PV_data/Strawberry___Leaf_scorch/e5fb7942-bb5d-49f8-8cc1-80b469af95fd___RS_L.Scorch 1138.JPG,11,11,Leaf_scorch,Leaf_scorch,1.0
2985c89038664a85447348f80558d62b,PV_data/Strawberry___Leaf_scorch/e6a58ef4-f85e-4a73-a5f9-b1ba93d98fd1___RS_L.Scorch 1035.JPG,11,11,Leaf_scorch,Leaf_scorch,1.0
21c63a1fc4be47f61dd2823415af3e44,PV_data/Strawberry___Leaf_scorch/e6dad2a5-e5cc-4ef7-bbc8-5cb0d0f0cb0c___RS_L.Scorch 1594.JPG,11,11,Leaf_scorch,Leaf_scorch,1.0
d243f2d4c7592d54d4031db01f3bc283,PV_data/Strawberry___Leaf_scorch/e7742c1f-7ea0-40a1-834e-eea9cf538641___RS_L.Scorch 0076.JPG,11,11,Leaf_scorch,Leaf_scorch,1.0
03c1b393819dae5579fa137bd106a2b5,PV_data/Strawberry___Leaf_scorch/ea5d5ed5-c066-4f78-a633-585349910c47___RS_L.Scorch 1151.JPG,11,11,Leaf_scorch,Leaf_scorch,1.0
2c5453eb99e0a9b5bdb588976a642cc1,PV_data/Strawberry___Leaf_scorch/eaf7b374-1627-486d-8592-ee2df00abf4a___RS_L.Scorch 1392.JPG,11,11,Leaf_scorch,Leaf_scorch,1.0
bd061aec266d589522a7806f9f76222e,PV_data/Strawberry___Leaf_scorch/eccc2000-fb04-4c85-8a90-11498d11addd___RS_L.Scorch 9945.JPG,11,11,Leaf_scorch,Leaf_scorch,0.9999999
8448076738cfb3eb179749e94b62f306,PV_data/Strawberry___Leaf_scorch/ee53e362-251b-4ca5-a000-425cf8930e3d___RS_L.Scorch 1109.JPG,11,11,Leaf_scorch,Leaf_scorch,1.0
286ed838727d9b5f93ea2e8a9091b7bb,PV_data/Strawberry___Leaf_scorch/f10b17bb-4841-4c98-9557-27d866eed36a___RS_L.Scorch 0109.JPG,11,11,Leaf_scorch,Leaf_scorch,1.0
861be45265eefd0ed7d154f9abcb5258,PV_data/Strawberry___Leaf_scorch/f740e529-abd0-44e1-898e-92ee5afa16f1___RS_L.Scorch 1421.JPG,11,11,Leaf_scorch,Leaf_scorch,1.0
d57e66afb64240eea1b48f68d9120c9b,PV_data/Strawberry___Leaf_scorch/f7840195-f040-49fe-a2d7-ddfcf0583df3___RS_L.Scorch 1039.JPG,11,11,Leaf_scorch,Leaf_scorch,1.0
742fdab15674f8907e4fed035e34e5de,PV_data/Strawberry___Leaf_scorch/f919c31d-1726-48d3-ae98-efcd606877bb___RS_L.Scorch 0162.JPG,11,11,Leaf_scorch,Leaf_scorch,1.0
2af443b9a5d79e219d877c3249ab0afd,PV_data/Strawberry___Leaf_scorch/f932b03b-050d-4d4a-9076-6823efc1cb73___RS_L.Scorch 0856.JPG,11,11,Leaf_scorch,Leaf_scorch,1.0
08eed8dab5aac07d1bf55e2b85a8ca88,PV_data/Strawberry___Leaf_scorch/f95d6e54-a621-4741-88d2-d217899a66f0___RS_L.Scorch 1135.JPG,11,11,Leaf_scorch,Leaf_scorch,1.0
3388465fc2ee5dc757778e8061160409,PV_data/Strawberry___Leaf_scorch/fa2d430f-43cf-4dd8-bb7d-c03836e480f8___RS_L.Scorch 1227.JPG,11,11,Leaf_scorch,Leaf_scorch,1.0
75fc0709144b90cb6bf35dfb661b431c,PV_data/Strawberry___Leaf_scorch/fb580033-577d-40ce-92c2-aa8f2b0ac088___RS_L.Scorch 0096.JPG,11,11,Leaf_scorch,Leaf_scorch,1.0
159e0e78269aba98c4ca9fc6be34f90a,PV_data/Strawberry___Leaf_scorch/fba85f23-a979-4464-966f-09c3911ca9f3___RS_L.Scorch 1223.JPG,11,11,Leaf_scorch,Leaf_scorch,1.0
ba60fb990c8d4e6e946a992f8a9ff267,PV_data/Strawberry___Leaf_scorch/fdbd115d-4709-42eb-90ce-278a33fc3e7e___RS_L.Scorch 0079.JPG,11,11,Leaf_scorch,Leaf_scorch,1.0
a5c9e1a8b9fe7a518eb67e844d6f4c06,PV_data/Strawberry___healthy/00532378-bfb2-4d3b-8b19-903ecc085624___RS_HL 2021.JPG,19,19,healthy,healthy,0.9999999
25bd2fc1ae3ab482713e217f8be02b39,PV_data/Strawberry___healthy/02caa98d-1c74-43b3-b3ee-e8492998f82a___RS_HL 2090.JPG,19,19,healthy,healthy,0.99999094
bf2783b0383b264398723aa8f9ea2932,PV_data/Strawberry___healthy/03fe6806-ca61-46c1-8889-45e40228c168___RS_HL 4632.JPG,19,19,healthy,healthy,0.9999981
ad9c91267dc79b35319007cddc7dc6fc,PV_data/Strawberry___healthy/057e51f5-f5c1-40b2-930b-a2346c138969___RS_HL 4596.JPG,19,19,healthy,healthy,0.9999647
fffc314298f6f164423fb5851e7f76a9,PV_data/Strawberry___healthy/0b444634-b557-45f4-a68a-8e9e38cd6683___RS_HL 2184.JPG,19,19,healthy,healthy,0.99999845
ace878cfad53cc060606f5aac8e26a64,PV_data/Strawberry___healthy/0d9c97af-4a3e-41f5-9c42-534898ea1688___RS_HL 4375.JPG,19,19,healthy,healthy,0.99999917
0874f1b5cd05071e14552c9692ee6acc,PV_data/Strawberry___healthy/14b39aa2-a081-45a5-ba2d-79d21f9b29a1___RS_HL 1972.JPG,19,19,healthy,healthy,0.99999976
d1f0c0c441489a06efb28b45328d52e5,PV_data/Strawberry___healthy/1788478b-7aac-4ec3-b249-e1d145a39980___RS_HL 2172.JPG,19,19,healthy,healthy,0.9999932
bee8005575bdd1352b7155ff6abce92e,PV_data/Strawberry___healthy/1a28038d-0e6d-4ac7-94d1-76d30fc89d71___RS_HL 2058.JPG,19,19,healthy,healthy,0.9999716
9e8b7ea667d4c7cc976a5869a67097f5,PV_data/Strawberry___healthy/1b250776-ccb2-49b9-9964-a729567f60b9___RS_HL 2205.JPG,19,19,healthy,healthy,0.9998946
8f503f8f5bc14c4b9ca548b385c809ee,PV_data/Strawberry___healthy/1d92fcef-79d0-469b-b9b1-71a318505821___RS_HL 4487.JPG,19,19,healthy,healthy,0.9999981
8578f232244b48c7154a67e324c63918,PV_data/Strawberry___healthy/20a44f54-5534-4eed-9240-b1a6eb8ce4e1___RS_HL 1708.JPG,19,19,healthy,healthy,0.9999993
3b3eb2409eb83c982f36c9dc36a53346,PV_data/Strawberry___healthy/23bce3ab-97d8-43a9-b38b-9e4e6fa57807___RS_HL 1829.JPG,19,19,healthy,healthy,0.9999999
2e2788214d20c884822f944ef1a4d983,PV_data/Strawberry___healthy/23f8718a-9556-4ad1-a9a0-4c895ee5a91b___RS_HL 2226.JPG,19,19,healthy,healthy,0.9999981
d3eae9b8ee8c656cff3c9d94681de70d,PV_data/Strawberry___healthy/26fb9410-2d79-482d-bff7-a6210dda4c07___RS_HL 1746.JPG,19,19,healthy,healthy,0.99999964
648a2a879ee5aeac3b11a3575f83038d,PV_data/Strawberry___healthy/27c2aaa4-de4b-4fb1-ba8d-14d4b24b2afa___RS_HL 4665.JPG,19,19,healthy,healthy,0.9999999
d9471704d27468c84b5f5f1fd265e95c,PV_data/Strawberry___healthy/29050f21-a393-473e-9f9c-7fd99feef9a7___RS_HL 4533.JPG,19,19,healthy,healthy,1.0
e10e6197aa8e257d45e3b0b6e8b561e9,PV_data/Strawberry___healthy/30b0611b-c150-4668-8007-662129beaa6e___RS_HL 1806.JPG,19,19,healthy,healthy,1.0
8f237a9fad4fed909f7a3ab0df5c44e9,PV_data/Strawberry___healthy/3303d3bf-c26b-47b9-ade2-b51348eaf7a1___RS_HL 4465.JPG,19,19,healthy,healthy,0.99999976
ddfbaa95560be6b1169a8c3674bacd67,PV_data/Strawberry___healthy/37240ad5-3437-49e3-85e0-aec8750e2c39___RS_HL 2064.JPG,19,19,healthy,healthy,0.99999034
0851a08c2052617ce0e22fbdadf4a413,PV_data/Strawberry___healthy/373b483b-022f-4de0-8907-2b485aca6184___RS_HL 4491.JPG,19,19,healthy,healthy,0.9999999
adbce83523928579d459a36f011a594b,PV_data/Strawberry___healthy/3aca733d-6d49-42d2-bcc2-fa288d126411___RS_HL 2223.JPG,19,19,healthy,healthy,0.999984
4f74bda97c1b135e01ca12cb7886fd0c,PV_data/Strawberry___healthy/3b744062-8dff-416e-9349-3bae2aae5eaa___RS_HL 4345.JPG,19,19,healthy,healthy,0.9999994
5b4dbec12520ed5b7f1718dc03a67fa1,PV_data/Strawberry___healthy/41ceda85-676a-412a-bc22-324700edc9ea___RS_HL 2237.JPG,19,19,healthy,healthy,0.99999464
e23982177dad6c33a13380cf06b5ddf2,PV_data/Strawberry___healthy/41dba974-b2b7-4e90-9c93-a8e29200f41c___RS_HL 1659.JPG,19,19,healthy,healthy,0.999969
82de5c6679a1527419f5989ad50cdab6,PV_data/Strawberry___healthy/4d5733cd-e68e-4fd8-9587-aaaf9502934b___RS_HL 4466.JPG,19,19,healthy,healthy,0.9999958
96b4347a244351e4afd229bbb91f39d6,PV_data/Strawberry___healthy/550c54e7-c80e-4225-8060-b20af93458ff___RS_HL 1640.JPG,19,19,healthy,healthy,0.99999654
e8aa1570fca780541e2c897c42a3709c,PV_data/Strawberry___healthy/57487bb3-ceeb-4455-a35b-2a9c53b26feb___RS_HL 1774.JPG,19,19,healthy,healthy,0.9999999
69c40757c6b6a2506a8753066533377d,PV_data/Strawberry___healthy/5c7bf62d-3c64-4738-8378-d530b9f73cc1___RS_HL 4517.JPG,19,19,healthy,healthy,0.99999964
0190f0485feb3cbcc71a47c12dd408b1,PV_data/Strawberry___healthy/67db4fa4-922e-47f8-bf79-7dbb87adf47b___RS_HL 1986.JPG,19,19,healthy,healthy,0.9999944
6db39167e93d2dc3f8caf7908e0ce71f,PV_data/Strawberry___healthy/6baab67a-a32d-4b53-a966-feea0ccdef77___RS_HL 4712.JPG,19,19,healthy,healthy,0.99999976
ab5c513ce7fba502668c6e08b0111b63,PV_data/Strawberry___healthy/6cdf4322-10d1-40e1-96d8-6db10ae52144___RS_HL 1672.JPG,19,19,healthy,healthy,0.9999976
68d8771a5dbcb0bd0ba8a00c16eee4e9,PV_data/Strawberry___healthy/730b27b1-51a1-4c14-81f8-ab1da6237c4f___RS_HL 2051.JPG,19,19,healthy,healthy,0.9999957
2a9dc02a4a5f06f41a4b370663379653,PV_data/Strawberry___healthy/741e834f-a63a-4efd-b961-d5f7e047abdc___RS_HL 2085.JPG,19,19,healthy,healthy,0.99999917
3281b694c0a955adb180b43288901d6b,PV_data/Strawberry___healthy/75779559-3218-4930-9687-f2c0e71667c9___RS_HL 2091.JPG,19,19,healthy,healthy,1.0
163baa09835334378af4ad088a24ac6d,PV_data/Strawberry___healthy/75d24cc5-b37f-42de-947f-dc7ee673674e___RS_HL 4571.JPG,19,19,healthy,healthy,0.9999994
9b022786341694db9cf2069abb343c21,PV_data/Strawberry___healthy/768de271-ba00-4cfe-b785-ccc7deedbcce___RS_HL 2081.JPG,19,19,healthy,healthy,0.9999988
396ddfc083c1eb8a38e20ec1a7cf51a5,PV_data/Strawberry___healthy/76966414-7ff1-4a03-b8a8-e4b7bd7ed106___RS_HL 2026.JPG,19,19,healthy,healthy,0.9999989
f35983e8a49158147280f88569f31975,PV_data/Strawberry___healthy/77c79af8-cfa3-447a-8780-55f9c3836a12___RS_HL 4509.JPG,19,19,healthy,healthy,0.9999999
a6d626794fee8f3e6cf2601eaa76247d,PV_data/Strawberry___healthy/78debbd4-43b4-437d-8fd8-86910b947d34___RS_HL 4459.JPG,19,19,healthy,healthy,1.0
0f193e7ed053cf3bf7d17e9ad8a43273,PV_data/Strawberry___healthy/7a0c229c-035e-4c92-b2d4-fb3ed1f1d84a___RS_HL 2242.JPG,19,19,healthy,healthy,1.0
e4e8d906c7917a2e22112f5933cd844d,PV_data/Strawberry___healthy/83f32f06-ec1e-4dac-b3dc-b51f15133fb5___RS_HL 1980.JPG,19,19,healthy,healthy,0.99999976
a855ffd93ca46a99845707c4b8216237,PV_data/Strawberry___healthy/8791c247-282a-44b9-a00e-ea9ac08ab3c5___RS_HL 1888.JPG,19,19,healthy,healthy,0.99997437
596011fd5fe78b4755e825456637326d,PV_data/Strawberry___healthy/89e133b4-9f70-4711-a14e-2535ae3a00ee___RS_HL 4792.JPG,19,19,healthy,healthy,0.9999981
8c599fb0e2265cf33f023cce5709eda2,PV_data/Strawberry___healthy/8b799a37-bc78-416f-9081-1ac2d8caba6b___RS_HL 2190.JPG,19,19,healthy,healthy,0.99999845
ef5fabd3e021300ecb87fc59986e5c6a,PV_data/Strawberry___healthy/93e51b7e-3a41-40e3-9790-c5eeb86a4d61___RS_HL 4706.JPG,19,19,healthy,healthy,1.0
28db1705e42b9279e548d2f092e54ab2,PV_data/Strawberry___healthy/941b9454-80e0-44c5-b1ca-d0b16527d2b7___RS_HL 4811.JPG,19,19,healthy,healthy,1.0
180f45a1dd8706a1679b7bae005758cb,PV_data/Strawberry___healthy/a1ff6777-0146-4138-befb-1f0afad46834___RS_HL 2052.JPG,19,19,healthy,healthy,0.999966
678ed0a2211d9c432edaf2c2813ce2d0,PV_data/Strawberry___healthy/a6badbd1-59ff-4476-8b56-e2a61e993918___RS_HL 4603.JPG,19,19,healthy,healthy,0.99999595
9a1380f1c102d46ca7f2e5560f19b6fe,PV_data/Strawberry___healthy/b0396a65-963b-4a4b-86eb-70f46b38752e___RS_HL 4678.JPG,19,19,healthy,healthy,0.9999999
0ef21fe0520aa737dbcad77629804491,PV_data/Strawberry___healthy/b30220c5-0c39-4953-8e0b-1a2236fd4a8b___RS_HL 4399.JPG,19,19,healthy,healthy,0.9999981
9250aee9ea92aeaa197338cdd4e4c867,PV_data/Strawberry___healthy/c7d30b99-4e9d-4615-b1f4-bcc93ecb7919___RS_HL 4778.JPG,19,19,healthy,healthy,0.9999989
aaafcdc5fdeb74b6ab16a8dd69e0d3d5,PV_data/Strawberry___healthy/cc31bcec-0229-4fe2-9a1f-7dbb10d70a1d___RS_HL 1620.JPG,19,19,healthy,healthy,0.99998975
bc66941f0208faa886e678b0c641e244,PV_data/Strawberry___healthy/d1aee44a-b6bb-45b9-b7b6-5d553add8fd1___RS_HL 2163.JPG,19,19,healthy,healthy,0.99999964
305daa65b24557aff5fb13584730fbc1,PV_data/Strawberry___healthy/d451b14d-8338-47e7-9505-1797ae645742___RS_HL 1976.JPG,19,19,healthy,healthy,0.9999951
417556647598dd91f6d38e2a63a6cf9b,PV_data/Strawberry___healthy/d75e13ee-2b6a-4457-9a06-acf9fc07dfd9___RS_HL 4385.JPG,19,19,healthy,healthy,1.0
38e77d87a96f3435d2b7c98440a4cc71,PV_data/Strawberry___healthy/d840b66d-1a2d-40fb-8aab-a00836e7b9a2___RS_HL 4660.JPG,19,19,healthy,healthy,1.0
469804eef6031f8668bd8611427b4277,PV_data/Strawberry___healthy/db1dd4d2-8424-4b8a-a160-8491b534e6dc___RS_HL 4650.JPG,19,19,healthy,healthy,1.0
d3bdc17e6069e05e1d63e77c5f9efcdf,PV_data/Strawberry___healthy/dc5b5a9e-c144-49d7-99ca-b53a818f83d8___RS_HL 4744.JPG,19,19,healthy,healthy,0.99999917
759e359d81ccaf83dd1c23b4f7ed910c,PV_data/Strawberry___healthy/de6a28bb-b09b-4279-b31b-f716fa637356___RS_HL 1997.JPG,19,19,healthy,healthy,0.9999876
4548144aafe048281cc1d4d2cb61a549,PV_data/Strawberry___healthy/e0a7a770-3f85-4cad-a62b-0633dd7a8265___RS_HL 4594.JPG,19,19,healthy,healthy,0.99999726
4d4f91de7d8fc8f1392c6fd960cb0274,PV_data/Strawberry___healthy/e178986b-223c-4da1-8c0f-2314de66df55___RS_HL 2042.JPG,19,19,healthy,healthy,0.9999759
3510e5a0c152c92871b3e5aba5c5f395,PV_data/Strawberry___healthy/e3a17b75-038a-440e-8a05-ec81625091e7___RS_HL 4674.JPG,19,19,healthy,healthy,1.0
a0eaf90945e4debbca79dbc1139c9099,PV_data/Strawberry___healthy/f076aa8c-cacf-48b0-8a0f-764e7498407d___RS_HL 4826.JPG,19,19,healthy,healthy,0.999997
35b6b8e4907f64d025936f6c64d9f8e0,PV_data/Strawberry___healthy/f1b5ec9d-ed27-4e68-8316-63dc58ef35ab___RS_HL 1693.JPG,19,19,healthy,healthy,0.99999964
ea147aaa932abccfb194d505c1d09c8a,PV_data/Strawberry___healthy/f3b01730-9365-4b94-a477-9b95d959ccd8___RS_HL 4555.JPG,19,19,healthy,healthy,0.9999958
5bf9148cdf8392202a93807a33405080,PV_data/Strawberry___healthy/f90cc425-5b46-4abd-b58a-11306f471542___RS_HL 4337.JPG,19,19,healthy,healthy,0.99999225
6f52c26c5d03d2c48cf3c990f06a8d3c,PV_data/Strawberry___healthy/fd929b1c-3f0d-4d0e-96f2-2f99bcb186d9___RS_HL 4728.JPG,19,19,healthy,healthy,0.9999994
477ddf9394f41b2450757c7ae5f4642e,PV_data/Tomato___Bacterial_spot/0045ba29-ed1b-43b4-afde-719cc7adefdb___GCREC_Bact.Sp 6254.JPG,1,1,Bacterial_spot,Bacterial_spot,0.9980654
49121d091d1fe34f3a43f5e5b3a34e8e,PV_data/Tomato___Bacterial_spot/01d7f4fe-793f-4a9b-bc8b-8aa05200984f___GCREC_Bact.Sp 2984.JPG,1,1,Bacterial_spot,Bacterial_spot,0.9999883
ed45dc15205b744a8fb49c77fc9e5726,PV_data/Tomato___Bacterial_spot/05796aef-4298-48b1-ac04-e3ba020cb8b8___GCREC_Bact.Sp 3650.JPG,1,1,Bacterial_spot,Bacterial_spot,0.8157309
5e9e476297d72540a1c52fb85e70424d,PV_data/Tomato___Bacterial_spot/06d98f32-c416-4a79-81df-8e64f8bb7779___GCREC_Bact.Sp 3083.JPG,1,1,Bacterial_spot,Bacterial_spot,0.9999956
bfbab89b50f8451c283b5134f0e5e5bb,PV_data/Tomato___Bacterial_spot/0809f630-10f6-48b4-9aa2-6c08852aa83a___GCREC_Bact.Sp 5626.JPG,1,1,Bacterial_spot,Bacterial_spot,0.9998727
1414771bae43aa996ab89b9f8578cc25,PV_data/Tomato___Bacterial_spot/086880d1-73c4-40d3-99ea-d446c2299692___GCREC_Bact.Sp 3333.JPG,1,1,Bacterial_spot,Bacterial_spot,0.99998796
94e93cd450cbf11f39cb04814f3a6acd,PV_data/Tomato___Bacterial_spot/0893cbc5-7c6f-4ed2-863a-78f0bdb31ba0___GCREC_Bact.Sp 6174.JPG,1,1,Bacterial_spot,Bacterial_spot,0.80778795
b97b2da7e573f6b3c96b8cfdd81a2d74,PV_data/Tomato___Bacterial_spot/08a25478-76ed-4e4c-8ad0-bc7322f050b0___GCREC_Bact.Sp 3028.JPG,1,1,Bacterial_spot,Bacterial_spot,0.99999917
83b0c50fd5ad3c6624ffad9a3ee7d9e2,PV_data/Tomato___Bacterial_spot/090e981e-4e75-48db-806d-c28c970f3c9a___UF.GRC_BS_Lab Leaf 9256.JPG,1,1,Bacterial_spot,Bacterial_spot,0.9986767
b0a4b69365cc3b28bd971a666c5c695a,PV_data/Tomato___Bacterial_spot/095f2dd4-7e65-44ab-a867-c5d9634ec532___GCREC_Bact.Sp 3801.JPG,1,1,Bacterial_spot,Bacterial_spot,0.99999607
b9038384e91dd5b6a6bcb6537f828eac,PV_data/Tomato___Bacterial_spot/0aa1c431-682b-4a6e-af5f-2a7081ea2e97___GCREC_Bact.Sp 3622.JPG,1,1,Bacterial_spot,Bacterial_spot,0.99509346
2f748c4902a2911d2b1e750188b6246f,PV_data/Tomato___Bacterial_spot/0c5eb8e4-e0fb-424a-8873-e43f9a6121ef___GCREC_Bact.Sp 6281.JPG,1,1,Bacterial_spot,Bacterial_spot,0.9999932
413f580e194ab01a4e00b0d84a1b470e,PV_data/Tomato___Bacterial_spot/0c883752-3334-4615-841d-287d58ecf60d___GCREC_Bact.Sp 6119.JPG,1,1,Bacterial_spot,Bacterial_spot,0.9999988
ae1843162f217e5368362b443b4a6e06,PV_data/Tomato___Bacterial_spot/0ce4dee0-2d0c-4c25-a9b2-4abc5f9083db___GCREC_Bact.Sp 3708.JPG,1,14,Bacterial_spot,Septoria_leaf_spot,0.9778677
5aea77545ee6d49632955b4914aa8551,PV_data/Tomato___Bacterial_spot/0e3ded7b-0b9e-4c11-9db7-38eba7e0bdb2___GCREC_Bact.Sp 3598.JPG,1,1,Bacterial_spot,Bacterial_spot,0.9998965
86985880696de7ad6e9156d1f3dc3939,PV_data/Tomato___Bacterial_spot/0ed6d8f5-dd9f-4f1d-a33d-2f556be12a27___UF.GRC_BS_Lab Leaf 0291.JPG,1,1,Bacterial_spot,Bacterial_spot,0.9889353
cb414d2d5a33d7a10a9ae7618f0efbf6,PV_data/Tomato___Bacterial_spot/0f1d337f-e8c5-445a-83a0-b89915eacb72___UF.GRC_BS_Lab Leaf 0435.JPG,1,1,Bacterial_spot,Bacterial_spot,0.8907432
48e4120e4f61e67f7b305ab7228fec04,PV_data/Tomato___Bacterial_spot/0f2247f4-7ffe-409c-9833-ce8a7723ee02___GCREC_Bact.Sp 6080.JPG,1,1,Bacterial_spot,Bacterial_spot,0.99279153
20b439f73b73de71400ff17fe0665173,PV_data/Tomato___Bacterial_spot/0f6384da-7338-4309-b6b2-0d4b1dfe9de3___GCREC_Bact.Sp 6039.JPG,1,1,Bacterial_spot,Bacterial_spot,0.7665269
300ef69ed7552da28964ba5a7f1e315c,PV_data/Tomato___Bacterial_spot/0ff228a7-60f4-47f0-b1a3-96969a63105f___GCREC_Bact.Sp 6056.JPG,1,1,Bacterial_spot,Bacterial_spot,0.99980545
5060a57c9386b41a909441ac388c3344,PV_data/Tomato___Bacterial_spot/1061c5d5-6c61-40a6-b8e7-4cc735109f94___GCREC_Bact.Sp 3341.JPG,1,1,Bacterial_spot,Bacterial_spot,0.97986597
2878a35182e981571f489341ca5a4017,PV_data/Tomato___Bacterial_spot/1359bde0-60d2-497b-8a90-d59f9efb5fc1___GCREC_Bact.Sp 3278.JPG,1,1,Bacterial_spot,Bacterial_spot,0.9999999
8f8a307c58c70f92981c2dd1815ec9fc,PV_data/Tomato___Bacterial_spot/1371d8ed-b95f-4dd0-834c-9f3a944ca8dd___GCREC_Bact.Sp 3463.JPG,1,1,Bacterial_spot,Bacterial_spot,0.99999523
ea4f94cb3c991215b469c4613fbc85bd,PV_data/Tomato___Bacterial_spot/13cc9108-fcd9-4e6f-aed4-01813cebc881___UF.GRC_BS_Lab Leaf 8611.JPG,1,1,Bacterial_spot,Bacterial_spot,0.99677306
942ad1cbac64c6a50acf2a86830ee064,PV_data/Tomato___Bacterial_spot/172458d3-8e11-4e75-9f39-d7e96e885108___GCREC_Bact.Sp 3071.JPG,1,1,Bacterial_spot,Bacterial_spot,0.9999999
56aa21c773d4770e16a9542793881c1a,PV_data/Tomato___Bacterial_spot/177b313d-c3e5-417f-b17b-d945ca4e48ea___GCREC_Bact.Sp 5687.JPG,1,1,Bacterial_spot,Bacterial_spot,0.9999999
afbff8d7ee46bedf3152d60b51e4961f,PV_data/Tomato___Bacterial_spot/1975c2af-b85a-48d6-9b03-c7fcb5e0bcae___UF.GRC_BS_Lab Leaf 0558.JPG,1,1,Bacterial_spot,Bacterial_spot,0.9725259
23571301545f33900d55235e1ba0037b,PV_data/Tomato___Bacterial_spot/19969ddc-0cdd-42f6-bbc4-351752a7ccec___GCREC_Bact.Sp 3428.JPG,1,1,Bacterial_spot,Bacterial_spot,0.99999833
228863effd8541b0aeb463f8ee49b5f4,PV_data/Tomato___Bacterial_spot/1c286bba-a5c0-466f-a52d-960d300d135f___GCREC_Bact.Sp 6077.JPG,1,1,Bacterial_spot,Bacterial_spot,0.9932401
1e54b5b52bfcbcd429bfa21fdf7dc7c3,PV_data/Tomato___Bacterial_spot/1c34f218-4416-44ad-b6dc-81b8fc1e10a8___GCREC_Bact.Sp 6381.JPG,1,1,Bacterial_spot,Bacterial_spot,0.9999999
7bed827e8cd5d60c9448f38b36d5c5bb,PV_data/Tomato___Bacterial_spot/1dbd6b67-25f1-444e-81d8-cbb54213cbb4___GCREC_Bact.Sp 3528.JPG,1,1,Bacterial_spot,Bacterial_spot,0.9999652
0fde84b935d247b39835b597e9723048,PV_data/Tomato___Bacterial_spot/1eb09166-61e7-4816-9a48-4d7afaa25a86___GCREC_Bact.Sp 3310.JPG,1,1,Bacterial_spot,Bacterial_spot,0.9999976
00bbf469e0e25383989aef2bb33faffd,PV_data/Tomato___Bacterial_spot/1eb86f3d-7d18-41b8-b33c-807662b2d2df___GCREC_Bact.Sp 5555.JPG,1,1,Bacterial_spot,Bacterial_spot,0.9992304
30785dd60df4eeb9c88e77a7977d3f38,PV_data/Tomato___Bacterial_spot/1ee0cf88-307d-4c0c-af30-6031c2cbd256___GCREC_Bact.Sp 5840.JPG,1,1,Bacterial_spot,Bacterial_spot,1.0
d9f5ddd255de3f39ea092fe2b85ea250,PV_data/Tomato___Bacterial_spot/227f113b-8511-4d2f-a591-8e5d01e896dd___GCREC_Bact.Sp 6384.JPG,1,1,Bacterial_spot,Bacterial_spot,1.0
faef3153f95e3e5920875db1a70111a5,PV_data/Tomato___Bacterial_spot/236e1153-9421-4a7a-bf51-e8e53f9ada22___UF.GRC_BS_Lab Leaf 0338.JPG,1,1,Bacterial_spot,Bacterial_spot,0.94295394
43d000ca60144fb7eef83188b7176505,PV_data/Tomato___Bacterial_spot/23ee3cb6-dba9-479c-ae1e-ea34028f8066___GCREC_Bact.Sp 5753.JPG,1,1,Bacterial_spot,Bacterial_spot,0.9999957
7b1e731b72ede01dd91d09af3957f70c,PV_data/Tomato___Bacterial_spot/23f67e39-1b4b-4296-a8a2-2a15890d0529___GCREC_Bact.Sp 3364.JPG,1,1,Bacterial_spot,Bacterial_spot,0.9839857
a882271c4c72716fa328fc3c9abcb19c,PV_data/Tomato___Bacterial_spot/24300988-d6e0-4e1d-b89b-d5098c074c69___UF.GRC_BS_Lab Leaf 8837.JPG,1,17,Bacterial_spot,Tomato_Yellow_Leaf_Curl_Virus,0.98935574
5da5fbf2accc38b6c2037ab637f64729,PV_data/Tomato___Bacterial_spot/259e3235-f6f5-4d2a-8fb6-f63f3446d2f9___GCREC_Bact.Sp 6282.JPG,1,1,Bacterial_spot,Bacterial_spot,0.9999988
0884bf8dce49ac7431a2f49f854a7cfc,PV_data/Tomato___Bacterial_spot/25a52867-003f-4390-a80d-03c63c038e9a___UF.GRC_BS_Lab Leaf 0341.JPG,1,1,Bacterial_spot,Bacterial_spot,0.978371
c7720a6b8d276ffa32b2f97c48a6bfb9,PV_data/Tomato___Bacterial_spot/268422eb-2e4a-433b-bad2-d5e63a5e765d___GCREC_Bact.Sp 3466.JPG,1,1,Bacterial_spot,Bacterial_spot,0.9999999
d4456601097858bbc5af9779d8e1a8ec,PV_data/Tomato___Bacterial_spot/2693b1a4-a4a2-4c40-a775-75b640e50b01___GCREC_Bact.Sp 5798.JPG,1,1,Bacterial_spot,Bacterial_spot,0.99999917
0ecf3326f83a32c20e9d715f7629ad1d,PV_data/Tomato___Bacterial_spot/27753ef8-a51a-4414-970d-c26419c6e13a___GCREC_Bact.Sp 3252.JPG,1,1,Bacterial_spot,Bacterial_spot,0.9996976
3d6fe8f65d9ec62bb54f37ac0d37312b,PV_data/Tomato___Bacterial_spot/27cae464-e8c3-4600-806e-2d65c8a84016___GCREC_Bact.Sp 3619.JPG,1,1,Bacterial_spot,Bacterial_spot,0.99849427
a19bdf86d7767bcf672cf5f63030f435,PV_data/Tomato___Bacterial_spot/27ebdaaa-b432-4d4a-b404-a04e58a46f44___GCREC_Bact.Sp 6025.JPG,1,1,Bacterial_spot,Bacterial_spot,0.99995303
bcbeb4b5e58a6a57fee10bf70efb4755,PV_data/Tomato___Bacterial_spot/284bcfac-0f71-4911-b5af-4f9e2a28a452___GCREC_Bact.Sp 6257.JPG,1,1,Bacterial_spot,Bacterial_spot,0.99999344
79e85bc62e8c15e11221b19ff1dc55f3,PV_data/Tomato___Bacterial_spot/288896d1-7094-4250-9fd6-00589c41b42a___UF.GRC_BS_Lab Leaf 0264.JPG,1,1,Bacterial_spot,Bacterial_spot,0.98126066
6f95f1f47c5b8d2b136f66b38340680a,PV_data/Tomato___Bacterial_spot/29a61150-5453-4a76-88eb-2e97a8f4c400___GCREC_Bact.Sp 6345.JPG,1,1,Bacterial_spot,Bacterial_spot,0.9998348
4a53d6480bae74cbe84afe9207bf72b5,PV_data/Tomato___Bacterial_spot/2a4a8942-9d1d-4989-a58b-a02f1cc2256a___GCREC_Bact.Sp 2970.JPG,1,1,Bacterial_spot,Bacterial_spot,0.99997115
74e195b2cab8e9a8fe0e075358a4416a,PV_data/Tomato___Bacterial_spot/2bb3c4e6-350a-411b-a1d2-d33f6173b1b9___UF.GRC_BS_Lab Leaf 0258.JPG,1,1,Bacterial_spot,Bacterial_spot,0.9860411
d730de962bc6eafa9a582177df1c557a,PV_data/Tomato___Bacterial_spot/2c0d4b4f-d53f-4acc-bc40-ae766236b526___UF.GRC_BS_Lab Leaf 9298.JPG,1,1,Bacterial_spot,Bacterial_spot,0.8943342
731e7851505b4031ecb419f5748b0221,PV_data/Tomato___Bacterial_spot/2c292d57-d2c0-4147-a551-618f1368f72e___GCREC_Bact.Sp 5903.JPG,1,1,Bacterial_spot,Bacterial_spot,0.9990891
4b065e2a3f521373979900e36fa861e8,PV_data/Tomato___Bacterial_spot/2d135819-8bf4-4d5a-a503-c184ed800d0c___GCREC_Bact.Sp 6015.JPG,1,1,Bacterial_spot,Bacterial_spot,0.9999989
a8e84ac92714e9a3b96ac57210288f54,PV_data/Tomato___Bacterial_spot/2f75f735-41de-445a-812c-72700ec68121___GCREC_Bact.Sp 5881.JPG,1,1,Bacterial_spot,Bacterial_spot,1.0
caa6a8459a695d2bde6a371a78cda61d,PV_data/Tomato___Bacterial_spot/2fa6fe6b-a7dc-471e-a878-b8d8e0121126___GCREC_Bact.Sp 3159.JPG,1,1,Bacterial_spot,Bacterial_spot,0.9794337
97a3942f13bce8b208bfaae1124855d3,PV_data/Tomato___Bacterial_spot/303b8c34-0a74-4248-b5ce-1f9a0e367d6b___GCREC_Bact.Sp 3477.JPG,1,1,Bacterial_spot,Bacterial_spot,0.9996913
26a0dc95fcca2f580a120e80dbad5599,PV_data/Tomato___Bacterial_spot/305f208d-466d-464e-ad05-9b864dea3316___GCREC_Bact.Sp 6217.JPG,1,1,Bacterial_spot,Bacterial_spot,0.99165773
d0d68dcf79e6786fe3eef869985945b4,PV_data/Tomato___Bacterial_spot/30c04c65-4c7c-4b4b-b9e9-0d7faea2716e___GCREC_Bact.Sp 3841.JPG,1,1,Bacterial_spot,Bacterial_spot,0.98573405
683dc3cc06bf0f3265b62ffb31473987,PV_data/Tomato___Bacterial_spot/311a6db6-e3a0-4e8c-bd17-9cbc62217770___GCREC_Bact.Sp 3107.JPG,1,1,Bacterial_spot,Bacterial_spot,0.999992
cb73a1fabb7ce28c86ad99282e033314,PV_data/Tomato___Bacterial_spot/32198276-01c5-4088-bb55-2ccae3c95c87___GCREC_Bact.Sp 3015.JPG,1,1,Bacterial_spot,Bacterial_spot,0.9967205
920e3b543734d1dde193ff0d60c30307,PV_data/Tomato___Bacterial_spot/3381632e-1e9b-4141-b6a2-b42c8fd06c87___GCREC_Bact.Sp 6009.JPG,1,1,Bacterial_spot,Bacterial_spot,0.99994504
e68325ed8b7554d8c1beb44fac8efc41,PV_data/Tomato___Bacterial_spot/33e336e9-fcd0-4e9c-a0c1-8a313c3ef1f3___UF.GRC_BS_Lab Leaf 0367.JPG,1,1,Bacterial_spot,Bacterial_spot,0.968978
25964d6b42bef6987952db59bde0e6d6,PV_data/Tomato___Bacterial_spot/349f68f1-a57d-43bf-9422-3f6e905a9539___UF.GRC_BS_Lab Leaf 8692.JPG,1,17,Bacterial_spot,Tomato_Yellow_Leaf_Curl_Virus,0.72093236
fee7e1f6cb9fcf4cb1567b0a30ea323d,PV_data/Tomato___Bacterial_spot/34ac5364-da6b-4a03-a37f-44fd1ad2144a___GCREC_Bact.Sp 2957.JPG,1,1,Bacterial_spot,Bacterial_spot,0.99999976
c284816fc8f99b49184c8ad1662357bd,PV_data/Tomato___Bacterial_spot/35c80526-d4ca-4742-9903-6a9463c532e4___GCREC_Bact.Sp 2965.JPG,1,1,Bacterial_spot,Bacterial_spot,0.95852476
a8f1f76e10e38f5017324da3eef376d0,PV_data/Tomato___Bacterial_spot/35cfd84d-af4a-48c6-9add-aa389b3ef354___GCREC_Bact.Sp 3019.JPG,1,1,Bacterial_spot,Bacterial_spot,0.922119
d9dbae09262069a083f4d8084c013b9a,PV_data/Tomato___Bacterial_spot/360c7149-e544-48d4-bed2-2b03a10cbfe4___GCREC_Bact.Sp 2988.JPG,1,1,Bacterial_spot,Bacterial_spot,0.9999994
4bbdeeddd1f2c6957f679f02f0349924,PV_data/Tomato___Bacterial_spot/367ef1cf-9ddd-40ba-9809-4652b3c2acd2___GCREC_Bact.Sp 2953.JPG,1,1,Bacterial_spot,Bacterial_spot,0.9999999
ab2a48b74573ac43599090a86d7cc38c,PV_data/Tomato___Bacterial_spot/369f1de1-1e18-435f-87f1-67b5ed852a0a___UF.GRC_BS_Lab Leaf 9030.JPG,1,1,Bacterial_spot,Bacterial_spot,0.99768615
ded5941d6febff9a5342c3c62ae8536f,PV_data/Tomato___Bacterial_spot/37f07271-2a51-4ebd-8346-d9703f725998___GCREC_Bact.Sp 3238.JPG,1,1,Bacterial_spot,Bacterial_spot,0.99999964
fb7a924c085e478eea47bcd61acfc9f2,PV_data/Tomato___Bacterial_spot/383335dc-fb2e-481c-a66f-9194f2715d92___UF.GRC_BS_Lab Leaf 0904.JPG,1,1,Bacterial_spot,Bacterial_spot,0.9321928
66e3579e79cf9cc5c7634165c52fe3d2,PV_data/Tomato___Bacterial_spot/38de266d-bb02-4dea-b3d8-9c3dcefb44c0___GCREC_Bact.Sp 3756.JPG,1,1,Bacterial_spot,Bacterial_spot,0.9999008
e3437260fa42e63a34bf1b0cc77a8048,PV_data/Tomato___Bacterial_spot/3b4b04a8-171b-4ebe-9dec-d1e476605354___GCREC_Bact.Sp 5855.JPG,1,1,Bacterial_spot,Bacterial_spot,0.999949
fdb16914d156167d8afec0730705d71a,PV_data/Tomato___Bacterial_spot/3bed8328-2a32-49f3-b887-a083b1757259___GCREC_Bact.Sp 6171.JPG,1,1,Bacterial_spot,Bacterial_spot,0.99954456
882122fde0ecf5780cf62bf3e8ca658a,PV_data/Tomato___Bacterial_spot/3c968c0e-9824-455f-bbf8-b4acf133508e___GCREC_Bact.Sp 3011.JPG,1,1,Bacterial_spot,Bacterial_spot,0.9996988
09198eccf9b495fdf7760d021200e772,PV_data/Tomato___Bacterial_spot/3f34d522-9184-4f1e-bfd9-93d0cb571a7d___GCREC_Bact.Sp 3069.JPG,1,1,Bacterial_spot,Bacterial_spot,0.9993513
91a03c84c03b42c6f0bc50845f735f5f,PV_data/Tomato___Bacterial_spot/3fb742ed-4a71-47d2-9c40-60768bc01cd4___GCREC_Bact.Sp 5977.JPG,1,1,Bacterial_spot,Bacterial_spot,0.9999995
90d625b58bde7cbe6bd6aeccca17bfa3,PV_data/Tomato___Bacterial_spot/411860f2-2474-462d-83ea-ab11e3f5afe6___GCREC_Bact.Sp 3373.JPG,1,1,Bacterial_spot,Bacterial_spot,0.9999244
44a55c0452132159a483283e6327bd8c,PV_data/Tomato___Bacterial_spot/4126165c-f9e0-4a17-9d87-d41bf356afb9___GCREC_Bact.Sp 3517.JPG,1,1,Bacterial_spot,Bacterial_spot,0.9960427
e9b0ecbea0074aa58c4eec3457981677,PV_data/Tomato___Bacterial_spot/41ad4c6f-cc69-438e-ac9a-431fc692824b___GCREC_Bact.Sp 3372.JPG,1,1,Bacterial_spot,Bacterial_spot,0.9999876
490750d47e13fe23f4113580ff199eb5,PV_data/Tomato___Bacterial_spot/43d79893-c9e3-49b1-9dd7-52677d9bd325___GCREC_Bact.Sp 3196.JPG,1,1,Bacterial_spot,Bacterial_spot,0.99999475
cd68d7af52187b2b986c1a27b53ad913,PV_data/Tomato___Bacterial_spot/456afc9b-bdae-4506-a04f-aa228de3dd2b___GCREC_Bact.Sp 3548.JPG,1,1,Bacterial_spot,Bacterial_spot,0.6088684
a888c36f31f954dcd38521e261af26bb,PV_data/Tomato___Bacterial_spot/45b562f0-a975-4c93-a705-699d7cc977bc___GCREC_Bact.Sp 5733.JPG,1,1,Bacterial_spot,Bacterial_spot,0.9999862
3b99c26b338aafa5c2791f909c222f46,PV_data/Tomato___Bacterial_spot/475758ba-01a6-41f7-abe4-81f2fff399b4___UF.GRC_BS_Lab Leaf 9185.JPG,1,1,Bacterial_spot,Bacterial_spot,0.95812845
c073601a0355f75653aa9024fcd5560c,PV_data/Tomato___Bacterial_spot/483801eb-a0b8-4675-a731-40d6204ecbae___GCREC_Bact.Sp 5777.JPG,1,1,Bacterial_spot,Bacterial_spot,0.99999285
5c0dd1c5706be32603dc1907619ea96f,PV_data/Tomato___Bacterial_spot/4850260f-50f5-4f6a-a0ab-1b5b744bdd13___GCREC_Bact.Sp 3346.JPG,1,1,Bacterial_spot,Bacterial_spot,0.980962
0b931b8673332e43944ae5d65190a2b4,PV_data/Tomato___Bacterial_spot/4990878e-265e-4dad-98cf-ce60fb67035b___GCREC_Bact.Sp 3479.JPG,1,1,Bacterial_spot,Bacterial_spot,0.999998
a04870b3dc0d7c7d72c437b5f5b01005,PV_data/Tomato___Bacterial_spot/499ed0ff-447b-4f2b-9f9d-d733202b4fcf___GCREC_Bact.Sp 3407.JPG,1,1,Bacterial_spot,Bacterial_spot,0.9999995
c4ea1c700398b4a64f2ceec69b56528d,PV_data/Tomato___Bacterial_spot/49b9840f-d9f1-42cc-92ad-96bbbd8bf9b2___GCREC_Bact.Sp 6379.JPG,1,1,Bacterial_spot,Bacterial_spot,0.9999684
318256caa6652a67cc54c3b2f94c6c05,PV_data/Tomato___Bacterial_spot/4adf8989-4cc7-4145-a1be-834e2e3ca9a8___GCREC_Bact.Sp 5671.JPG,1,1,Bacterial_spot,Bacterial_spot,1.0
30718e88ed7480fb805d513558c34d4f,PV_data/Tomato___Bacterial_spot/4b3d69f0-f4c7-4d86-953f-3d4083cd6270___UF.GRC_BS_Lab Leaf 8619.JPG,1,1,Bacterial_spot,Bacterial_spot,0.99784136
941dd257b4027356ed747421a7aade72,PV_data/Tomato___Bacterial_spot/4c5fd345-56bf-4fbf-98e1-fff07d91eec6___GCREC_Bact.Sp 6338.JPG,1,1,Bacterial_spot,Bacterial_spot,0.9712081
3ffc5a66972b258608abc8923b12a4d6,PV_data/Tomato___Bacterial_spot/4e491f68-728c-4c46-ba0d-df701d008e1d___GCREC_Bact.Sp 3200.JPG,1,1,Bacterial_spot,Bacterial_spot,0.99999523
c45c5961c6a3c8d64e56cbe6b8bdf844,PV_data/Tomato___Bacterial_spot/4fe65f68-958a-4d32-875a-6a25260f3b69___GCREC_Bact.Sp 5768.JPG,1,1,Bacterial_spot,Bacterial_spot,0.99991035
52ee3339118cd97eb66b9783b33896a9,PV_data/Tomato___Bacterial_spot/505ff6be-e8f6-4af6-86a7-001cd2cac277___GCREC_Bact.Sp 5562.JPG,1,1,Bacterial_spot,Bacterial_spot,0.9999912
114d78f7e14906778cc03ae8388e1468,PV_data/Tomato___Bacterial_spot/50950fff-ebce-4985-bf46-713a0cdae29c___GCREC_Bact.Sp 5589.JPG,1,1,Bacterial_spot,Bacterial_spot,0.9992519
29a8ec61d95765074480b99568e8ad7f,PV_data/Tomato___Bacterial_spot/50affc63-4d3e-4eb4-ad9c-4f9b7311e989___GCREC_Bact.Sp 3035.JPG,1,1,Bacterial_spot,Bacterial_spot,0.9999994
74f8ff98e9398c100d87a90a6cb5010b,PV_data/Tomato___Bacterial_spot/5125393a-d835-478f-acf2-d40bfa421d5b___UF.GRC_BS_Lab Leaf 0458.JPG,1,1,Bacterial_spot,Bacterial_spot,0.99866414
7acdae5839a72da5117fa12201ae9370,PV_data/Tomato___Bacterial_spot/519d4cf8-cce5-47a8-b33e-39365fb0799f___GCREC_Bact.Sp 3844.JPG,1,1,Bacterial_spot,Bacterial_spot,0.99988556
2babe0012f3a58cabb7d610adccb0cab,PV_data/Tomato___Bacterial_spot/53da5b0e-3f9c-41a6-9b64-9b63ddf3e340___GCREC_Bact.Sp 6236.JPG,1,1,Bacterial_spot,Bacterial_spot,0.99999154
94dbd7b80f9fee201af27db1cc98140a,PV_data/Tomato___Bacterial_spot/55ab0db9-5d18-4634-ab2a-db1a2c3f4299___UF.GRC_BS_Lab Leaf 1032.JPG,1,1,Bacterial_spot,Bacterial_spot,0.99123996
41b73052d2a0707ec33970d8764a2319,PV_data/Tomato___Bacterial_spot/55cf65bc-61b4-4b40-b2d6-3b9bf57a3009___GCREC_Bact.Sp 3586.JPG,1,1,Bacterial_spot,Bacterial_spot,0.9804627
f17b2c85fd9731aaf395e006599b6cc3,PV_data/Tomato___Bacterial_spot/56625acf-1d7d-4505-be30-49076b8bc2cf___GCREC_Bact.Sp 3673.JPG,1,1,Bacterial_spot,Bacterial_spot,0.98542064
92bc43c4af30109afe06737147b7e33c,PV_data/Tomato___Bacterial_spot/58591da8-58b7-481e-bf58-bd88443d0901___GCREC_Bact.Sp 6192.JPG,1,1,Bacterial_spot,Bacterial_spot,0.99962914
e28212170b88df80c7aa482863260bd2,PV_data/Tomato___Bacterial_spot/58674fc9-434d-4afc-879e-712a24831266___GCREC_Bact.Sp 2991.JPG,1,1,Bacterial_spot,Bacterial_spot,0.99999964
749ceb3fa712efd74d49920f12ec357a,PV_data/Tomato___Bacterial_spot/5a87c2e4-220b-4985-8dd7-8726c727467b___GCREC_Bact.Sp 3564.JPG,1,1,Bacterial_spot,Bacterial_spot,0.9940467
27af188f63670cfda3862353d8c5fd68,PV_data/Tomato___Bacterial_spot/5bbb489c-d164-4e67-a965-6ab33a754d3f___GCREC_Bact.Sp 3016.JPG,1,1,Bacterial_spot,Bacterial_spot,0.99868006
a3e8f363b3d68c8cfd0480a906d3f2ce,PV_data/Tomato___Bacterial_spot/5c04a777-eb5c-4864-9c18-bc39d0c4dd2a___GCREC_Bact.Sp 5969.JPG,1,1,Bacterial_spot,Bacterial_spot,0.9999938
3b57d158adbf0682730fcb5b87615871,PV_data/Tomato___Bacterial_spot/5cf74b8f-2a3a-4141-8309-1c02f01ab444___GCREC_Bact.Sp 5967.JPG,1,1,Bacterial_spot,Bacterial_spot,0.99999857
09fc172ca681343a4d12f1b95b73aee3,PV_data/Tomato___Bacterial_spot/5d75ed9b-3a40-4e40-ad3c-b2fc58f9d9a3___GCREC_Bact.Sp 6239.JPG,1,1,Bacterial_spot,Bacterial_spot,0.9999075
98a8ded2ea7b639c80f19c6f4e820678,PV_data/Tomato___Bacterial_spot/5def221c-54e3-4322-ba12-327adcd50dee___GCREC_Bact.Sp 3014.JPG,1,1,Bacterial_spot,Bacterial_spot,0.99837923
e4846bcd6b976165c689ffd6fdbeb225,PV_data/Tomato___Bacterial_spot/604cb86e-6490-4cb4-b1f4-5cb57a5823ba___GCREC_Bact.Sp 3369.JPG,1,1,Bacterial_spot,Bacterial_spot,0.99999833
b8de754698bcb43ae407eecd77427530,PV_data/Tomato___Bacterial_spot/605dda2d-be55-45cc-b247-76903d159255___UF.GRC_BS_Lab Leaf 8749.JPG,1,14,Bacterial_spot,Septoria_leaf_spot,0.55675185
25cb182ad731b18abdb0dd9f8bb2262b,PV_data/Tomato___Bacterial_spot/61a05330-1086-4891-8482-3f422ff59492___GCREC_Bact.Sp 3429.JPG,1,1,Bacterial_spot,Bacterial_spot,0.999995
0780d3bb010d7cb1f4298a95a0a84f23,PV_data/Tomato___Bacterial_spot/62398423-ef8e-4a9f-a1d0-1ebee08faafc___GCREC_Bact.Sp 3521.JPG,1,1,Bacterial_spot,Bacterial_spot,0.9999963
ba686ce48f57cd8ba2f97b5e76d7546e,PV_data/Tomato___Bacterial_spot/624af462-6321-42a3-a79e-52cedc26a10e___GCREC_Bact.Sp 3764.JPG,1,1,Bacterial_spot,Bacterial_spot,0.99402195
945f1c117753cbe3dfac9ebc603ca7da,PV_data/Tomato___Bacterial_spot/631fcec5-39db-474a-a929-097718ad2162___GCREC_Bact.Sp 3327.JPG,1,1,Bacterial_spot,Bacterial_spot,0.9903188
e66a17caaadd46aedb29b8706382b60d,PV_data/Tomato___Bacterial_spot/64208676-e4c1-4f27-84ba-38c7e0790320___GCREC_Bact.Sp 3779.JPG,1,16,Bacterial_spot,Target_Spot,0.5372371
67202f1adc8a35aecfd9d812470761e5,PV_data/Tomato___Bacterial_spot/6622ef60-ab1d-4225-9986-fbe2b201d43a___GCREC_Bact.Sp 3349.JPG,1,1,Bacterial_spot,Bacterial_spot,0.9975798
ae581e68d4dd5da0c34e037dbbc9a2ab,PV_data/Tomato___Bacterial_spot/666242bb-ccc7-4085-8d60-05b5eba349c0___GCREC_Bact.Sp 6249.JPG,1,1,Bacterial_spot,Bacterial_spot,0.99999976
95b0df07de7de87eb5deca6fcd4e253e,PV_data/Tomato___Bacterial_spot/669e40d9-4ef8-4f22-82c1-778bf0895ac6___GCREC_Bact.Sp 3166.JPG,1,1,Bacterial_spot,Bacterial_spot,0.99872535
be1a1a8916f0ec719b9b1e451afeb2a0,PV_data/Tomato___Bacterial_spot/66b10743-4e3f-4c82-afb5-3b95d019d88d___GCREC_Bact.Sp 3392.JPG,1,1,Bacterial_spot,Bacterial_spot,0.99994683
de3930cbd0cbb39712d5d4fef48d636e,PV_data/Tomato___Bacterial_spot/66d7e9de-a3e6-43bf-ae4c-21093164b3a9___UF.GRC_BS_Lab Leaf 1143.JPG,1,17,Bacterial_spot,Tomato_Yellow_Leaf_Curl_Virus,0.9115832
02dbc4a8a56f88f1cc9fc8265e94c819,PV_data/Tomato___Bacterial_spot/6a4ce1e3-a768-4f6e-96cf-3590df10fdc5___GCREC_Bact.Sp 3608.JPG,1,1,Bacterial_spot,Bacterial_spot,0.9990038
842b65ddb4a1de5c0391535251390813,PV_data/Tomato___Bacterial_spot/6a56a429-b241-428d-9fb7-7ea0b84d2b12___GCREC_Bact.Sp 3246.JPG,1,1,Bacterial_spot,Bacterial_spot,0.9999789
9816cc8197fa22e81a82f47315e4774f,PV_data/Tomato___Bacterial_spot/6a7ed25b-d34f-4f33-84ab-56efcd5eed15___GCREC_Bact.Sp 3830.JPG,1,1,Bacterial_spot,Bacterial_spot,0.9982027
a8d7acee371a6ebd6e13e963eebde348,PV_data/Tomato___Bacterial_spot/6b463262-379a-4694-affa-1030a9f4c087___GCREC_Bact.Sp 3366.JPG,1,1,Bacterial_spot,Bacterial_spot,0.99997604
0a1bcd947abd1548e9e07869c0ddab0d,PV_data/Tomato___Bacterial_spot/6b68592a-aa06-4fac-ac47-b6d341e6f45e___UF.GRC_BS_Lab Leaf 0343.JPG,1,1,Bacterial_spot,Bacterial_spot,0.97032297
039d378c816f9c498c883d9e34e2823b,PV_data/Tomato___Bacterial_spot/6b6aeb18-f29a-4e58-bd08-5cd1c2fdd598___GCREC_Bact.Sp 5796.JPG,1,1,Bacterial_spot,Bacterial_spot,0.9999745
fab7dac161971109779e9a35b3bb3ae0,PV_data/Tomato___Bacterial_spot/6bbdcbc3-2969-4eec-b375-97bd4272fc89___GCREC_Bact.Sp 3669.JPG,1,1,Bacterial_spot,Bacterial_spot,0.6692877
cd859fdb08ff982d5f682f7f3c97099c,PV_data/Tomato___Bacterial_spot/6be0f74e-cc77-417d-9464-fca77edb8079___GCREC_Bact.Sp 3819.JPG,1,1,Bacterial_spot,Bacterial_spot,0.999276
682e41cd141abe4d9761db7444dbceda,PV_data/Tomato___Bacterial_spot/6c300ff6-c94d-4065-8354-73a141b1b3d5___GCREC_Bact.Sp 3382.JPG,1,1,Bacterial_spot,Bacterial_spot,0.9999995
51ea6954c19e1f0bb072f3224105ee70,PV_data/Tomato___Bacterial_spot/6ce28ed1-b504-427c-97fe-1ca22d7dd20a___GCREC_Bact.Sp 3061.JPG,1,1,Bacterial_spot,Bacterial_spot,0.995723
b776deefb5eed214976ed09c28bfcedd,PV_data/Tomato___Bacterial_spot/6d1aae86-2d68-47ea-9f7e-caef44898e0d___GCREC_Bact.Sp 3839.JPG,1,1,Bacterial_spot,Bacterial_spot,0.99947524
b1f013b4faa98a45a6c5796f69f705ae,PV_data/Tomato___Bacterial_spot/6d223371-fa3d-496d-a583-cb521b7c203d___GCREC_Bact.Sp 3540.JPG,1,1,Bacterial_spot,Bacterial_spot,0.7934077
bb80a6b37c76093e20d6fb111c418fa3,PV_data/Tomato___Bacterial_spot/6d5932e3-485c-40c0-8236-94c771fa9154___GCREC_Bact.Sp 5981.JPG,1,1,Bacterial_spot,Bacterial_spot,0.99999547
756ad381b79b175fe99dd96f2ba33ca1,PV_data/Tomato___Bacterial_spot/7007f29f-6c4d-4b83-9bec-6e711d6fa7e0___UF.GRC_BS_Lab Leaf 0722.JPG,1,1,Bacterial_spot,Bacterial_spot,0.99704945
0e64c05e0623fa43d7679172f348979c,PV_data/Tomato___Bacterial_spot/707dc081-60c2-4362-a91e-6c6eacf4d081___GCREC_Bact.Sp 5613.JPG,1,1,Bacterial_spot,Bacterial_spot,0.99997747
2c2c07407d57b45776201afaf491b558,PV_data/Tomato___Bacterial_spot/71206367-de88-4a81-a1e8-c11b27c4e8de___UF.GRC_BS_Lab Leaf 9272.JPG,1,1,Bacterial_spot,Bacterial_spot,0.9999274
e75a8d0133a23f8643d2d79ec3591e81,PV_data/Tomato___Bacterial_spot/7218c0f5-1083-4b2d-b0da-4c32edb279de___GCREC_Bact.Sp 3286.JPG,1,1,Bacterial_spot,Bacterial_spot,0.99999666
56bccea56b309d504135b615631c9070,PV_data/Tomato___Bacterial_spot/72617b0d-a051-4296-a577-5cfd1539d1a9___GCREC_Bact.Sp 2960.JPG,1,1,Bacterial_spot,Bacterial_spot,0.9999665
1233db7ce17aaad1912557d9b518fd5c,PV_data/Tomato___Bacterial_spot/759ba7d2-9535-45b5-a11d-935602edf6cd___GCREC_Bact.Sp 3314.JPG,1,14,Bacterial_spot,Septoria_leaf_spot,0.5189992
4502f9d4476353aa10ba4bee3614b46b,PV_data/Tomato___Bacterial_spot/7624a9cd-018d-467a-99f9-2255a27103a4___GCREC_Bact.Sp 3725.JPG,1,1,Bacterial_spot,Bacterial_spot,0.9919178
0f297fa896f4e1cc33d53fd662d3dfa2,PV_data/Tomato___Bacterial_spot/776ec720-7e48-4952-b3a4-d2a7b4d7d5f7___GCREC_Bact.Sp 5946.JPG,1,1,Bacterial_spot,Bacterial_spot,0.99998796
e5df91756dce1c694dd7210de54e2ec8,PV_data/Tomato___Bacterial_spot/777d71b0-d3ec-4eb1-a141-b3bf9df3e515___GCREC_Bact.Sp 3111.JPG,1,1,Bacterial_spot,Bacterial_spot,0.9996022
d862cfe9ea74c96a1b52d51772e98465,PV_data/Tomato___Bacterial_spot/79466870-1413-4b75-93e6-31b827cfa3ac___GCREC_Bact.Sp 6043.JPG,1,1,Bacterial_spot,Bacterial_spot,0.99887556
8661118f10e7510ccd93be71c3360732,PV_data/Tomato___Bacterial_spot/799f1c5e-d749-47d1-a8c9-d11f506ceed9___GCREC_Bact.Sp 5629.JPG,1,1,Bacterial_spot,Bacterial_spot,0.9999987
5ee0103e99b3ca1866030835429922f7,PV_data/Tomato___Bacterial_spot/7b40e020-e33c-4e9f-8093-d7593b8340dc___GCREC_Bact.Sp 3348.JPG,1,1,Bacterial_spot,Bacterial_spot,0.97763056
e34f287efffa1f3ac5720826c7ac8f01,PV_data/Tomato___Bacterial_spot/7c0bb91f-4508-4bb1-a3d4-da074429c167___GCREC_Bact.Sp 3167.JPG,1,1,Bacterial_spot,Bacterial_spot,0.99982035
5b2d2ca883f2accdb3d78130479cdc23,PV_data/Tomato___Bacterial_spot/7ce15eb0-95ec-4196-a8c0-efa2905523a5___GCREC_Bact.Sp 3193.JPG,1,1,Bacterial_spot,Bacterial_spot,0.9999206
3ca1fa241f6c3a987df13055ca81fc59,PV_data/Tomato___Bacterial_spot/7cf98788-6726-455c-9b6b-0163e80d4c0d___GCREC_Bact.Sp 3733.JPG,1,1,Bacterial_spot,Bacterial_spot,0.99509805
a2a99613ce840cb0b5c593055aa9aac1,PV_data/Tomato___Bacterial_spot/7e045ecc-bab1-43c8-9b4d-2d7697b20847___GCREC_Bact.Sp 6165.JPG,1,1,Bacterial_spot,Bacterial_spot,0.99999964
f429aee52b5df3b0ccecc6c6c80e4547,PV_data/Tomato___Bacterial_spot/7e863179-3ff3-48e9-8f84-92ec9957e7f3___GCREC_Bact.Sp 6071.JPG,1,1,Bacterial_spot,Bacterial_spot,0.99931514
f962ca2961d0c838a31fccaf2ed77d30,PV_data/Tomato___Bacterial_spot/7f62023d-4d14-42af-b98f-ac7fc4280bbf___GCREC_Bact.Sp 5759.JPG,1,1,Bacterial_spot,Bacterial_spot,1.0
e241e9dcb04ef8a2c41f9986331f2f2d,PV_data/Tomato___Bacterial_spot/807ff772-48f7-4e2e-b4ea-e05ce327a9a4___GCREC_Bact.Sp 6213.JPG,1,1,Bacterial_spot,Bacterial_spot,0.9999975
be6a8ca999d4334f84dd363dbcd80320,PV_data/Tomato___Bacterial_spot/817211b7-a7bf-49a9-bdb8-dc78cba82ab9___GCREC_Bact.Sp 3799.JPG,1,1,Bacterial_spot,Bacterial_spot,0.9999931
cef46ecb00260e320721c182979775fd,PV_data/Tomato___Bacterial_spot/81a7ec11-35b9-47cb-a831-d0eba07cf8ca___GCREC_Bact.Sp 6178.JPG,1,1,Bacterial_spot,Bacterial_spot,0.99987054
a4c12182e947d96646e610943cea109a,PV_data/Tomato___Bacterial_spot/8296a61a-d33d-43a8-bfc9-c094b69f7666___GCREC_Bact.Sp 3784.JPG,1,1,Bacterial_spot,Bacterial_spot,0.9910835
cbfce6dca7c06112a906b82af3cf4f29,PV_data/Tomato___Bacterial_spot/833f13d8-0efb-4138-9d76-953ba4a88553___GCREC_Bact.Sp 5962.JPG,1,1,Bacterial_spot,Bacterial_spot,0.99999976
bc0a691e9aedb83978eb0529adbde9b8,PV_data/Tomato___Bacterial_spot/871cb1d1-91e5-4f1b-b0c0-a7055b8e90e1___GCREC_Bact.Sp 3789.JPG,1,1,Bacterial_spot,Bacterial_spot,0.99999976
00400651e28a2dfed5ac66c61bb586b7,PV_data/Tomato___Bacterial_spot/8731c86e-26c5-4c48-8b07-28abbda69a1b___GCREC_Bact.Sp 3183.JPG,1,1,Bacterial_spot,Bacterial_spot,0.99995375
60fee41c13eeec1933b84b66df6019bf,PV_data/Tomato___Bacterial_spot/877bc01d-0ab2-4a8f-bbd8-44646bdb84d7___UF.GRC_BS_Lab Leaf 0529.JPG,1,1,Bacterial_spot,Bacterial_spot,0.9784075
532e60a51e8630545402b070e04b0769,PV_data/Tomato___Bacterial_spot/87946145-3625-4e66-8570-c7c0d2c4a388___UF.GRC_BS_Lab Leaf 1148.JPG,1,1,Bacterial_spot,Bacterial_spot,0.81708914
912473eeeea16a3009150ee677f737a0,PV_data/Tomato___Bacterial_spot/885c07cf-7443-4cc6-ba15-cc8e75aa7ebe___GCREC_Bact.Sp 6016.JPG,1,1,Bacterial_spot,Bacterial_spot,0.9999912
2f8a7a62d3912fd80a30cd6b4d650fbc,PV_data/Tomato___Bacterial_spot/8897f549-538f-46d9-a2f7-53eb07e7f89d___UF.GRC_BS_Lab Leaf 8885.JPG,1,1,Bacterial_spot,Bacterial_spot,0.9291828
0eb737fafc823a7fee5c1011456cff92,PV_data/Tomato___Bacterial_spot/88f0b60f-1758-449a-afee-16c95edc6355___GCREC_Bact.Sp 2979.JPG,1,1,Bacterial_spot,Bacterial_spot,0.99999535
1ad87835891c724d02caec1492a9efcf,PV_data/Tomato___Bacterial_spot/88fbe274-cf0e-41f5-8b70-e36ec490f043___GCREC_Bact.Sp 6047.JPG,1,1,Bacterial_spot,Bacterial_spot,0.99975187
2c2fb83c7d8145e871ad4e46f74cab03,PV_data/Tomato___Bacterial_spot/89cd8d83-c3bb-49ca-9561-d92874511f80___GCREC_Bact.Sp 6037.JPG,1,1,Bacterial_spot,Bacterial_spot,0.98017496
9f0aef61107336183e4f0522bc016bd8,PV_data/Tomato___Bacterial_spot/8a4441e3-8f4f-4f3c-9746-3014cf12337e___GCREC_Bact.Sp 5565.JPG,1,1,Bacterial_spot,Bacterial_spot,0.9999999
1e9585ed5a4fce935af9f5c1780970d0,PV_data/Tomato___Bacterial_spot/8a9a8f3a-945b-4921-87a2-2532654a0092___GCREC_Bact.Sp 6059.JPG,1,1,Bacterial_spot,Bacterial_spot,1.0
87e03e8b76881638f69cb98390503e5c,PV_data/Tomato___Bacterial_spot/8aec5b56-9ab2-4337-9544-c619d25650d7___GCREC_Bact.Sp 3579.JPG,1,1,Bacterial_spot,Bacterial_spot,0.7814581
4a08fdb735b731f9108175f1cddf09b7,PV_data/Tomato___Bacterial_spot/8c9604f7-33d8-4212-8c28-43508c7a3c08___GCREC_Bact.Sp 3716.JPG,1,1,Bacterial_spot,Bacterial_spot,0.980455
0ffe63918f9eb79f5d2ae70a61b50640,PV_data/Tomato___Bacterial_spot/8f5439b2-dd11-4410-a0c0-1446c13c30b5___GCREC_Bact.Sp 3448.JPG,1,1,Bacterial_spot,Bacterial_spot,0.9999769
2e58e1c38e68090a35052a8734de11cd,PV_data/Tomato___Bacterial_spot/90c73b3d-1467-4c37-81d0-a264e13348a6___GCREC_Bact.Sp 3147.JPG,1,1,Bacterial_spot,Bacterial_spot,0.9995183
65e18449e8ed7b278cdc76e28187e0a8,PV_data/Tomato___Bacterial_spot/919da9f4-c9aa-4c11-a383-17fdc98876c0___GCREC_Bact.Sp 5809.JPG,1,1,Bacterial_spot,Bacterial_spot,0.99999964
4a866fcb48cafb00b4fb0bc8a989c629,PV_data/Tomato___Bacterial_spot/92da1c91-9a0e-4124-b596-1a5bb9018048___GCREC_Bact.Sp 5611.JPG,1,1,Bacterial_spot,Bacterial_spot,0.9999975
29c87c59ba953afb6888201acc73d053,PV_data/Tomato___Bacterial_spot/931d9484-8912-49c3-bc82-d849927c9a16___GCREC_Bact.Sp 3694.JPG,1,1,Bacterial_spot,Bacterial_spot,0.76058406
f02d0572dc624c523094d84985929b1f,PV_data/Tomato___Bacterial_spot/93725854-5d37-48e9-872d-64c38f0462b1___UF.GRC_BS_Lab Leaf 0940.JPG,1,1,Bacterial_spot,Bacterial_spot,0.89017093
b66ef11ce5d9a50e09a775478caa1575,PV_data/Tomato___Bacterial_spot/9484f784-b2c1-4bba-b085-ccf981c01d31___GCREC_Bact.Sp 6267.JPG,1,1,Bacterial_spot,Bacterial_spot,0.9999685
a6657411c609c538fe3bbf3f3a12bd10,PV_data/Tomato___Bacterial_spot/94d4258f-e148-4b1f-a38b-8679ababce17___UF.GRC_BS_Lab Leaf 0229.JPG,1,17,Bacterial_spot,Tomato_Yellow_Leaf_Curl_Virus,0.755113
5636a834dc8cd3272f0144407819e368,PV_data/Tomato___Bacterial_spot/954aa39d-2c24-477c-988f-ec4f75c5f05c___GCREC_Bact.Sp 5797.JPG,1,1,Bacterial_spot,Bacterial_spot,1.0
7d38496737c95c09dacfe18659ce2dcd,PV_data/Tomato___Bacterial_spot/967e3fd5-f8b1-47af-a3c4-d22f0386b013___GCREC_Bact.Sp 5606.JPG,1,1,Bacterial_spot,Bacterial_spot,0.99999845
086f9fe630c06d5f5d77fc71b545bc29,PV_data/Tomato___Bacterial_spot/970f1e35-eca5-4011-9d93-be6566f27389___GCREC_Bact.Sp 3525.JPG,1,1,Bacterial_spot,Bacterial_spot,0.99999905
bc3134d6fa2b46e0c44e27f3b7ddbf60,PV_data/Tomato___Bacterial_spot/9826cf0e-f124-4262-a994-b43027c2484a___GCREC_Bact.Sp 5781.JPG,1,1,Bacterial_spot,Bacterial_spot,0.999207
dcd18db30b70c40d19135fcf6d01fa06,PV_data/Tomato___Bacterial_spot/984f7f9e-23ff-4a33-979a-5580b3fc5146___GCREC_Bact.Sp 3846.JPG,1,1,Bacterial_spot,Bacterial_spot,0.9999963
369ee62bf2b4e4eef64dde3e4ed52f84,PV_data/Tomato___Bacterial_spot/9981b824-96f2-4fc7-834b-4299efcdfab3___GCREC_Bact.Sp 5865.JPG,1,1,Bacterial_spot,Bacterial_spot,0.99996614
406f0a0bfc7e74f073b97e1ff014c237,PV_data/Tomato___Bacterial_spot/99ccffe8-2bfa-4032-91a4-81287f9d37fb___GCREC_Bact.Sp 5805.JPG,1,1,Bacterial_spot,Bacterial_spot,0.99960995
85dd818d32650f6bb7941283f4450505,PV_data/Tomato___Bacterial_spot/9bfadeb9-dc2c-45fb-b687-7ae6f3dcc906___UF.GRC_BS_Lab Leaf 8789.JPG,1,17,Bacterial_spot,Tomato_Yellow_Leaf_Curl_Virus,0.9391984
3e26344376609bc3e9e3e227a7e9e0b8,PV_data/Tomato___Bacterial_spot/9e643ad9-f96c-4f1d-a980-2a82dc72945a___GCREC_Bact.Sp 3704.JPG,1,1,Bacterial_spot,Bacterial_spot,0.99995613
40be74d7ca8fd039d6abe60aa484e49a,PV_data/Tomato___Bacterial_spot/9e6a8241-00d3-474b-a664-1f67015d5187___UF.GRC_BS_Lab Leaf 0309.JPG,1,1,Bacterial_spot,Bacterial_spot,0.9990082
77a7de84f476fe66f7d6dba90e62156c,PV_data/Tomato___Bacterial_spot/9e7f767c-fdc0-4b28-9195-43ee57f8ecb1___GCREC_Bact.Sp 3356.JPG,1,1,Bacterial_spot,Bacterial_spot,0.99619234
708b9fdc674d7f96082448fbc6736905,PV_data/Tomato___Bacterial_spot/9ea77bf9-c078-4adf-9173-ca0dca15dabd___GCREC_Bact.Sp 6333.JPG,1,1,Bacterial_spot,Bacterial_spot,0.99999917
86a2f495446b209fcac83949dd6454ed,PV_data/Tomato___Bacterial_spot/9fbe6dac-da52-419e-9a57-b56f94d5c910___GCREC_Bact.Sp 5837.JPG,1,1,Bacterial_spot,Bacterial_spot,1.0
4fd6e458a4d8373377f710a9626e619c,PV_data/Tomato___Bacterial_spot/a0be793f-3831-4101-9142-69986edb313e___UF.GRC_BS_Lab Leaf 0801.JPG,1,1,Bacterial_spot,Bacterial_spot,0.9998424
c9fc519f6471a3c2a8a8f93e835bc46c,PV_data/Tomato___Bacterial_spot/a0eff094-61e4-42fc-999c-a290cc4c776d___GCREC_Bact.Sp 5708.JPG,1,1,Bacterial_spot,Bacterial_spot,0.9998872
a2f821593bd6b1dc4b559d126c13b8bd,PV_data/Tomato___Bacterial_spot/a114e770-fcce-48a2-8ffc-a665fae9e7f9___UF.GRC_BS_Lab Leaf 0977.JPG,1,1,Bacterial_spot,Bacterial_spot,0.9999616
e2ce5263c1a7721271ed8271e580ec33,PV_data/Tomato___Bacterial_spot/a18d9608-18d6-4d61-bee8-bed85e479663___GCREC_Bact.Sp 3484.JPG,1,1,Bacterial_spot,Bacterial_spot,0.99985254
b4012a1da6f9b32625d17c5aa612ac72,PV_data/Tomato___Bacterial_spot/a1d8e2a7-c4c9-42d2-8a0d-bcf04053412f___GCREC_Bact.Sp 5672.JPG,1,1,Bacterial_spot,Bacterial_spot,0.9999999
cb1aaa28bc1a6a98c3ffebf97fab4808,PV_data/Tomato___Bacterial_spot/a1f6fda4-d03d-493d-b4f4-14098f1e2c57___UF.GRC_BS_Lab Leaf 1114.JPG,1,1,Bacterial_spot,Bacterial_spot,0.9897558
ebc63651b6e2f82bc71440710d13b3d3,PV_data/Tomato___Bacterial_spot/a2458c0c-9032-4843-ac16-e12559e382ea___GCREC_Bact.Sp 5765.JPG,1,1,Bacterial_spot,Bacterial_spot,0.999995
907f98766d80db1d9841dce6b9f18bce,PV_data/Tomato___Bacterial_spot/a346d735-b67a-4838-b6b2-917e896fbd62___GCREC_Bact.Sp 2996.JPG,1,1,Bacterial_spot,Bacterial_spot,0.9997429
c04e7dc8e865a8b3c41d3db9a3ee5d22,PV_data/Tomato___Bacterial_spot/a4106180-8662-4e07-b7dd-3a80c7fd08dd___GCREC_Bact.Sp 6230.JPG,1,1,Bacterial_spot,Bacterial_spot,0.9957872
74ec103acc914eb6021f3ff8827f1e10,PV_data/Tomato___Bacterial_spot/a4eb83fb-cf1e-4f5d-9966-da27478c697c___GCREC_Bact.Sp 6197.JPG,1,1,Bacterial_spot,Bacterial_spot,0.9983569
2321fb1e3c6940a521d4d4eecc816cf3,PV_data/Tomato___Bacterial_spot/a61d4b9b-aaf1-40a1-84d2-8adfe9359a88___GCREC_Bact.Sp 6163.JPG,1,1,Bacterial_spot,Bacterial_spot,1.0
ea6cb018b08ac6e4fc884b70ecba0059,PV_data/Tomato___Bacterial_spot/a66d03dc-9358-40c6-81dd-8ceede163a46___GCREC_Bact.Sp 3021.JPG,1,1,Bacterial_spot,Bacterial_spot,0.9999801
41fa68e7b11559e2cf2d62041086f9cd,PV_data/Tomato___Bacterial_spot/a6bbc7a3-0281-4fcc-b480-0917f3416908___UF.GRC_BS_Lab Leaf 9054.JPG,1,1,Bacterial_spot,Bacterial_spot,0.6771844
1336706f30b6d72e36276c4072615e63,PV_data/Tomato___Bacterial_spot/a75edffc-d484-41ea-adb2-8808748a53db___GCREC_Bact.Sp 5608.JPG,1,1,Bacterial_spot,Bacterial_spot,0.9999825
450f02e8aa28a028f1c695976d67e98d,PV_data/Tomato___Bacterial_spot/a7af4903-9aae-45be-990d-adfca4510cfa___GCREC_Bact.Sp 5872.JPG,1,1,Bacterial_spot,Bacterial_spot,0.9999999
4a448ce248ca64632c5f74872fffff3a,PV_data/Tomato___Bacterial_spot/a88da7e7-fe37-42e3-bbe6-784f82ed1099___GCREC_Bact.Sp 5828.JPG,1,1,Bacterial_spot,Bacterial_spot,0.9999938
2cc35dc51134847d928a98ea16fa71d6,PV_data/Tomato___Bacterial_spot/a8e2a35e-8392-44cb-9b1d-da43d9127f88___UF.GRC_BS_Lab Leaf 9284.JPG,1,1,Bacterial_spot,Bacterial_spot,0.9826986
15be366f2ffab0c7048b5c6a9aa491dd,PV_data/Tomato___Bacterial_spot/a943ec3e-2105-4dac-9d53-8ccd1e8f6d7b___GCREC_Bact.Sp 5718.JPG,1,1,Bacterial_spot,Bacterial_spot,0.9989242
1cfaac072d4eb70a44bf65ad3f194968,PV_data/Tomato___Bacterial_spot/abaa3e58-7511-4988-a555-b436b0aae002___GCREC_Bact.Sp 6161.JPG,1,1,Bacterial_spot,Bacterial_spot,0.9999453
63954e29c64f32f0ba74b2bff1acf4be,PV_data/Tomato___Bacterial_spot/abf11f35-e792-4cab-a428-38314c5b9b66___GCREC_Bact.Sp 5757.JPG,1,1,Bacterial_spot,Bacterial_spot,1.0
d6d6d79e45f7af0caa87e10729adfc23,PV_data/Tomato___Bacterial_spot/abf9d7f0-be8e-4294-bf19-d60270e3a50d___GCREC_Bact.Sp 5573.JPG,1,1,Bacterial_spot,Bacterial_spot,1.0
6aee9619bfd1414fc9fd433691523c39,PV_data/Tomato___Bacterial_spot/b042ebf8-61a8-4b00-a544-0704f299e96f___GCREC_Bact.Sp 5954.JPG,1,1,Bacterial_spot,Bacterial_spot,0.9999995
008ff95887371031d27f0c49250bf2f1,PV_data/Tomato___Bacterial_spot/b19191da-a846-4e30-85b2-a028e1d85376___UF.GRC_BS_Lab Leaf 8635.JPG,1,1,Bacterial_spot,Bacterial_spot,0.86925745
9bf668802ff799f7731d96ebb5829cb1,PV_data/Tomato___Bacterial_spot/b29993ed-4d96-499b-ad36-379fda20c9c7___UF.GRC_BS_Lab Leaf 8843.JPG,1,1,Bacterial_spot,Bacterial_spot,0.81298184
fc3250f9464dfe12c36571fccc265d57,PV_data/Tomato___Bacterial_spot/b2a40428-4154-4f13-bff6-28c36f4293a9___GCREC_Bact.Sp 3088.JPG,1,1,Bacterial_spot,Bacterial_spot,1.0
fef194a9d3cd6ff661322b299c171815,PV_data/Tomato___Bacterial_spot/b3e6f770-c0fc-4bc1-9e81-81a73899b3a9___UF.GRC_BS_Lab Leaf 0212.JPG,1,1,Bacterial_spot,Bacterial_spot,0.99697137
72c72ec4d3b97e6d308aefd85f967bb4,PV_data/Tomato___Bacterial_spot/b3f77a28-f60f-46fa-91ff-cdfad5979420___UF.GRC_BS_Lab Leaf 0714.JPG,1,1,Bacterial_spot,Bacterial_spot,0.9998007
e184693d956a414ee12a837287a4eafa,PV_data/Tomato___Bacterial_spot/b4181c58-367b-4289-a1f1-7d0ec04ebf58___GCREC_Bact.Sp 3555.JPG,1,1,Bacterial_spot,Bacterial_spot,0.93805933
79dffe08938586edb164546452de478c,PV_data/Tomato___Bacterial_spot/b5839236-fbe9-4b0d-b80e-9956f2018d64___UF.GRC_BS_Lab Leaf 0471.JPG,1,1,Bacterial_spot,Bacterial_spot,0.9815347
ad567fe6a67d16316db86963dcb716d3,PV_data/Tomato___Bacterial_spot/b6d72c2e-9e41-4215-af23-8e84d94d839f___UF.GRC_BS_Lab Leaf 9065.JPG,1,17,Bacterial_spot,Tomato_Yellow_Leaf_Curl_Virus,0.9978569
1a2910f1b893a030135dbbb1254ed5ae,PV_data/Tomato___Bacterial_spot/b6e70a9c-f9c1-457c-826a-81749c540fe5___GCREC_Bact.Sp 5581.JPG,1,1,Bacterial_spot,Bacterial_spot,0.9999814
a8540c1643b3a639822fd0a0ca8b9f02,PV_data/Tomato___Bacterial_spot/b700874c-33cd-4e1d-8b84-f6313e31fc56___GCREC_Bact.Sp 5690.JPG,1,1,Bacterial_spot,Bacterial_spot,0.9999994
a858e231fab58814e2747cb3d8b29e46,PV_data/Tomato___Bacterial_spot/b72055e8-e855-4c88-a6b1-88955a1b8be3___GCREC_Bact.Sp 5992.JPG,1,1,Bacterial_spot,Bacterial_spot,0.9999862
b9725f9b28ecdcaea6e8aaab1d6bbff8,PV_data/Tomato___Bacterial_spot/b7369ccc-8bb8-462f-a915-d0737d1c87c2___GCREC_Bact.Sp 5646.JPG,1,1,Bacterial_spot,Bacterial_spot,0.9999218
779411883a013db959c4272527797b9d,PV_data/Tomato___Bacterial_spot/b8223dd9-c0f5-4e25-8057-1b0bbce7517f___GCREC_Bact.Sp 3402.JPG,1,1,Bacterial_spot,Bacterial_spot,1.0
d09043cdaee2998ee654bec29ff0b7f1,PV_data/Tomato___Bacterial_spot/b908a9aa-b8b9-46bd-aef0-9e8d1388608d___GCREC_Bact.Sp 3486.JPG,1,1,Bacterial_spot,Bacterial_spot,0.9981483
b0f0f303903a3b3c4ab9e126825f140d,PV_data/Tomato___Bacterial_spot/bb72c8b2-9f96-4320-8062-e7b47839a39b___GCREC_Bact.Sp 3266.JPG,1,1,Bacterial_spot,Bacterial_spot,0.99999964
cf131bf50886f07f828351c052e7cda2,PV_data/Tomato___Bacterial_spot/bba175d5-0107-4ea9-b485-00d169678afd___GCREC_Bact.Sp 6380.JPG,1,1,Bacterial_spot,Bacterial_spot,0.9999962
3b1f2fcb4efaaee192c62939f9de0041,PV_data/Tomato___Bacterial_spot/bd214fe7-7ed1-428e-ac09-c3ee84a9ba24___GCREC_Bact.Sp 5699.JPG,1,1,Bacterial_spot,Bacterial_spot,0.9999999
18a47ce8f6e855e618c7d1cd45d202c9,PV_data/Tomato___Bacterial_spot/be5c54f2-f81d-4365-ac23-6a1c4ce3c8d8___GCREC_Bact.Sp 3611.JPG,1,1,Bacterial_spot,Bacterial_spot,0.97006565
8235d2c2f3a567452aec627e67a4c6b9,PV_data/Tomato___Bacterial_spot/beed8d22-757d-44fb-b53f-2aa274ef676b___GCREC_Bact.Sp 3749.JPG,1,1,Bacterial_spot,Bacterial_spot,0.99993026
f8ebe1ce0a5d44b78824944f9a3b5258,PV_data/Tomato___Bacterial_spot/befc4ca2-a878-4f85-b983-c1506a4a1a69___GCREC_Bact.Sp 5883.JPG,1,1,Bacterial_spot,Bacterial_spot,1.0
1e755cdc318826434634c7688783cc4c,PV_data/Tomato___Bacterial_spot/bf5a66b5-5d94-4bd1-a01a-a789ff7a516e___GCREC_Bact.Sp 3389.JPG,1,1,Bacterial_spot,Bacterial_spot,0.99998915
f6394f4215317777db5b289104d35890,PV_data/Tomato___Bacterial_spot/bfe43257-51c4-40c9-8989-a193b19ee2ed___GCREC_Bact.Sp 6111.JPG,1,1,Bacterial_spot,Bacterial_spot,1.0
e189382d514036f788cfde6abe88df1c,PV_data/Tomato___Bacterial_spot/c1b331bd-edf3-4623-bf39-01c3c4fe6105___UF.GRC_BS_Lab Leaf 9299.JPG,1,17,Bacterial_spot,Tomato_Yellow_Leaf_Curl_Virus,0.9720423
6390c1f204529803e268cacf5f392e85,PV_data/Tomato___Bacterial_spot/c3fbdba4-a285-463b-a3fd-26d0d4a4d936___GCREC_Bact.Sp 3677.JPG,1,1,Bacterial_spot,Bacterial_spot,0.9972057
a4922b494083d4fe9e4b0a2ef825d527,PV_data/Tomato___Bacterial_spot/c42bf2e8-ccff-4c88-aa15-8f64e2577173___UF.GRC_BS_Lab Leaf 9073.JPG,1,17,Bacterial_spot,Tomato_Yellow_Leaf_Curl_Virus,0.61957645
f9a320b94e8e15a5ab37e09211a9c404,PV_data/Tomato___Bacterial_spot/c515ab18-07a3-4bdd-a5b6-140d65a185c4___GCREC_Bact.Sp 5674.JPG,1,1,Bacterial_spot,Bacterial_spot,1.0
a982e43a57e6a94fba64e00f12490b84,PV_data/Tomato___Bacterial_spot/c5211a23-cfcd-4a83-9f1f-9b02d9341fc5___GCREC_Bact.Sp 3578.JPG,1,1,Bacterial_spot,Bacterial_spot,0.99456066
c56166bcbefb509fb9a9b01859d05369,PV_data/Tomato___Bacterial_spot/c54f03c5-9eef-4036-bff3-49b3a3867b88___UF.GRC_BS_Lab Leaf 9279.JPG,1,1,Bacterial_spot,Bacterial_spot,0.99137455
f607d8e90c073bb4c51c95a1410913ad,PV_data/Tomato___Bacterial_spot/c6802f8a-d9c0-47ea-bd12-cd51b3bd9ef2___GCREC_Bact.Sp 3058.JPG,1,1,Bacterial_spot,Bacterial_spot,0.9934719
7ddf4cba58dd13f8af46c595737d7cc2,PV_data/Tomato___Bacterial_spot/c742e379-a56a-44b5-96d0-1918dd2cb2c9___GCREC_Bact.Sp 3182.JPG,1,1,Bacterial_spot,Bacterial_spot,0.9997271
ae8959809d3306b544a78e7af05a9871,PV_data/Tomato___Bacterial_spot/c8393f84-d1e1-4165-ae4e-eaa196db9523___GCREC_Bact.Sp 3404.JPG,1,1,Bacterial_spot,Bacterial_spot,1.0
90aceda245bdd73f24ef8dedad929ddb,PV_data/Tomato___Bacterial_spot/c912cdc9-37c4-4593-a334-4a5d3a02c2e4___GCREC_Bact.Sp 3063.JPG,1,1,Bacterial_spot,Bacterial_spot,0.99999523
cc34e3bdbf0b95f8bda704a69d4a74b9,PV_data/Tomato___Bacterial_spot/c996e455-465d-48da-acfc-00bf283cb1fa___GCREC_Bact.Sp 5637.JPG,1,1,Bacterial_spot,Bacterial_spot,0.99995244
9d3be1812a84e9fb49b3bc0dfc7a9313,PV_data/Tomato___Bacterial_spot/c9c0a326-c094-4cea-94cb-bc240bb3be23___GCREC_Bact.Sp 3652.JPG,1,1,Bacterial_spot,Bacterial_spot,0.99668884
bdd9a3857cc9b67560acf374bd8c7299,PV_data/Tomato___Bacterial_spot/cc10d1bc-301a-4f99-85cb-94c73acfbeea___GCREC_Bact.Sp 3397.JPG,1,1,Bacterial_spot,Bacterial_spot,0.9954636
6a72ddcce95490c8225712f13260d9a1,PV_data/Tomato___Bacterial_spot/cc2e453a-3331-4385-baab-e0935661bba4___GCREC_Bact.Sp 3590.JPG,1,16,Bacterial_spot,Target_Spot,0.9139337
5de613393162b5773b88ab2fecc29b77,PV_data/Tomato___Bacterial_spot/cd4a85cb-1944-44e9-82f7-78f1365a46e0___GCREC_Bact.Sp 5817.JPG,1,1,Bacterial_spot,Bacterial_spot,0.9999734
a570589d19df42ccbcc57577cc694c4f,PV_data/Tomato___Bacterial_spot/cd7c0856-eefc-41c3-a838-74db334304b3___GCREC_Bact.Sp 3435.JPG,1,1,Bacterial_spot,Bacterial_spot,0.9999876
b7b17d1498d03f9a45cf1f8d28b4da05,PV_data/Tomato___Bacterial_spot/cfe7ebae-8e0f-4b12-8aae-d76fd249b2c4___GCREC_Bact.Sp 6342.JPG,1,1,Bacterial_spot,Bacterial_spot,0.99998116
2f0d48779e2693b9fd47a91f2f5894d1,PV_data/Tomato___Bacterial_spot/d0259987-90c8-4af9-a2f4-524ed0c514a2___GCREC_Bact.Sp 6365.JPG,1,1,Bacterial_spot,Bacterial_spot,0.9999813
bcaaff95ac8b02b13dc4ed3af8101f8a,PV_data/Tomato___Bacterial_spot/d0ce6851-bf97-4410-94f3-ccdcddd2a0fe___GCREC_Bact.Sp 3424.JPG,1,1,Bacterial_spot,Bacterial_spot,0.9999988
d10df9d5926c5f71b84179a81c2dcec7,PV_data/Tomato___Bacterial_spot/d1c21ca6-efc2-48f3-a1be-1593320db75c___GCREC_Bact.Sp 3623.JPG,1,1,Bacterial_spot,Bacterial_spot,0.9968749
ddc13325028a55d24b0a3313e822cbef,PV_data/Tomato___Bacterial_spot/d41b41df-08b1-498c-9c41-6967a6a46151___GCREC_Bact.Sp 3109.JPG,1,1,Bacterial_spot,Bacterial_spot,0.9999999
cea04d5ed16db20dac8c01b2df82fe56,PV_data/Tomato___Bacterial_spot/d43a87b6-6745-4f6a-a1fb-1dec046089a2___UF.GRC_BS_Lab Leaf 0236.JPG,1,1,Bacterial_spot,Bacterial_spot,0.9980064
90fca96d90fb6a6235ccacd341cc29c8,PV_data/Tomato___Bacterial_spot/d47b18fc-8e90-478a-ae2b-c9974b0edc80___GCREC_Bact.Sp 3222.JPG,1,1,Bacterial_spot,Bacterial_spot,0.99999464
8a65d85be51c948315d024dc99d3e451,PV_data/Tomato___Bacterial_spot/d4e4f6a5-f887-48b1-83d5-44e6f834cab4___GCREC_Bact.Sp 6064.JPG,1,1,Bacterial_spot,Bacterial_spot,0.9915202
43f379a5015642a38fd187bccb751aa3,PV_data/Tomato___Bacterial_spot/d5811974-694f-4a83-a5d1-cfa56f59c67a___UF.GRC_BS_Lab Leaf 0384.JPG,1,1,Bacterial_spot,Bacterial_spot,0.8446054
1b1ecdea407811003bbc3ff1cc093d3a,PV_data/Tomato___Bacterial_spot/d5c25507-51c8-4565-9c4f-2e991cf83721___GCREC_Bact.Sp 6112.JPG,1,1,Bacterial_spot,Bacterial_spot,1.0
40c29a93ec5f1cd7166e3b8d47a1e330,PV_data/Tomato___Bacterial_spot/d6719276-d4fa-4c59-84a2-6a6b40e023f4___GCREC_Bact.Sp 3218.JPG,1,1,Bacterial_spot,Bacterial_spot,0.9999994
d6f71b0765d1548ebcfbed88b031e77e,PV_data/Tomato___Bacterial_spot/d8914e04-4e33-4189-bfa9-f547e5f696d1___GCREC_Bact.Sp 3173.JPG,1,1,Bacterial_spot,Bacterial_spot,0.99999857
b07f714420fe69868f580e966122259f,PV_data/Tomato___Bacterial_spot/d8db4770-1ba3-4648-8a8f-05bfcd2d6e49___GCREC_Bact.Sp 6123.JPG,1,1,Bacterial_spot,Bacterial_spot,1.0
6a0547d4501b0073cdf41ba594435f1f,PV_data/Tomato___Bacterial_spot/d91864c6-22e4-4dea-b10f-e64061a300a3___GCREC_Bact.Sp 3572.JPG,1,16,Bacterial_spot,Target_Spot,0.996896
81252b1f9ac6dd1d501a7811ffa1a457,PV_data/Tomato___Bacterial_spot/da1c5c94-2f61-4f4e-b773-f7e421d46b34___GCREC_Bact.Sp 3752.JPG,1,1,Bacterial_spot,Bacterial_spot,0.9999956
34a68268e67f2fa9d8489ab8b3fb7ffa,PV_data/Tomato___Bacterial_spot/db6177ef-cf23-402a-ac95-f8c136c6385d___GCREC_Bact.Sp 3135.JPG,1,1,Bacterial_spot,Bacterial_spot,0.9999957
95352a6b0956b27d0bdd0fb9ec795d05,PV_data/Tomato___Bacterial_spot/dc0911a0-8c66-412c-82ec-6070f2ca0b8b___GCREC_Bact.Sp 6011.JPG,1,1,Bacterial_spot,Bacterial_spot,0.9636585
be1c99435b477ea74680e9e081420d4c,PV_data/Tomato___Bacterial_spot/dc8612c8-6b25-4bf7-b6e8-49b20fda59ee___GCREC_Bact.Sp 3380.JPG,1,1,Bacterial_spot,Bacterial_spot,0.99045503
4c9a97255416fcf13600d9245ae687ee,PV_data/Tomato___Bacterial_spot/dc865b07-0701-4ddd-be52-cc75f80d0ada___UF.GRC_BS_Lab Leaf 0683.JPG,1,1,Bacterial_spot,Bacterial_spot,0.99993706
f2a4c2badaff4e1649483ed50ece0441,PV_data/Tomato___Bacterial_spot/dd6e2b14-f790-452a-b810-a667064a8699___GCREC_Bact.Sp 5632.JPG,1,1,Bacterial_spot,Bacterial_spot,0.9993239
e0b71e3691c79204fb10e765fe20f1f5,PV_data/Tomato___Bacterial_spot/de2b6ef8-f5cc-4cf5-bebf-273d12f2626f___GCREC_Bact.Sp 6301.JPG,1,1,Bacterial_spot,Bacterial_spot,0.9998114
9eddb55b7cfff7059a50bb04f13d318a,PV_data/Tomato___Bacterial_spot/dea314b1-624c-492d-9eb0-965a34bf89c7___GCREC_Bact.Sp 3462.JPG,1,1,Bacterial_spot,Bacterial_spot,0.9999999
e565b345e9da6328e84bc22e1888bd7a,PV_data/Tomato___Bacterial_spot/df2c5959-402f-488c-8e9f-93d3a0cee4dd___UF.GRC_BS_Lab Leaf 1168.JPG,1,17,Bacterial_spot,Tomato_Yellow_Leaf_Curl_Virus,0.973459
7d6bf98bb88ca099a0dc4497e0d30989,PV_data/Tomato___Bacterial_spot/df2cde45-b06c-421e-b0b9-955bf8b8f2e7___GCREC_Bact.Sp 2978.JPG,1,1,Bacterial_spot,Bacterial_spot,0.99999726
2ffe536e39b3cb479dfdfd4f54f0ee4c,PV_data/Tomato___Bacterial_spot/df6c7120-ac7c-43b5-bb2a-3c61782e7a47___GCREC_Bact.Sp 6030.JPG,1,1,Bacterial_spot,Bacterial_spot,0.9998728
3f8338fadab28af7539bdacba4ce7e6a,PV_data/Tomato___Bacterial_spot/dfc16b5b-67c4-4725-982f-c7282f514b38___GCREC_Bact.Sp 3100.JPG,1,1,Bacterial_spot,Bacterial_spot,0.99934787
830eae3e382d3c41fa60d710f68076b0,PV_data/Tomato___Bacterial_spot/e0e5620f-d8bb-4f6e-9d87-87aff4b7c230___GCREC_Bact.Sp 5737.JPG,1,1,Bacterial_spot,Bacterial_spot,0.9071044
cbfe16a8f4731b078abf61178a6fac79,PV_data/Tomato___Bacterial_spot/e28b2c59-c08e-4957-975f-2965d8b801e2___GCREC_Bact.Sp 3321.JPG,1,1,Bacterial_spot,Bacterial_spot,0.9983595
c154f74815d324fbe82aa7c2d721047f,PV_data/Tomato___Bacterial_spot/e41ca477-b751-45f7-9a19-3442349e45ef___GCREC_Bact.Sp 3254.JPG,1,1,Bacterial_spot,Bacterial_spot,1.0
35a7156332d70ed75ec31e7ab0b5bac6,PV_data/Tomato___Bacterial_spot/e4dad7d3-b043-4dc9-9b41-0df12c1a6823___GCREC_Bact.Sp 5822.JPG,1,1,Bacterial_spot,Bacterial_spot,0.9999999
7aed1ea7f5ee3420995d19e26a2e8b6f,PV_data/Tomato___Bacterial_spot/e5ab7644-032a-44d8-97dd-3e9eec19278b___GCREC_Bact.Sp 6208.JPG,1,1,Bacterial_spot,Bacterial_spot,0.9999944
5a97499d75ca15b56476c2b527d4497b,PV_data/Tomato___Bacterial_spot/e7c9c9ed-9e51-4056-93c7-f1ddf74f2ebc___UF.GRC_BS_Lab Leaf 0945.JPG,1,1,Bacterial_spot,Bacterial_spot,0.95642614
cae254353797d51179bcbefe8fd8da4e,PV_data/Tomato___Bacterial_spot/e7ce4652-41d2-4f9a-870d-7bfe3b3c08bd___GCREC_Bact.Sp 3519.JPG,1,1,Bacterial_spot,Bacterial_spot,0.99999964
773253356e94859afb7353202d5dfcde,PV_data/Tomato___Bacterial_spot/e873f5c0-d887-496d-b037-6549e4c52d3a___UF.GRC_BS_Lab Leaf 9271.JPG,1,1,Bacterial_spot,Bacterial_spot,0.9999919
1c1118c57ddfeae48d4499463b66dbaa,PV_data/Tomato___Bacterial_spot/e87962ec-4dae-4c6c-8233-620e40acf137___GCREC_Bact.Sp 3160.JPG,1,1,Bacterial_spot,Bacterial_spot,0.99987113
80be6e04847065e45eb121d324beb06a,PV_data/Tomato___Bacterial_spot/e8b966f1-b1e8-460d-899f-73a3780a36e4___GCREC_Bact.Sp 6179.JPG,1,1,Bacterial_spot,Bacterial_spot,1.0
b8ccd28b13db21e5684d019910eda398,PV_data/Tomato___Bacterial_spot/e8e7edd6-4791-41f4-a110-41af6fb1e124___GCREC_Bact.Sp 3651.JPG,1,1,Bacterial_spot,Bacterial_spot,0.95145494
38bed9b2f455c746b60bc2fe09033181,PV_data/Tomato___Bacterial_spot/e928ca07-1757-4734-a146-b18176167cf9___GCREC_Bact.Sp 3709.JPG,1,14,Bacterial_spot,Septoria_leaf_spot,0.92842484
7f75a1f86ab6995f88a9584209dfd955,PV_data/Tomato___Bacterial_spot/eaf64b81-ac2a-4c85-8c15-da1986a12b7a___GCREC_Bact.Sp 3683.JPG,1,1,Bacterial_spot,Bacterial_spot,0.9994399
b5e3a39f330919808fbb1895fb24ed40,PV_data/Tomato___Bacterial_spot/eb2eebd9-62f0-441c-908f-1ff90f36bb66___GCREC_Bact.Sp 5752.JPG,1,1,Bacterial_spot,Bacterial_spot,0.99999905
134f9495a78d63ad0949c9b1ccda3362,PV_data/Tomato___Bacterial_spot/eba8000b-ecbc-4417-bc21-67c7e4dd8c8d___GCREC_Bact.Sp 5916.JPG,1,1,Bacterial_spot,Bacterial_spot,0.99998343
e15e663a5e9e1657466652db53b76328,PV_data/Tomato___Bacterial_spot/ec7eb8ff-d779-4fae-a230-aa65a93508a3___GCREC_Bact.Sp 5927.JPG,1,1,Bacterial_spot,Bacterial_spot,0.9999758
9f8b0d55ba292d4ea38bce75ccb969d1,PV_data/Tomato___Bacterial_spot/ecc30297-bfb6-4e9e-8b3e-f29ca20cffa7___UF.GRC_BS_Lab Leaf 8904.JPG,1,1,Bacterial_spot,Bacterial_spot,0.78992665
0dac2cc7d0ea0ea8aa0117dd5ce93eb4,PV_data/Tomato___Bacterial_spot/ed618153-da70-475f-be98-cc2b9c28214b___GCREC_Bact.Sp 6211.JPG,1,1,Bacterial_spot,Bacterial_spot,0.99999285
74593d8b982639a35fdd4e8653b09321,PV_data/Tomato___Bacterial_spot/ee328e30-524c-4bcd-86f2-e9facfa6c5ae___GCREC_Bact.Sp 6002.JPG,1,1,Bacterial_spot,Bacterial_spot,0.9999975
ddd8da16d6ec11d66d4bdb2dbccaf572,PV_data/Tomato___Bacterial_spot/ee58fac2-fc57-4c63-a65b-ede727cf1d43___UF.GRC_BS_Lab Leaf 0809.JPG,1,1,Bacterial_spot,Bacterial_spot,0.9999168
0fd50cf1f52ec1c388807abe46f2480a,PV_data/Tomato___Bacterial_spot/eeae17c8-445e-4116-8329-48397093073a___GCREC_Bact.Sp 3459.JPG,1,1,Bacterial_spot,Bacterial_spot,1.0
37bd32fc09bd0bca28d2042748d6299c,PV_data/Tomato___Bacterial_spot/ef20a397-2057-4f88-888b-9325bd16404a___GCREC_Bact.Sp 3280.JPG,1,1,Bacterial_spot,Bacterial_spot,0.99999964
915b7e501896e40665419f5b342bc830,PV_data/Tomato___Bacterial_spot/f073c2a6-ac26-49d4-a76d-049abbdb2cfa___GCREC_Bact.Sp 3067.JPG,1,1,Bacterial_spot,Bacterial_spot,0.99807525
203038001a5f77a7698d0f73826bd38c,PV_data/Tomato___Bacterial_spot/f0765e3f-e21f-4b0f-ae02-0ac9de9cfb0e___GCREC_Bact.Sp 3825.JPG,1,1,Bacterial_spot,Bacterial_spot,0.99999964
b7a362939b8e9e4aead9f9d7bfdd4af6,PV_data/Tomato___Bacterial_spot/f0793e2c-2033-4511-ba00-dbd2c42ce3c1___GCREC_Bact.Sp 3226.JPG,1,1,Bacterial_spot,Bacterial_spot,0.999997
ce60aa55292d1e5a773a5d0736ed9b1d,PV_data/Tomato___Bacterial_spot/f1164b16-0b05-413e-be8d-79d85901e34b___GCREC_Bact.Sp 3443.JPG,1,1,Bacterial_spot,Bacterial_spot,0.99999225
e4b216f6495dea070b5f484b9bb88f23,PV_data/Tomato___Bacterial_spot/f3590208-3be1-4b32-accd-464e58950119___GCREC_Bact.Sp 3481.JPG,1,1,Bacterial_spot,Bacterial_spot,0.9999521
ea402bb734278b10acd435ee940ea672,PV_data/Tomato___Bacterial_spot/f3e3d426-cf23-4157-90e2-95a0442ef83f___GCREC_Bact.Sp 3041.JPG,1,1,Bacterial_spot,Bacterial_spot,0.99999976
45236f0ce76a1052463f8313f92c9419,PV_data/Tomato___Bacterial_spot/f47f66f7-19c1-46d2-8dd1-24ad16f0b670___UF.GRC_BS_Lab Leaf 0225.JPG,1,1,Bacterial_spot,Bacterial_spot,0.82966495
c9d71da61dec00132e7649e6934819ab,PV_data/Tomato___Bacterial_spot/f4f094d0-b879-4352-adf1-c9f9b8303881___GCREC_Bact.Sp 3539.JPG,1,16,Bacterial_spot,Target_Spot,0.8041369
6cea3beeb766d3d181c8599dc813a28b,PV_data/Tomato___Bacterial_spot/f5b9b1ee-1abf-489f-be80-a4c80bfb2820___UF.GRC_BS_Lab Leaf 0445.JPG,1,1,Bacterial_spot,Bacterial_spot,0.97611
477bd38ab867a0011c3985216e59b3ca,PV_data/Tomato___Bacterial_spot/f834fa07-fd63-4ff6-8a17-e13c02ac4878___GCREC_Bact.Sp 5693.JPG,1,1,Bacterial_spot,Bacterial_spot,0.9999995
16a4492dc2c80978482c5b832ee84f95,PV_data/Tomato___Bacterial_spot/f880355a-9e96-41a3-9e66-79d498dc6d61___GCREC_Bact.Sp 3823.JPG,1,1,Bacterial_spot,Bacterial_spot,0.99999976
2e836a13ac971e50517b305d8ca4b97c,PV_data/Tomato___Bacterial_spot/f8c5fd52-52f4-4dca-aed6-171813775027___GCREC_Bact.Sp 3036.JPG,1,1,Bacterial_spot,Bacterial_spot,0.9999982
26ee6bd7cf045dd0fc8608fd467766c5,PV_data/Tomato___Bacterial_spot/f8efccbd-9721-4291-a095-9fb29527bbc4___UF.GRC_BS_Lab Leaf 0235.JPG,1,1,Bacterial_spot,Bacterial_spot,0.9966484
9032e70373c5ceb43f02424dc1c49e94,PV_data/Tomato___Bacterial_spot/f9299ed5-ac75-4849-a8b0-1e1b6c9d3097___GCREC_Bact.Sp 3241.JPG,1,1,Bacterial_spot,Bacterial_spot,0.99999964
068fbb4adfb6b7a349ca19b4626272e5,PV_data/Tomato___Bacterial_spot/f9ca8392-73cf-4045-96f4-5fe481418df1___GCREC_Bact.Sp 3165.JPG,1,1,Bacterial_spot,Bacterial_spot,0.9999994
c71f8e20586915a4824d70064ba3f4a2,PV_data/Tomato___Bacterial_spot/fb25aff6-5c78-42d9-b9af-9181811ac18b___GCREC_Bact.Sp 5788.JPG,1,1,Bacterial_spot,Bacterial_spot,0.9880156
57f7568169c41a957cbc9e45511b1f99,PV_data/Tomato___Bacterial_spot/fca8f33c-6416-4ef3-91e8-8ea21346f242___GCREC_Bact.Sp 3018.JPG,1,1,Bacterial_spot,Bacterial_spot,0.9999862
64f3a9a6c90e087e4180f4e7f876c9cd,PV_data/Tomato___Early_blight/08fe6531-bb66-4e0a-98b3-4b86a794f9f9___RS_Erly.B 7483.JPG,6,6,Early_blight,Early_blight,0.9907664
783e7b754cf662508ebe8641b68f9d3e,PV_data/Tomato___Early_blight/0a2726e0-3358-4a46-b6dc-563a5a9f2bdf___RS_Erly.B 7860.JPG,6,16,Early_blight,Target_Spot,0.9883937
4c5f2e31b245ce6239050444d8b709e2,PV_data/Tomato___Early_blight/0ae44a6c-1213-4312-a11b-c7c5d4e585d0___RS_Erly.B 9442.JPG,6,6,Early_blight,Early_blight,1.0
8b397482f0873c709368fc3d1ca3c5db,PV_data/Tomato___Early_blight/0ba3d536-8732-4ea1-b3e1-a1be86e5dc6a___RS_Erly.B 9499.JPG,6,6,Early_blight,Early_blight,0.9997372
1ce8dc73f8259d855f0dbee8295c0a1e,PV_data/Tomato___Early_blight/0bb52721-51a6-4343-8c54-de15cedf8e5c___RS_Erly.B 7572.JPG,6,6,Early_blight,Early_blight,0.9998853
24e0ce659e4c8cf1460d6cb12649137c,PV_data/Tomato___Early_blight/0bd357fe-1e54-4c65-979c-e894e0b8a3aa___RS_Erly.B 8328.JPG,6,14,Early_blight,Septoria_leaf_spot,0.6940473
82d7b67745b1a491cd8670126db04521,PV_data/Tomato___Early_blight/0cd17aff-13d8-439a-ac08-dae1aea55edb___RS_Erly.B 7828.JPG,6,6,Early_blight,Early_blight,0.87108546
c487545d4ae7c85323542d9947027e6c,PV_data/Tomato___Early_blight/0db67be3-f733-4d15-b7d9-5d075b2cafc7___RS_Erly.B 6401.JPG,6,6,Early_blight,Early_blight,0.99645823
e51f38624c52cd0b31f635d6a8e7daeb,PV_data/Tomato___Early_blight/0e2e58b7-1417-49c4-b014-b5efb4b4b831___RS_Erly.B 8256.JPG,6,6,Early_blight,Early_blight,0.9996759
d1c4a4585211a5104de4aef8563647f7,PV_data/Tomato___Early_blight/10a46a0b-debe-49f9-8562-c7c81855160e___RS_Erly.B 6339.JPG,6,6,Early_blight,Early_blight,1.0
162d6b65e0b044b8601012f1f8b61526,PV_data/Tomato___Early_blight/113562f3-fe24-4b28-9ec8-7ca432bded47___RS_Erly.B 9402.JPG,6,6,Early_blight,Early_blight,0.99940324
043c62e31f40708daa073bb9da3fea45,PV_data/Tomato___Early_blight/164f6427-eeed-42da-bb51-ec07a57840dc___RS_Erly.B 9372.JPG,6,6,Early_blight,Early_blight,0.99990726
6b4f1191cda8a495a49f81c13cd13414,PV_data/Tomato___Early_blight/1ba88993-c3f8-462d-bd1b-e10819b9c96f___RS_Erly.B 8396.JPG,6,6,Early_blight,Early_blight,0.9855833
6e0cee3eec35ffbcb0cc3291a766064b,PV_data/Tomato___Early_blight/1d1d79c6-824d-4c48-bd59-c83a5cf29229___RS_Erly.B 9547.JPG,6,6,Early_blight,Early_blight,0.99995327
f9072586b2941059d8ddd2ea5d96f439,PV_data/Tomato___Early_blight/1f402ddb-f3e8-4907-a793-320c8e43446a___RS_Erly.B 9460.JPG,6,6,Early_blight,Early_blight,0.99999225
3a18a187929563c7bffaa752fab9e60f,PV_data/Tomato___Early_blight/21ad39db-c205-4220-a7e6-566042e70007___RS_Erly.B 7633.JPG,6,6,Early_blight,Early_blight,1.0
25c1306cc12fd2eebcb5cedf33137f84,PV_data/Tomato___Early_blight/22b653c4-9e15-4081-8ece-9b5950a94120___RS_Erly.B 7814.JPG,6,14,Early_blight,Septoria_leaf_spot,0.85535496
c32745aee4ad8b01439907af4222ad14,PV_data/Tomato___Early_blight/22b8de0e-636d-4407-a270-ef3614c33227___RS_Erly.B 8257.JPG,6,6,Early_blight,Early_blight,0.99917835
aff410d9bd519b1e9755616b901fe560,PV_data/Tomato___Early_blight/24379205-969e-4cd0-9232-176c83364d60___RS_Erly.B 7617.JPG,6,6,Early_blight,Early_blight,0.99999917
c6ad59345d90593435250818b2071c2d,PV_data/Tomato___Early_blight/243a77c6-b401-43c4-9230-68b4b11f3b83___RS_Erly.B 7754.JPG,6,6,Early_blight,Early_blight,0.5013295
b411eb755d81d4143a1ca7c3db02d40e,PV_data/Tomato___Early_blight/250df77c-cb57-4e85-9cf2-531033930030___RS_Erly.B 6477.JPG,6,6,Early_blight,Early_blight,0.9999869
ade6deabb5a0124642a49f008fc2bb06,PV_data/Tomato___Early_blight/25cc64d3-0ea1-4082-9b2a-bcaee3056580___RS_Erly.B 9602.JPG,6,6,Early_blight,Early_blight,0.99728477
b7143cbeab722255ed4658acf14e0318,PV_data/Tomato___Early_blight/2606a4ae-7b2f-4fd6-a561-fc9dce2ffc02___RS_Erly.B 9570.JPG,6,6,Early_blight,Early_blight,1.0
761a15fb50b6f0ee334fb7eba258ece6,PV_data/Tomato___Early_blight/268590f4-68f6-4de9-968e-a7465b377db4___RS_Erly.B 7614.JPG,6,6,Early_blight,Early_blight,0.99999964
c8d755c53841a6b3d571e5631cae3052,PV_data/Tomato___Early_blight/2792287f-aa8e-4c03-aabe-479e75cdc0f8___RS_Erly.B 9584.JPG,6,6,Early_blight,Early_blight,0.9999993
1b4f0d3761aeaa1c751ffdd2d3cdd4ce,PV_data/Tomato___Early_blight/2832ca53-be67-44c0-ac55-eb815bd85fd3___RS_Erly.B 8242.JPG,6,6,Early_blight,Early_blight,1.0
a221b4178bb263d2b5c198dc82c442a7,PV_data/Tomato___Early_blight/2b5bebdd-3af4-41ca-b206-efc1a141e71d___RS_Erly.B 6363.JPG,6,14,Early_blight,Septoria_leaf_spot,0.83238524
3474aef69cb15fada9640f53578cc612,PV_data/Tomato___Early_blight/2e7b090e-4fc6-42f2-8bf6-3f84b32712e5___RS_Erly.B 7470.JPG,6,6,Early_blight,Early_blight,0.9999999
2ab82353c366a591ea5190aec3cdedf0,PV_data/Tomato___Early_blight/2f823081-0654-47f1-bb1e-88d7e99a94ca___RS_Erly.B 9542.JPG,6,6,Early_blight,Early_blight,0.9999926
222184093b3c1e10c88140c29b1c6d46,PV_data/Tomato___Early_blight/30480c06-fc07-47f2-8059-51d08240aad8___RS_Erly.B 9528.JPG,6,6,Early_blight,Early_blight,1.0
5acb5586eae870ccee9a7cf28db98141,PV_data/Tomato___Early_blight/30c5bc48-7b5e-4bc0-9f0c-096042dacde2___RS_Erly.B 6333.JPG,6,6,Early_blight,Early_blight,0.9878445
0f15462ecb6e013476630385c1ac841d,PV_data/Tomato___Early_blight/30e6be40-743f-49c1-a736-e279d53ffdd7___RS_Erly.B 7862.JPG,6,6,Early_blight,Early_blight,0.9908241
51c87059c0a0af6478120e2e6f07d94a,PV_data/Tomato___Early_blight/30f2c918-bb60-4d4f-b171-7fecdfac7cac___RS_Erly.B 9543.JPG,6,6,Early_blight,Early_blight,0.99999964
f9f120b65dfe29d1e35b5633969d42a1,PV_data/Tomato___Early_blight/3253ff4e-90ab-475a-89d2-f99875c53367___RS_Erly.B 8356.JPG,6,6,Early_blight,Early_blight,0.9606486
89ca6294306672dc4a611b613819ac75,PV_data/Tomato___Early_blight/33cd99f1-1f8a-497b-b4fc-60ff78af4b8a___RS_Erly.B 8378.JPG,6,6,Early_blight,Early_blight,0.99999166
6d430a12abecec08709e97b0dfcb8c48,PV_data/Tomato___Early_blight/38685009-d6e6-4b3a-9957-bf049a210cda___RS_Erly.B 7606.JPG,6,6,Early_blight,Early_blight,0.9621285
e48209ae0b7863a3673146221d6396cc,PV_data/Tomato___Early_blight/38c6a01b-91c0-431b-8f58-05fa43cf94b7___RS_Erly.B 9408.JPG,6,6,Early_blight,Early_blight,0.999992
3745a9b71a1c87090588dae0a0355e16,PV_data/Tomato___Early_blight/3a5a5775-fd2c-43ea-ad6b-ce2e50b36dcf___RS_Erly.B 6469.JPG,6,6,Early_blight,Early_blight,0.98735934
7d713a51040094bc988998e51895822d,PV_data/Tomato___Early_blight/3a634ad7-1119-4ea1-9268-bedc8308fdc8___RS_Erly.B 7841.JPG,6,6,Early_blight,Early_blight,0.7058016
02fb605df1212e8f1c5c98f6bffd95ce,PV_data/Tomato___Early_blight/3b3193c5-e717-4b40-b450-7ee5c6e22d1a___RS_Erly.B 9382.JPG,6,6,Early_blight,Early_blight,0.99968857
10860b5fcdcfd7731dc7c440b8c725ae,PV_data/Tomato___Early_blight/3e9af11d-b43d-4bfd-9cdf-1b0d847d3bf6___RS_Erly.B 7739.JPG,6,6,Early_blight,Early_blight,0.58225626
51d6757871f84ea1110a683817bd6d48,PV_data/Tomato___Early_blight/4065f166-5f48-4277-9f51-7aa61dbd4b48___RS_Erly.B 8399.JPG,6,6,Early_blight,Early_blight,0.99999976
f6f1f09955d103887727b2b4a96d40cd,PV_data/Tomato___Early_blight/45a51377-1fd4-45f3-bfdb-02d9d0953ab2___RS_Erly.B 9471.JPG,6,6,Early_blight,Early_blight,0.99949324
b90d8f3739ae0b52a98d6d97dde559c5,PV_data/Tomato___Early_blight/468a0f48-b0c4-4969-9f21-826cb3ae3f61___RS_Erly.B 7725.JPG,6,16,Early_blight,Target_Spot,0.98745114
fef5e880d8eee63fc0fb95ca1209a8ef,PV_data/Tomato___Early_blight/468dba17-366a-422f-b3b6-061261942b0d___RS_Erly.B 7853.JPG,6,8,Early_blight,Late_blight,0.49042523
8b4d9b0c6df53b3ee327d70ade642421,PV_data/Tomato___Early_blight/47465f0e-80ef-4641-b24b-7147dd82596d___RS_Erly.B 9473.JPG,6,6,Early_blight,Early_blight,0.9999683
45ac7209309c697205729ecf26919bac,PV_data/Tomato___Early_blight/484250ea-cc2c-4614-bee8-7f24007e00ac___RS_Erly.B 9463.JPG,6,6,Early_blight,Early_blight,0.99997985
eb176a59b6154d3df037b61d83e6256b,PV_data/Tomato___Early_blight/4c524fa6-db92-41e1-8d32-84732f78343f___RS_Erly.B 7768.JPG,6,6,Early_blight,Early_blight,0.77965045
35d18acfb6355cc105f6a3ecd012dc16,PV_data/Tomato___Early_blight/4ce52d04-06f4-4b35-af47-804fdabed996___RS_Erly.B 8254.JPG,6,6,Early_blight,Early_blight,1.0
48825f64eb1870cd9beb1e02dd7f9763,PV_data/Tomato___Early_blight/4eccde8f-4b47-4e5e-b0aa-9eaa67b20126___RS_Erly.B 8417.JPG,6,6,Early_blight,Early_blight,0.98641413
4058902d761726611e66dee83b82fa13,PV_data/Tomato___Early_blight/511fb1ba-bef6-4144-9e05-461a66022cba___RS_Erly.B 8435.JPG,6,6,Early_blight,Early_blight,0.999997
f353b818f6eaa7f744b53b1ca66d7e02,PV_data/Tomato___Early_blight/51f589f7-d843-4d5d-8c5a-385951f58865___RS_Erly.B 9424.JPG,6,6,Early_blight,Early_blight,0.999992
a0408eca1d7f8e06b68964eccb1cc5a1,PV_data/Tomato___Early_blight/5595a78c-8a56-4ee2-b085-a96c6fb67846___RS_Erly.B 7716.JPG,6,6,Early_blight,Early_blight,0.9332285
9d4f3684412661c14ea89713e873e95a,PV_data/Tomato___Early_blight/56f361f0-4a14-4fc1-acc4-798e6614f8fb___RS_Erly.B 8313.JPG,6,6,Early_blight,Early_blight,0.9994968
dbdb724e0f00ba73b04e4dad7f0d6d5d,PV_data/Tomato___Early_blight/5b71fe03-84fc-4866-9bf8-e557ce918c6e___RS_Erly.B 9580.JPG,6,6,Early_blight,Early_blight,1.0
b7751cca44799cfe37b52f697650b135,PV_data/Tomato___Early_blight/5bb67c87-9449-4365-aad2-0763164a608b___RS_Erly.B 7460.JPG,6,6,Early_blight,Early_blight,0.9999932
adeafdb288285cb503c0974cf3f7916d,PV_data/Tomato___Early_blight/5bbfc062-042e-4929-98ba-fd034a03092d___RS_Erly.B 7581.JPG,6,6,Early_blight,Early_blight,1.0
067dc0cde73f1082ec3a39ba1534e581,PV_data/Tomato___Early_blight/5bcb328c-9fa4-4abf-a3b6-8a015ada7d94___RS_Erly.B 7476.JPG,6,6,Early_blight,Early_blight,0.9691477
55d87be4f1eace762c3a635e3cfd3dcc,PV_data/Tomato___Early_blight/5fef7edb-3b8a-4f74-b980-493366ead004___RS_Erly.B 6476.JPG,6,6,Early_blight,Early_blight,0.9999882
44e242d7828109c7382c4326496cd81e,PV_data/Tomato___Early_blight/6376d980-2b10-4990-a58d-ca0e7dfc6af3___RS_Erly.B 8215.JPG,6,6,Early_blight,Early_blight,0.99770606
fba3b6ca3dbce084e7966664353a974a,PV_data/Tomato___Early_blight/64ef53fa-26cc-4734-8a94-6f83a108817f___RS_Erly.B 6348.JPG,6,6,Early_blight,Early_blight,0.999998
f7aa22b8e73fba7d57442dfd1984c96f,PV_data/Tomato___Early_blight/654d7c11-664e-47c0-a6aa-c5c45a07e386___RS_Erly.B 7799.JPG,6,16,Early_blight,Target_Spot,0.7476975
f2cc410fedb70ac0237da9920260e83f,PV_data/Tomato___Early_blight/66c98dd1-2790-4977-91ee-1b10ca8c687b___RS_Erly.B 8418.JPG,6,6,Early_blight,Early_blight,0.99764663
dbad8780c76fddd06027e507676e7592,PV_data/Tomato___Early_blight/66eef337-720e-4166-a1d0-a9d3ce7f96f3___RS_Erly.B 6422.JPG,6,6,Early_blight,Early_blight,0.999779
6879014b8d29afc17d59ae3b2286ae94,PV_data/Tomato___Early_blight/69eba018-9404-4e15-ad5f-75830ea4cbc9___RS_Erly.B 7691.JPG,6,16,Early_blight,Target_Spot,0.579734
be32f783c91370b7c432bef1f3d302b4,PV_data/Tomato___Early_blight/6b9b4ddb-9ac0-4da5-9176-24c325bd6037___RS_Erly.B 7392.JPG,6,6,Early_blight,Early_blight,1.0
225fa6dd962615f9ec49b9543a55dd88,PV_data/Tomato___Early_blight/6c5baf51-ae97-41dd-9728-1995177e3b6a___RS_Erly.B 7723.JPG,6,6,Early_blight,Early_blight,0.9999248
d103c0e0e89951438908862d3b32b6d3,PV_data/Tomato___Early_blight/6e673a0a-ad79-489d-bd0a-d96479fd81b5___RS_Erly.B 7441.JPG,6,6,Early_blight,Early_blight,0.99999595
f85aeda50ee9425e4d9b1365afedfd09,PV_data/Tomato___Early_blight/6f8ac19d-d97f-47ee-8ad4-bb53ab7984a0___RS_Erly.B 7786.JPG,6,6,Early_blight,Early_blight,0.9997515
58440916c5c17d725edf9038aa300d62,PV_data/Tomato___Early_blight/71ec70cc-dfa7-4798-8970-80edfa6435f2___RS_Erly.B 7484.JPG,6,6,Early_blight,Early_blight,0.9999974
bde06345e94e0551dd2338f82e110536,PV_data/Tomato___Early_blight/72e0c27a-891e-4864-a473-c44d578ad2ed___RS_Erly.B 7622.JPG,6,6,Early_blight,Early_blight,0.99935824
14c6d7519db5f5b1b08b85ac23b71b28,PV_data/Tomato___Early_blight/73cf82cf-a099-4243-a7a6-b06c79eedb65___RS_Erly.B 7412.JPG,6,6,Early_blight,Early_blight,0.9942413
d80d9f74c94b18fec4434823b45b51ba,PV_data/Tomato___Early_blight/73f4d791-745e-49b8-82d8-e29b24ddd0e5___RS_Erly.B 7593.JPG,6,6,Early_blight,Early_blight,0.6812938
add020e64bd37e93206b05076073a2b5,PV_data/Tomato___Early_blight/757b49d0-db8e-4352-820a-9f0bdb7d2657___RS_Erly.B 7748.JPG,6,6,Early_blight,Early_blight,0.998735
0c4fd4694b2a8edd6684d586f6651f3a,PV_data/Tomato___Early_blight/77bd1b85-eaed-41f8-97b0-d6e91b6f953d___RS_Erly.B 8212.JPG,6,6,Early_blight,Early_blight,0.99976116
64da23541686161afb8fc5cc26f0ea2b,PV_data/Tomato___Early_blight/77c9e1e4-286a-4ae0-aa62-87f99781a6fa___RS_Erly.B 7864.JPG,6,6,Early_blight,Early_blight,0.9895676
1e1c801c22fb59d5fdce84a3b301ca46,PV_data/Tomato___Early_blight/7b377a4c-886c-46c5-8a57-a636cc47c9a8___RS_Erly.B 6475.JPG,6,17,Early_blight,Tomato_Yellow_Leaf_Curl_Virus,0.54951614
b00f03c319765a861e625521cc75b526,PV_data/Tomato___Early_blight/7b4b71f7-ba45-45b8-80c4-a80ae73b9d0f___RS_Erly.B 7611.JPG,6,6,Early_blight,Early_blight,0.99998283
0c7901c29a1a9994024c66e710e69f1f,PV_data/Tomato___Early_blight/7b7780c0-f1b2-4095-924c-f3d7777b427e___RS_Erly.B 9613.JPG,6,6,Early_blight,Early_blight,0.99996114
19a1745b7db4e9779f154295927a4e41,PV_data/Tomato___Early_blight/7dc08826-98ed-4885-abfe-85beedbd8cab___RS_Erly.B 9498.JPG,6,6,Early_blight,Early_blight,0.9995735
49df9c5b076d3795c805f366b734fe68,PV_data/Tomato___Early_blight/8039671d-c264-49aa-bfbc-81fabe24b007___RS_Erly.B 9397.JPG,6,6,Early_blight,Early_blight,0.99968284
ccc650f2b7ce210cb007b0ab2b9f1502,PV_data/Tomato___Early_blight/849f111e-9886-436e-b2ce-060a011cab43___RS_Erly.B 7359.JPG,6,6,Early_blight,Early_blight,0.9999572
a24119ab34d13ad6da33d51f12d549c4,PV_data/Tomato___Early_blight/872ec950-8238-4f73-a366-f72f2f92d3fe___RS_Erly.B 7487.JPG,6,6,Early_blight,Early_blight,0.9999993
c0a806e8d297ecf1274874609724f9ed,PV_data/Tomato___Early_blight/89e7a492-7347-4659-ac0b-2df664ed4c80___RS_Erly.B 8438.JPG,6,6,Early_blight,Early_blight,0.99922454
497f13c8d7cf60c402fea922c3b08c27,PV_data/Tomato___Early_blight/8c9b351b-520c-46f9-960f-8850386e54ab___RS_Erly.B 7677.JPG,6,6,Early_blight,Early_blight,0.9493896
79a2b4539ffaa67f9ae94cf328186001,PV_data/Tomato___Early_blight/8e4238dc-b4fd-46d0-8892-965e64dad7ab___RS_Erly.B 9404.JPG,6,6,Early_blight,Early_blight,0.9997042
dde5aa706dbb945af16cbef15ad8bd53,PV_data/Tomato___Early_blight/8f709c55-ee65-4bb0-9291-6d5d79033c3f___RS_Erly.B 9603.JPG,6,6,Early_blight,Early_blight,0.9999541
2cef1ee8ddbef2e3f7815822a53ed442,PV_data/Tomato___Early_blight/90915bb5-9440-43dd-85c1-5d30865054d5___RS_Erly.B 7493.JPG,6,6,Early_blight,Early_blight,0.99999857
c593171658799f13a7e8ce9920bc7a0f,PV_data/Tomato___Early_blight/90fd6e55-0c2c-4c8e-8742-5a87bc669633___RS_Erly.B 7356.JPG,6,6,Early_blight,Early_blight,0.9989912
fd86527b190bcb5b43478c4e78285efc,PV_data/Tomato___Early_blight/91866d08-cbe2-4a9a-87fd-f2b969e5340a___RS_Erly.B 9588.JPG,6,6,Early_blight,Early_blight,0.9996574
8d6ad563281585ff684002e03100488b,PV_data/Tomato___Early_blight/93dd10f7-791e-4c52-a8d0-f9196cafaecb___RS_Erly.B 8284.JPG,6,6,Early_blight,Early_blight,0.981292
24da56dbd918a823ea2bcd030d3c757e,PV_data/Tomato___Early_blight/957be08a-9b4f-4c28-9908-622fdb996f1c___RS_Erly.B 7591.JPG,6,6,Early_blight,Early_blight,0.9998989
c3066fbc99f5a7ae486db3f6c0c5c269,PV_data/Tomato___Early_blight/9664a85d-6c90-46d7-98e6-cbf1b99cc53e___RS_Erly.B 7503.JPG,6,6,Early_blight,Early_blight,0.876242
476d25b809a82435fe6f4fb7dd29ce0b,PV_data/Tomato___Early_blight/99ea67c9-4c24-40b3-8a62-88233a53dc4a___RS_Erly.B 7522.JPG,6,6,Early_blight,Early_blight,0.99997616
8ebe6408ffb016597f92ea5adffce627,PV_data/Tomato___Early_blight/9eec6625-b337-403b-b93c-e809f4e0b8c4___RS_Erly.B 7681.JPG,6,6,Early_blight,Early_blight,0.9077125
d6b52d09e392d54bb4d91d85ac6c1fa1,PV_data/Tomato___Early_blight/9fcb89e0-c94e-427f-930b-73b4d12b8690___RS_Erly.B 9495.JPG,6,6,Early_blight,Early_blight,0.999882
1d1e02d91e7af6ec472419681d445a73,PV_data/Tomato___Early_blight/a3611dae-1359-41af-b506-0b012c37a451___RS_Erly.B 7368.JPG,6,6,Early_blight,Early_blight,0.99999964
1e277fc083b0bb47a8492a2d8c5ac3dd,PV_data/Tomato___Early_blight/a48e8b60-3636-4f7e-8ce2-d6625d866720___RS_Erly.B 7458.JPG,6,6,Early_blight,Early_blight,0.99875057
41b2e9b76a155236b13f164a9b439694,PV_data/Tomato___Early_blight/a6d7438a-35f6-40fb-ab5c-a46cdfef7e83___RS_Erly.B 9594.JPG,6,6,Early_blight,Early_blight,0.99998236
0a3da80a15fbad176d0b2cf3808e6af2,PV_data/Tomato___Early_blight/a7a4d12c-61bf-401d-ab88-0572c4dec56d___RS_Erly.B 9464.JPG,6,6,Early_blight,Early_blight,0.9995192
24df96ec69fbe323d57222f59beb0396,PV_data/Tomato___Early_blight/a86f36c6-2089-4367-ba3e-5b7c8b3c0084___RS_Erly.B 7492.JPG,6,6,Early_blight,Early_blight,0.99999523
505c0469afd40ed131e10a4ae81c5dbc,PV_data/Tomato___Early_blight/a98a655f-a2f5-44eb-a73b-edf25ca85921___RS_Erly.B 6351.JPG,6,6,Early_blight,Early_blight,1.0
0c9b42c501d888399ed283a95410ed0f,PV_data/Tomato___Early_blight/acc5fb41-7b03-44c2-8167-47346b97791a___RS_Erly.B 8320.JPG,6,6,Early_blight,Early_blight,0.9894567
79ba875912c1c5011da040fa28f171a6,PV_data/Tomato___Early_blight/b24f8f98-4bfe-4605-85f5-738fc09e58fe___RS_Erly.B 6406.JPG,6,6,Early_blight,Early_blight,0.9752124
48edefcb648eed7de003e1bcbe304715,PV_data/Tomato___Early_blight/b450abe9-9282-42a8-af4d-3fa7da258f40___RS_Erly.B 7735.JPG,6,6,Early_blight,Early_blight,0.9999815
441ac2ababbd9e6f1f3d5ac0a03e9f4f,PV_data/Tomato___Early_blight/b4d37218-1f10-4232-8eeb-dd4106f0f1af___RS_Erly.B 7702.JPG,6,6,Early_blight,Early_blight,0.9505113
1420a34dfa2789b10edf1fba5c7d4cd8,PV_data/Tomato___Early_blight/b7b39e7d-16ca-4b55-9b3a-9bd68b746055___RS_Erly.B 7386.JPG,6,6,Early_blight,Early_blight,0.98389953
20b17d333da863a8e7ac0c0d813fe876,PV_data/Tomato___Early_blight/b857a91a-c6e2-4d47-a025-5a5c3254e0a2___RS_Erly.B 7662.JPG,6,6,Early_blight,Early_blight,0.99999833
2afd10a9a8485b7926f99f81a340da91,PV_data/Tomato___Early_blight/ba19f779-d0cf-4bc7-88df-96e6080fdc96___RS_Erly.B 7599.JPG,6,8,Early_blight,Late_blight,0.9979527
eb6483c22a85490e306823c1f5f839c1,PV_data/Tomato___Early_blight/bc894aa4-76ca-427e-a964-e86236fc0217___RS_Erly.B 7526.JPG,6,6,Early_blight,Early_blight,0.99869436
327b78427c232c8540b1ebdf84c418ea,PV_data/Tomato___Early_blight/be03b7aa-4c59-4ea9-b3cc-33a93a34b402___RS_Erly.B 7742.JPG,6,6,Early_blight,Early_blight,0.9510941
3dca9f66b8221ad62e32369670435738,PV_data/Tomato___Early_blight/bfbf7eb4-8a12-4595-96f7-dcec497d3917___RS_Erly.B 7682.JPG,6,6,Early_blight,Early_blight,0.9977254
b6d090e7dccd83f6520116658744dfea,PV_data/Tomato___Early_blight/c10623b4-33fe-458c-9d8e-d9a74fb74a6a___RS_Erly.B 7450.JPG,6,6,Early_blight,Early_blight,0.99991524
0f283f94c306664cc1e5950f523bcb8a,PV_data/Tomato___Early_blight/c21e480d-8263-4b9c-b429-4beceb2cb7d0___RS_Erly.B 8292.JPG,6,6,Early_blight,Early_blight,0.99984944
c559c4c0a0942448da7826d290d24afa,PV_data/Tomato___Early_blight/c3e85d27-e5e0-4897-a039-22640e696184___RS_Erly.B 9459.JPG,6,6,Early_blight,Early_blight,0.99998486
8362f8945c4340aeaae2965409c067e5,PV_data/Tomato___Early_blight/c5ab9d87-f1bf-4fce-8133-c80ac2d52dd5___RS_Erly.B 7849.JPG,6,14,Early_blight,Septoria_leaf_spot,0.49790117
378b8f15f26928a820fc0f18deeb9b3c,PV_data/Tomato___Early_blight/c78c9d19-e83d-4c3b-a690-e6e3b95c979d___RS_Erly.B 9569.JPG,6,6,Early_blight,Early_blight,0.9995911
e9ed8d1d9ecec11b0a309cf190409de5,PV_data/Tomato___Early_blight/c8dd6713-727e-4811-b951-e70e44d0c483___RS_Erly.B 7817.JPG,6,6,Early_blight,Early_blight,0.99993086
fdd6cdb40d7ef75627a7a6c614266df6,PV_data/Tomato___Early_blight/c9ff37ca-a310-49ad-8978-0913b3c55f58___RS_Erly.B 7714.JPG,6,6,Early_blight,Early_blight,0.9985726
e22621fdb3aa3afb255f4f210fd639e8,PV_data/Tomato___Early_blight/cb0e04ea-9d44-4c3f-b528-d7aa32aa0b85___RS_Erly.B 7850.JPG,6,6,Early_blight,Early_blight,0.4948306
e18c288aa72d0c11cf993121c81ba506,PV_data/Tomato___Early_blight/cdb26b0e-04b6-4ccf-855c-d85a106c1f95___RS_Erly.B 8387.JPG,6,6,Early_blight,Early_blight,0.9999993
eb124dfae87016e260eb820017bd06ab,PV_data/Tomato___Early_blight/cf2919ca-2b62-4f23-8a55-5dfa953db83c___RS_Erly.B 7352.JPG,6,6,Early_blight,Early_blight,0.9958734
549014915d707b37c3913c507842e0c3,PV_data/Tomato___Early_blight/d0b75b16-bdf9-4e9d-bac9-47bf98c6258a___RS_Erly.B 6416.JPG,6,6,Early_blight,Early_blight,0.9926373
dc8e34aa85c00c18849cca2701c5fa1e,PV_data/Tomato___Early_blight/d3fd3d9c-60ba-432c-a4a7-049f014ecace___RS_Erly.B 7696.JPG,6,16,Early_blight,Target_Spot,0.9612147
0556b8fbb6bcbf98ec7fff15cebb6901,PV_data/Tomato___Early_blight/d418610e-e676-4722-b84a-6de973499fa9___RS_Erly.B 9425.JPG,6,6,Early_blight,Early_blight,0.99998736
b368ed1209b99006c5f783c73007c251,PV_data/Tomato___Early_blight/d4d20c99-4cf3-4ecc-95ae-a964560cfeed___RS_Erly.B 9604.JPG,6,8,Early_blight,Late_blight,0.7241578
421ca3f9ebc0a4f319c6c1764ce4d4ca,PV_data/Tomato___Early_blight/d8bfc53d-7b22-48a7-a884-c808927dc149___RS_Erly.B 6349.JPG,6,6,Early_blight,Early_blight,0.9998555
fcaaa7430af432bfe2661397cec98159,PV_data/Tomato___Early_blight/dc474f67-5e4c-4c60-b1fd-aaafea2bc34c___RS_Erly.B 9519.JPG,6,6,Early_blight,Early_blight,1.0
dd2881bda57bc75385ac20a4d1f3b846,PV_data/Tomato___Early_blight/de8d6c32-2b7c-4c2c-a974-9c1c9c30486e___RS_Erly.B 9560.JPG,6,6,Early_blight,Early_blight,0.9999764
ce9e9df0a6fec4e00ae5f2a86c73ded7,PV_data/Tomato___Early_blight/df721edd-686e-4bb8-a05b-e8c67743c8ca___RS_Erly.B 8265.JPG,6,6,Early_blight,Early_blight,0.99999976
5596700bcc040052ca4d0953d2666165,PV_data/Tomato___Early_blight/dfd261ab-30ad-456c-93b3-874a4ebaeaaf___RS_Erly.B 8451.JPG,6,6,Early_blight,Early_blight,0.9995313
5b99ba98e3573691295a6536517f76ae,PV_data/Tomato___Early_blight/e008f248-eaa3-4d65-a649-4ba7134f4c56___RS_Erly.B 9537.JPG,6,6,Early_blight,Early_blight,0.98717445
09b59d1b7a59985bac20179a40775723,PV_data/Tomato___Early_blight/e11ee1f8-8de2-4d9c-a0c1-86bc42350fd9___RS_Erly.B 9472.JPG,6,6,Early_blight,Early_blight,0.99995553
22c0a1b6db75b802062704820ac81c85,PV_data/Tomato___Early_blight/e31c2f10-8b8d-4aec-9bc7-764d2995ebec___RS_Erly.B 7398.JPG,6,6,Early_blight,Early_blight,0.9949615
69cb9ef4f615602d5f83283896c1f197,PV_data/Tomato___Early_blight/eb94014e-83b7-46a4-9b1a-7cae23876302___RS_Erly.B 7471.JPG,6,6,Early_blight,Early_blight,0.9999975
0fb667d60e5d4d53f02f65c6e3312338,PV_data/Tomato___Early_blight/ecafc299-bc29-4b5a-9a9b-537362b81ed2___RS_Erly.B 7435.JPG,6,6,Early_blight,Early_blight,0.9999949
468818dede60a914ec3817942c6e14cc,PV_data/Tomato___Early_blight/ed68595a-4d05-413c-a173-fa32cc8aae38___RS_Erly.B 7635.JPG,6,6,Early_blight,Early_blight,1.0
d7a690eccdfb5ee1603216df0065dbdb,PV_data/Tomato___Early_blight/ef1bea6d-41dd-4f88-9a5e-854abf1a5101___RS_Erly.B 9539.JPG,6,6,Early_blight,Early_blight,1.0
1bac7fbc31a2f3db8bee43faf0199570,PV_data/Tomato___Early_blight/ef7a2893-ca76-4f77-beb4-5bfcc729e324___RS_Erly.B 7454.JPG,6,6,Early_blight,Early_blight,0.99999785
cd0557c34895f968de0cac34eebe9425,PV_data/Tomato___Early_blight/efb0d54f-53c7-4a6a-a194-2bd449799c8c___RS_Erly.B 7726.JPG,6,6,Early_blight,Early_blight,0.752417
685e36264a24fe9787bb21b537c071b7,PV_data/Tomato___Early_blight/f51330a5-e187-434f-add0-bd89f488eeee___RS_Erly.B 7699.JPG,6,6,Early_blight,Early_blight,0.9742106
612b22149ec9f8ad3cf0d98661f84bcb,PV_data/Tomato___Early_blight/f62b2695-c850-47d4-9e42-e35e5596e729___RS_Erly.B 7777.JPG,6,6,Early_blight,Early_blight,0.9457425
1c6530411239e4df4275a560b2dc3b2c,PV_data/Tomato___Early_blight/f62e84ae-2bd4-4b15-918a-639c0470c25d___RS_Erly.B 7761.JPG,6,6,Early_blight,Early_blight,0.999674
6bf52becdbc985016e1bb259964632b3,PV_data/Tomato___Early_blight/f7beb64a-f8be-46d8-b4ea-637fb71e7509___RS_Erly.B 7711.JPG,6,16,Early_blight,Target_Spot,0.99734324
81ed35d58b012e5c533002af2bb96c61,PV_data/Tomato___Early_blight/f882f8cc-49bc-49f6-a6c0-fbffe60d81a0___RS_Erly.B 7672.JPG,6,6,Early_blight,Early_blight,0.999098
673ffd8e18c6bb89784a1998470c63bf,PV_data/Tomato___Early_blight/f899b748-cd86-460f-a202-a6946e04946e___RS_Erly.B 7494.JPG,6,6,Early_blight,Early_blight,1.0
ac508ddb55f40d00b70c1f7123a704e3,PV_data/Tomato___Early_blight/f8babb7d-af2d-495c-9d99-cf215c8c67af___RS_Erly.B 9462.JPG,6,6,Early_blight,Early_blight,0.97202104
52f419367d8268398b80e82a663b531d,PV_data/Tomato___Early_blight/f93578b3-4b98-4b13-95c3-495c656963f4___RS_Erly.B 8340.JPG,6,6,Early_blight,Early_blight,0.999948
0cc57728198186fa04667016a9fcf9c4,PV_data/Tomato___Early_blight/fbe86131-6873-460e-880a-6ee8576b6bc9___RS_Erly.B 7551.JPG,6,6,Early_blight,Early_blight,0.9999343
e14ba3326f999c94642f68902e5d9b92,PV_data/Tomato___Early_blight/ff422d28-d002-4382-80bf-30f78f66c677___RS_Erly.B 6492.JPG,6,6,Early_blight,Early_blight,0.9999839
babe3faf10f74851ee58b6eb1ea4d8a9,PV_data/Tomato___Late_blight/008ebb44-eb77-4843-b621-4b88b5df7d43___RS_Late.B 5188.JPG,8,8,Late_blight,Late_blight,0.99999416
8402b47214a39188ba4f237fb852da63,PV_data/Tomato___Late_blight/01a68044-9c5b-4658-a944-6108c6862ce7___GHLB Leaf 2.1 Day 16.JPG,8,8,Late_blight,Late_blight,0.99318886
5be7ae2298e75a17151f62d619fd925c,PV_data/Tomato___Late_blight/01c391d2-1b3a-4b58-b205-a75674bba6e9___GHLB2 Leaf 8824.JPG,8,8,Late_blight,Late_blight,0.8885349
2f91a26fc7f58d996a9ae0967e14e497,PV_data/Tomato___Late_blight/01cd2d73-c741-45a5-9610-a2cea2266b80___GHLB2 Leaf 121.JPG,8,8,Late_blight,Late_blight,1.0
b9f9d51dc26b420498347e027cef72bf,PV_data/Tomato___Late_blight/01ece5a1-8398-4e68-a9e3-198c57b51b01___GHLB2 Leaf 8757.JPG,8,8,Late_blight,Late_blight,0.99999547
22e4691c7ff4735aa79be13a0666a168,PV_data/Tomato___Late_blight/031ab3ab-02f4-4397-9886-54345461580d___RS_Late.B 6654.JPG,8,8,Late_blight,Late_blight,0.9997379
20e113d36dc264d03bb7be67d35b42c3,PV_data/Tomato___Late_blight/039e5d57-64e2-41de-8ccf-e44598bcedb0___RS_Late.B 6883.JPG,8,8,Late_blight,Late_blight,0.8423711
c17a101dd7ae81099d5e10182723d967,PV_data/Tomato___Late_blight/046c65f2-b155-4018-b161-825191c5faaa___RS_Late.B 5042.JPG,8,8,Late_blight,Late_blight,0.99999976
6a0174fcbf86f761d5e9ab426c8c574a,PV_data/Tomato___Late_blight/050ddb3f-1eb7-4905-8fa3-fc537dc50b7a___GHLB2 Leaf 9042.JPG,8,8,Late_blight,Late_blight,0.9999975
bccd30b431f1ec6cf2fa7849756c7b1a,PV_data/Tomato___Late_blight/0545d961-8c4c-43ee-9574-e05d7682a99f___GHLB2 Leaf 8631.JPG,8,8,Late_blight,Late_blight,0.9999999
8cb91bd7c89cdd0de566aa3849ec8dc4,PV_data/Tomato___Late_blight/05b90bad-941f-499f-a2f6-a88e54c1da85___GHLB2 Leaf 155.2.JPG,8,8,Late_blight,Late_blight,0.9999974
d3471535849481911a376766bbde98e2,PV_data/Tomato___Late_blight/06c6a302-ae34-4d38-9e4b-3a6acdd42d91___GHLB2 Leaf 9047.JPG,8,8,Late_blight,Late_blight,0.9999993
c3b9084ffe7e7cb2271c26096388bff2,PV_data/Tomato___Late_blight/07cca2ca-6b0f-4322-8779-beb94bc219b0___RS_Late.B 6037.JPG,8,8,Late_blight,Late_blight,0.99996626
1b667afcc1db25612b56ceeadc54b5f5,PV_data/Tomato___Late_blight/07d7ad48-0740-4cf5-9a26-91fd9296d6b3___RS_Late.B 5464.JPG,8,8,Late_blight,Late_blight,0.9977946
25270fdcca866ea20a42213f4a58d425,PV_data/Tomato___Late_blight/083bd43d-7dcb-4f3c-a0ca-6de1f468c9ef___RS_Late.B 5173.JPG,8,8,Late_blight,Late_blight,0.9999957
7d37d9b69b453cb4a358e3c49545139e,PV_data/Tomato___Late_blight/08931b78-a571-41bf-b5b4-6904ffbbe8b7___GHLB Leaf 1.1 Day 12.JPG,8,8,Late_blight,Late_blight,0.9999951
bc66e7acef50195f817bb6c213825052,PV_data/Tomato___Late_blight/0931f7e6-8481-4d03-8fe6-d4ae7637142d___RS_Late.B 4917.JPG,8,8,Late_blight,Late_blight,0.86552894
f643c3de0c3e6daf0d045dab57cce4f8,PV_data/Tomato___Late_blight/09590524-981f-4dc5-b6e3-5225a0c48019___GHLB2ES Leaf 140.JPG,8,8,Late_blight,Late_blight,0.9999999
c1e40b17fb503322ecbac33893470a37,PV_data/Tomato___Late_blight/098f19fb-1064-4c96-9498-70adcd29f5ae___GHLB2 Leaf 8973.JPG,8,8,Late_blight,Late_blight,1.0
c696d4135aee1d507e28db1baa70a7aa,PV_data/Tomato___Late_blight/0990b491-dd31-4b62-aa5a-c7bce97d552c___RS_Late.B 5558.JPG,8,8,Late_blight,Late_blight,0.9999999
b268cec6aa6ef4800ee443c90c32662e,PV_data/Tomato___Late_blight/0a39aa48-3f94-4696-9e43-ff4a93529dc3___RS_Late.B 5103.JPG,8,8,Late_blight,Late_blight,0.9999416
24ceb3937a5809fca2f366ff8540d57a,PV_data/Tomato___Late_blight/0a3f65fc-ef1c-4aed-b235-46bae4e5c0e7___GHLB2 Leaf 9065.JPG,8,8,Late_blight,Late_blight,0.99986005
05e0f50b5b4975131cc928b1267144e1,PV_data/Tomato___Late_blight/0ab172fa-ac7b-4a3e-90c8-0708703eb3bb___RS_Late.B 5572.JPG,8,8,Late_blight,Late_blight,0.9999999
ce56dbdc04eb942307e46743654a71cb,PV_data/Tomato___Late_blight/0ab1cab4-a0c9-4323-9a64-cdafa4342a9b___GHLB2 Leaf 8918.JPG,8,8,Late_blight,Late_blight,0.9999993
e16ca2f6bd70a3684938a91a4f8d662d,PV_data/Tomato___Late_blight/0b52ebed-e711-41f2-bfd1-af73410b370e___RS_Late.B 5463.JPG,8,8,Late_blight,Late_blight,0.9997142
e6bbd021742063f874a0b31ddf2ce410,PV_data/Tomato___Late_blight/0c3153b2-0e64-41b6-902a-66eafbf7cae6___GHLB Leaf 4.1 Day 1.JPG,8,8,Late_blight,Late_blight,0.9999933
351f70452dc8642f06406bcf379487bf,PV_data/Tomato___Late_blight/10acd4c3-b1b8-4fc7-848a-c9af30086e78___GHLB_PS Leaf 28.2 Day 13.jpg,8,8,Late_blight,Late_blight,0.9999993
4ef5a0f163c067b3d65ec67e3139b9f4,PV_data/Tomato___Late_blight/10f6247e-c3d0-4f3f-92aa-f1da76db8086___RS_Late.B 5147.JPG,8,8,Late_blight,Late_blight,0.99878615
603bf2b4e7910a29c8c977c0fe3d6d6d,PV_data/Tomato___Late_blight/118be78d-e498-427f-8399-add5e8ab1b15___GHLB2 Leaf 149.3.JPG,8,8,Late_blight,Late_blight,0.99975806
8fc6fada080617b6dfa0daa8c822076d,PV_data/Tomato___Late_blight/123c4b62-8641-4d88-b8cd-1c2e24a6c3a5___GHLB_PS Leaf 26.2 Day 13.jpg,8,8,Late_blight,Late_blight,1.0
e02cf88caa53436f4c7d29c6d2540f7b,PV_data/Tomato___Late_blight/126e12d3-3d51-4ba6-861f-e6ed09ee951f___GHLB2 Leaf 9021.JPG,8,8,Late_blight,Late_blight,0.99998903
c15cc6430320245f356b219761464f23,PV_data/Tomato___Late_blight/14113767-0c24-4607-97bc-04dccb35a23c___GHLB2 Leaf 8966.JPG,8,8,Late_blight,Late_blight,0.99763596
b2de845c9834195c2feff06df9c00e93,PV_data/Tomato___Late_blight/151c010a-021f-459d-a456-63ebaf19b2d5___GHLB2 Leaf 9104.JPG,8,8,Late_blight,Late_blight,0.9999981
0af2097cc6c45e3cef673f8c1942ae9b,PV_data/Tomato___Late_blight/16257155-3d28-49cd-bb96-c188e946c4ec___RS_Late.B 4935.JPG,8,8,Late_blight,Late_blight,0.99998105
bc375ac2befd1e055bc0a4cb3fa5637b,PV_data/Tomato___Late_blight/16ac8a43-f720-4fd9-ac41-016523612f38___RS_Late.B 4898.JPG,8,8,Late_blight,Late_blight,0.9988709
2d5ec46b28573d174927e67f6ff00e44,PV_data/Tomato___Late_blight/16e4a1f9-21c2-4c1a-bdbc-1336da74ba2c___GHLB2 Leaf 145.3.JPG,8,8,Late_blight,Late_blight,0.9999958
049bd1bbf0ccc398414928ca273a3f66,PV_data/Tomato___Late_blight/1745208a-82b2-4a82-9791-d812cb016850___GHLB2 Leaf 95.JPG,8,8,Late_blight,Late_blight,0.99999976
9da2b8e5e4b8550097f5db92a0383418,PV_data/Tomato___Late_blight/1b212ad6-e65a-4467-bfd1-9f9139070d33___GHLB2 Leaf 8609.JPG,8,8,Late_blight,Late_blight,0.9998466
aa499ce38df5649f91c5a33dcb4ea003,PV_data/Tomato___Late_blight/1b5ec98a-5be3-408c-8d8c-e3042f68e225___RS_Late.B 5016.JPG,8,8,Late_blight,Late_blight,0.99999857
05673de9f7f9b59c86ebae267cacb461,PV_data/Tomato___Late_blight/1cb5d336-3649-49bf-aa9a-72950067b8b0___GHLB_PS Leaf 12 Day 9.jpg,8,8,Late_blight,Late_blight,1.0
25a9d86c1a5a49c940e5d1561effce78,PV_data/Tomato___Late_blight/1d6d043a-9df9-49ec-9b0f-e40a8e7f409f___RS_Late.B 5287.JPG,8,8,Late_blight,Late_blight,0.95593065
1e99566d03cbf44b778b8e734b98414d,PV_data/Tomato___Late_blight/1f38b254-2338-4e4a-b772-2a8e60ca8bc0___GHLB2 Leaf 121.3.JPG,8,8,Late_blight,Late_blight,1.0
71cfacf538a50ef6ead095b0e1915d98,PV_data/Tomato___Late_blight/20593434-37e3-490e-b619-cdb3d6515517___GHLB2 Leaf 8688.JPG,8,8,Late_blight,Late_blight,0.99997115
92271fdc39aebcd8c423af78b1593bf3,PV_data/Tomato___Late_blight/207dbe65-2d3b-4820-ab49-2a1db65f9bec___RS_Late.B 5485.JPG,8,8,Late_blight,Late_blight,0.9986498
9e503cf95cf8055375e6edfe9926caa5,PV_data/Tomato___Late_blight/215565cf-2897-40f6-97b3-3dd63045242f___GHLB2 Leaf 8800.JPG,8,8,Late_blight,Late_blight,1.0
a12c4bf709f5c56f47898c08bd23604d,PV_data/Tomato___Late_blight/22a34aab-076c-4e49-a584-9377c07b45aa___RS_Late.B 4866.JPG,8,8,Late_blight,Late_blight,1.0
417a7406bee2168ff81bb3d66243f1b5,PV_data/Tomato___Late_blight/22c36fa3-849f-4918-8790-99a8bda1e527___RS_Late.B 5987.JPG,8,8,Late_blight,Late_blight,1.0
d42e412655148d02769c8e2bc55afec4,PV_data/Tomato___Late_blight/2485b2a9-a492-4a45-bb4b-bb63edefb7ef___GHLB2 Leaf 9084.JPG,8,8,Late_blight,Late_blight,0.99996257
e5edee2207d0daa96434293e0ba3b97a,PV_data/Tomato___Late_blight/26fa9fb7-10fa-496c-9433-e4053ff456da___RS_Late.B 4867.JPG,8,8,Late_blight,Late_blight,0.9998162
0d9767d765c440f4c0804c347e7e916e,PV_data/Tomato___Late_blight/280cae12-7330-4202-b5cb-236fc869907c___GHLB2 Leaf 8821.JPG,8,8,Late_blight,Late_blight,1.0
8ebe9e671f2834c86be09b67040936fd,PV_data/Tomato___Late_blight/2dd36c99-7454-499f-8ff5-d25a01568d33___GHLB2 Leaf 99.JPG,8,8,Late_blight,Late_blight,0.9999989
739bf984ddb02ff7ab164e691da5aa29,PV_data/Tomato___Late_blight/2e6c4476-c99f-4f05-a1bd-70701326a15d___GHLB2 Leaf 8925.JPG,8,8,Late_blight,Late_blight,0.9999999
78a04c799f42c944b682893d9e5a61f8,PV_data/Tomato___Late_blight/317f01bd-bf08-43b2-b269-48a6fa2fd480___RS_Late.B 4854.JPG,8,8,Late_blight,Late_blight,0.9999969
b20db7b2f89fdf0ec837e4cf6985843f,PV_data/Tomato___Late_blight/319d4c9a-92d4-41ff-b351-f3d439233c9e___RS_Late.B 6357.JPG,8,8,Late_blight,Late_blight,0.99999774
762990c224f8f54ebd4c9e48e18c8d53,PV_data/Tomato___Late_blight/32f1dc26-082e-46ea-8cdc-c3d9660acff3___GHLB2 Leaf 8815.JPG,8,8,Late_blight,Late_blight,0.9999993
450a73c8ffe8254c56e983a672ff3f6b,PV_data/Tomato___Late_blight/335da0b8-a52f-4a2a-8bce-cf98b53b2596___RS_Late.B 6220.JPG,8,8,Late_blight,Late_blight,0.9985921
4286e5259599b851776beaa7e823fc23,PV_data/Tomato___Late_blight/349b160d-6a6a-4b94-bdd3-81b670d13996___GHLB2 Leaf 72.JPG,8,8,Late_blight,Late_blight,1.0
f5d5e5d174eac81956c036c091507ea4,PV_data/Tomato___Late_blight/35a4883c-bef7-4465-b136-a7465a0752de___RS_Late.B 5054.JPG,8,8,Late_blight,Late_blight,0.99999666
f46fbc58196ec7337d6ce8d984fc444f,PV_data/Tomato___Late_blight/36df35a3-3099-48c0-a9c4-e16c1bcb0573___RS_Late.B 6401.JPG,8,8,Late_blight,Late_blight,0.9999995
5a84c3248f1ff1f0b5a01c46ec44c63f,PV_data/Tomato___Late_blight/37f580bd-7070-4cb0-b4ab-53b78ffc96ae___RS_Late.B 7109.JPG,8,8,Late_blight,Late_blight,0.9999964
78e5fec1e7f3edd7f9c57eead8dc4d72,PV_data/Tomato___Late_blight/3889dc64-ba9e-4ac1-b6e3-06d5c84bee0a___GHLB2 Leaf 8866.JPG,8,8,Late_blight,Late_blight,0.9998908
a69b210667cee7d2a07ec6ad8bca0ccf,PV_data/Tomato___Late_blight/3943d2dd-ffb8-43db-a59d-db7af654aecf___GHLB_PS Leaf 51.1 Day 18.jpg,8,8,Late_blight,Late_blight,1.0
ba41ee0e1b0dbf1f0917e70f28748753,PV_data/Tomato___Late_blight/3a1a6b9e-2a68-421f-adbe-229baf8a6093___GHLB Leaf 2 Day 13.JPG,8,8,Late_blight,Late_blight,0.9999907
6295f9697383f55a1ece0b56364ceafc,PV_data/Tomato___Late_blight/3b34322e-e2ad-4023-bf76-f290fb2455a1___GHLB_PS Leaf 52 Day 18.jpg,8,8,Late_blight,Late_blight,1.0
0b0b81262b416edae3d5d04bc8ac4c3f,PV_data/Tomato___Late_blight/3b9a0c9e-353a-48c0-9b39-90c4ed35dcb7___RS_Late.B 6289.JPG,8,8,Late_blight,Late_blight,1.0
d6044793541b9ad9c9c965da92280681,PV_data/Tomato___Late_blight/3be006f1-7062-47da-a375-8fb7fedb77c0___RS_Late.B 6229.JPG,8,8,Late_blight,Late_blight,0.9999999
a55797e0dc7d0ce2585d951643e02fe1,PV_data/Tomato___Late_blight/3d43c9c6-7b87-4c79-819c-e202de44236c___GHLB2 Leaf 89.3.JPG,8,8,Late_blight,Late_blight,1.0
1c510fe45213e471f960eca974c30f85,PV_data/Tomato___Late_blight/3daa7759-9d45-4173-b73d-a7fca9800c45___GHLB2 Leaf 8573.JPG,8,8,Late_blight,Late_blight,0.9999956
662c3d7b08e8a7b3d46a419c856e18fc,PV_data/Tomato___Late_blight/3de17184-cbec-4397-813e-1bbc3bc5cb6a___RS_Late.B 7050.JPG,8,8,Late_blight,Late_blight,0.9999999
a5d8a92b3287c1d6d15329f755d7b184,PV_data/Tomato___Late_blight/3fbc7d2b-b44e-4562-901f-61eed2e4e38c___RS_Late.B 6045.JPG,8,8,Late_blight,Late_blight,0.9999995
c14a88df916f67ce44e810fe4687385a,PV_data/Tomato___Late_blight/40161a9a-7473-4496-9267-99a451276868___RS_Late.B 5021.JPG,8,8,Late_blight,Late_blight,1.0
bad2dec92930864d68f3432138440d16,PV_data/Tomato___Late_blight/40a79a6f-e1fc-428c-bd57-3af1a7236156___RS_Late.B 5432.JPG,8,8,Late_blight,Late_blight,0.9999831
5ec9aa756b49a31ac9e270e3a1c7d90b,PV_data/Tomato___Late_blight/41474732-acc4-4262-931e-9b719abfb8c3___RS_Late.B 7048.JPG,8,8,Late_blight,Late_blight,0.9970732
b7cc92290582a0fc73d46262695f260e,PV_data/Tomato___Late_blight/427af7ac-5593-4c8e-9a10-44978c009612___RS_Late.B 5452.JPG,8,8,Late_blight,Late_blight,0.99976104
4a487cb593b1267b36e55961057a154f,PV_data/Tomato___Late_blight/434242f4-5988-41b8-9ab3-375b76b31766___RS_Late.B 6497.JPG,8,8,Late_blight,Late_blight,0.999966
1790f782f5a4428c64cec24454a32d7c,PV_data/Tomato___Late_blight/45fefdc6-a9a7-4955-8066-146efe1c8a1c___GHLB_PS Leaf 27 Day 9.jpg,8,8,Late_blight,Late_blight,1.0
94c2d4f8d5757e9e13a7067bc788722f,PV_data/Tomato___Late_blight/464d50a2-adf7-4a8d-b2e0-4fcb01b02fe6___RS_Late.B 5030.JPG,8,8,Late_blight,Late_blight,0.9950886
54b5c66c4c225333c71a1db9eb6fc4f9,PV_data/Tomato___Late_blight/46aabd9e-80c5-440b-924a-229f146b571c___GHLB2 Leaf 8955.JPG,8,8,Late_blight,Late_blight,0.9999926
1fb80e5e66f2d3414be4bd2f707d4244,PV_data/Tomato___Late_blight/46e4103f-f240-48cc-ae17-9466fcbec332___RS_Late.B 6650.JPG,8,8,Late_blight,Late_blight,0.9999901
d58f1b8862a6628acdc9b9973acd80c2,PV_data/Tomato___Late_blight/483e8a16-c92f-4f69-a048-54c5f4c3676a___RS_Late.B 6296.JPG,8,8,Late_blight,Late_blight,0.9999995
a34cc6058d7bb48b16fa167c15fe9899,PV_data/Tomato___Late_blight/4c27ed2d-96c2-4f8f-ac68-d699bc665cec___GHLB2 Leaf 8954.JPG,8,8,Late_blight,Late_blight,0.9999877
d64128d55a969d9d25f72f423f68f6de,PV_data/Tomato___Late_blight/4d9faab5-238d-42a1-ae87-5e3d0a38a3e2___RS_Late.B 5033.JPG,8,8,Late_blight,Late_blight,0.9999082
a61dbf5495b3a779cd1380712f398b2d,PV_data/Tomato___Late_blight/4de5d2c4-bed5-436a-95e2-bcf43a1723fd___GHLB2 Leaf 8727.JPG,8,8,Late_blight,Late_blight,0.99999774
6a6c048cceda26f8b65f06727acb2f06,PV_data/Tomato___Late_blight/4e1d7a08-a036-474f-8b4c-eef9d7c093fa___RS_Late.B 5043.JPG,8,8,Late_blight,Late_blight,0.99998605
0b758ccb5bec92b82ec03ef51a68055c,PV_data/Tomato___Late_blight/4fc2334d-be0a-45f9-970d-be7a0f6a6c2a___RS_Late.B 6268.JPG,8,8,Late_blight,Late_blight,0.99999344
7163ac0551da0a9fc5e1aa88e5b4633b,PV_data/Tomato___Late_blight/50dd04a3-18a8-4a34-bbba-5e6f851742f5___RS_Late.B 6141.JPG,8,8,Late_blight,Late_blight,0.99999046
bb3aab6ca6dfeee6b7cb7efaf7d1fece,PV_data/Tomato___Late_blight/50ee2f48-e5f7-4eda-8bc9-9d501fedbe8f___RS_Late.B 4933.JPG,8,8,Late_blight,Late_blight,0.9999999
eb3b962f235df6d720ea737db76cffd0,PV_data/Tomato___Late_blight/511ea2f2-d960-4cb2-9a0d-e049646a022e___RS_Late.B 5083.JPG,8,8,Late_blight,Late_blight,1.0
f9e0dfc166ce37ed859d935405e0e99f,PV_data/Tomato___Late_blight/523e5382-14a5-4849-bbec-1bfab9aeecfb___GHLB2 Leaf 8776.JPG,8,8,Late_blight,Late_blight,0.9999999
a5643c2b8b104374d3e73aeb9d5d923a,PV_data/Tomato___Late_blight/532b555e-ffd6-4864-abab-50cace76653d___GHLB2 Leaf 164.1.JPG,8,8,Late_blight,Late_blight,1.0
94f28f6a025a97355af021ddf688d50e,PV_data/Tomato___Late_blight/5600518d-5a2d-4155-a53b-cad312d7fbb1___GHLB_PS Leaf 26 Day 13.jpg,8,8,Late_blight,Late_blight,1.0
190531d82827342940bfe885f1f2f271,PV_data/Tomato___Late_blight/5670dbc5-e0bf-4f73-b8a0-b1f703030195___RS_Late.B 5094.JPG,8,8,Late_blight,Late_blight,0.99999976
af4cb7af1474c2ec479364321694d7fc,PV_data/Tomato___Late_blight/5688ea99-c949-41d0-bbab-9cbf0ffb8bcd___GHLB2 Leaf 8677.JPG,8,8,Late_blight,Late_blight,0.99999464
114fe319b1044b3dea00b35d541abaf8,PV_data/Tomato___Late_blight/56dfc698-989d-4515-b7de-1c2ac6283bb3___GHLB2 Leaf 8923.JPG,8,8,Late_blight,Late_blight,0.99999976
e69109a221c14a6b04398325010c0c12,PV_data/Tomato___Late_blight/58465768-148b-40c6-8534-e695e9c517d5___GHLB2 Leaf 95.1.JPG,8,8,Late_blight,Late_blight,0.9999999
1e200cbbd21cb16ce19d00535549917d,PV_data/Tomato___Late_blight/5875efb8-29a9-4114-859d-d2a0f6ac9738___GHLB2 Leaf 8888.JPG,8,8,Late_blight,Late_blight,0.9999968
9570bc507bd4a07b9b0b40fb5bcee608,PV_data/Tomato___Late_blight/589aa880-2e56-4025-b997-6c495644302a___GHLB Leaf 2.1 Day 6.JPG,8,8,Late_blight,Late_blight,0.9999994
ef19179c60e279beb75c5ce6f7848973,PV_data/Tomato___Late_blight/5916c8e5-c9d2-4bc5-b5e7-8812caf890aa___GHLB_PS Leaf 29 Day 12.jpg,8,8,Late_blight,Late_blight,0.99999917
a42a75c39176227a2ad4353a5966abae,PV_data/Tomato___Late_blight/598065c7-92a5-4497-849f-4707afb0c282___RS_Late.B 5419.JPG,8,8,Late_blight,Late_blight,0.99985814
6032e56a62b619ef4736a8b1e4942a78,PV_data/Tomato___Late_blight/5b71f955-289e-4279-896c-b79d69c8dd5e___RS_Late.B 6495.JPG,8,8,Late_blight,Late_blight,0.99999976
118c0aa2516f2f5d2410a46a58e22b4e,PV_data/Tomato___Late_blight/5c0dc87a-f671-4085-93c5-1454ee859caf___RS_Late.B 6271.JPG,8,8,Late_blight,Late_blight,1.0
d71066e8dc78d6147adc4708ffec5b1a,PV_data/Tomato___Late_blight/5c1531ba-78f7-4d02-b9f8-b227b33e22ac___GHLB2 Leaf 8874.JPG,8,8,Late_blight,Late_blight,0.9999995
222bc0e090395d86acf5059b29e91fc3,PV_data/Tomato___Late_blight/5e85791b-b3a7-430e-b3af-e244c2d16f31___GHLB2 Leaf 8747.JPG,8,8,Late_blight,Late_blight,0.9999999
95b622139cc08b868398a14c3fb1431b,PV_data/Tomato___Late_blight/60f7e012-0f60-4e15-a1ad-1541e20621af___RS_Late.B 6425.JPG,8,8,Late_blight,Late_blight,0.9999999
fb73f451bc63697c17f7edb91727b445,PV_data/Tomato___Late_blight/62aff181-7479-4134-bb2e-9acbbf062a3b___RS_Late.B 6449.JPG,8,8,Late_blight,Late_blight,1.0
783e8f9f3d6b99aa1514f0078f65e5f4,PV_data/Tomato___Late_blight/634c3515-80da-4144-8cc8-9b8bb29134ec___RS_Late.B 5481.JPG,8,8,Late_blight,Late_blight,0.9999987
3c36f3559c1b8dc64cb10df18ee58b28,PV_data/Tomato___Late_blight/65d94a14-e372-4f4f-b955-c2144ebd3166___GHLB_PS Leaf 28 Day 13.jpg,8,8,Late_blight,Late_blight,0.9999372
fa6a4e35099c175f01c62fcc8eee3e45,PV_data/Tomato___Late_blight/670337a4-55b1-4312-8644-3545b1fcc06f___GHLB2 Leaf 8902.JPG,8,8,Late_blight,Late_blight,0.999944
40d9d40c4aed012122a57ad31947fd71,PV_data/Tomato___Late_blight/67a63018-22b8-45c5-8f71-90f7589a6ba5___GHLB2 Leaf 9032.JPG,8,8,Late_blight,Late_blight,1.0
dad95871e180d3d1ecc36cf0526edb31,PV_data/Tomato___Late_blight/67b4c3a2-6d38-4db4-be3e-7655303ae13c___RS_Late.B 5051.JPG,8,8,Late_blight,Late_blight,1.0
a5de8735f8890427d3c01e8273f3ca55,PV_data/Tomato___Late_blight/688d69ca-59a6-4713-b18a-ce7c04ea001e___GHLB2 Leaf 8754.JPG,8,8,Late_blight,Late_blight,0.99999714
30b6bc9fc7a502d4e226a3f2b6590545,PV_data/Tomato___Late_blight/695709e4-d869-4003-97eb-b2de21d5d1a5___GHLB2ES Leaf 62.1.JPG,8,8,Late_blight,Late_blight,0.9988286
f762cb658eeaaa00a2187a8530e6694a,PV_data/Tomato___Late_blight/6965c48c-b329-4b37-9f7c-f09fb1a9b69d___RS_Late.B 7032.JPG,8,8,Late_blight,Late_blight,1.0
9326e16f75b0c0e76fb0bd95652753a8,PV_data/Tomato___Late_blight/697751e5-f4d4-448e-bf98-656ebfd01ba5___RS_Late.B 5180.JPG,8,8,Late_blight,Late_blight,0.99935466
7a0572e5c1746fbce31a80aab0de8193,PV_data/Tomato___Late_blight/6c0403af-46da-424a-bb2e-98610e1b11b1___GHLB_PS Leaf 38 Day 16.jpg,8,8,Late_blight,Late_blight,1.0
f9407e233222090ab2c481a66cefaa06,PV_data/Tomato___Late_blight/6dbef77b-50b6-4d0f-970a-d86f9df2254e___RS_Late.B 6936.JPG,8,8,Late_blight,Late_blight,0.99987066
872159e7457ee0b9a97387c5d6788929,PV_data/Tomato___Late_blight/6edd59f3-d87c-4583-a931-0f32a2748a79___RS_Late.B 4922.JPG,8,8,Late_blight,Late_blight,0.9999994
ffaa824e7f96b0e758853bb2d7040f8f,PV_data/Tomato___Late_blight/70fa3718-7288-47cb-8e13-a16afbec4fe6___GHLB2 Leaf 127.JPG,8,8,Late_blight,Late_blight,1.0
9da48c68e4b68a40c817dc4034cd37a3,PV_data/Tomato___Late_blight/72e49321-5eeb-4669-9641-0e9146da9159___RS_Late.B 5102.JPG,8,8,Late_blight,Late_blight,0.99995375
b3a5b6ea2393510250cd32cace8b5ea8,PV_data/Tomato___Late_blight/734daa60-b419-4736-ae19-c84fc2043d97___RS_Late.B 6758.JPG,8,8,Late_blight,Late_blight,0.9999999
a8001911f070553e18a425947d5838f9,PV_data/Tomato___Late_blight/736c244e-cbeb-406a-bd0e-9a86675b99fc___RS_Late.B 4972.JPG,8,8,Late_blight,Late_blight,0.9999995
59b066c45983ea0eb059bf10c97aa33f,PV_data/Tomato___Late_blight/736cd652-e63d-4b01-a3c6-6859bc095fb9___GHLB_PS Leaf 39 Day 16.jpg,8,8,Late_blight,Late_blight,1.0
82e01dada847a84b0c8d706bc8ce13cc,PV_data/Tomato___Late_blight/74219bb8-17cf-4bf5-9289-5a23151a317b___GHLB2 Leaf 8882.JPG,8,8,Late_blight,Late_blight,0.99999714
f0e61ecfb771074051f96278982332ce,PV_data/Tomato___Late_blight/7609a2a4-654e-4dad-b3e6-1cb4aab89420___RS_Late.B 5633.JPG,8,8,Late_blight,Late_blight,1.0
afb03dcc36dbe56a6460c48492a31462,PV_data/Tomato___Late_blight/76ca83b8-0695-470d-a715-2fcb9efb4fc4___RS_Late.B 5062.JPG,8,8,Late_blight,Late_blight,0.99999714
929a20804860cc5dd4cb77f2e8cc01cf,PV_data/Tomato___Late_blight/781e93a9-2059-42de-8075-658033a6abf7___RS_Late.B 6075.JPG,8,8,Late_blight,Late_blight,0.99986935
edc9d2b576d0021a81c43116c616ff55,PV_data/Tomato___Late_blight/784f6313-1080-4bd1-a556-d4e14e6879d0___GHLB_PS Leaf 53.1 Day 18 .jpg,8,8,Late_blight,Late_blight,1.0
95cc511618fab34594ed17b5a1600c17,PV_data/Tomato___Late_blight/7868d41c-77db-4a0e-90e3-b4a90a17bfdc___RS_Late.B 5401.JPG,8,8,Late_blight,Late_blight,1.0
fa045b266470f0cba2a0752dd18e22ab,PV_data/Tomato___Late_blight/78b86a00-59ee-4e29-865c-c7cbf42dd9dd___GHLB2 Leaf 8715.JPG,8,8,Late_blight,Late_blight,0.9999988
ba7ac368166b9c8f8e4456315dd896ee,PV_data/Tomato___Late_blight/7a711eda-02e6-49fa-9d2c-8463330fa797___RS_Late.B 5045.JPG,8,8,Late_blight,Late_blight,0.9999974
c91471290170d1960de8892c249c45f6,PV_data/Tomato___Late_blight/7d0d5e78-87b9-4d47-9291-4a1e75fe9d97___GHLB2 Leaf 8693.JPG,8,8,Late_blight,Late_blight,0.9999999
c8555b2ca2944ddeb1783ab8133e48f7,PV_data/Tomato___Late_blight/7dac72d7-cd87-4d92-8ee0-e6b52c115558___RS_Late.B 5053.JPG,8,8,Late_blight,Late_blight,1.0
6dc42c5873007137b0ed7812a14eedda,PV_data/Tomato___Late_blight/7dbd4aab-b307-435c-90bb-7a358eba9814___RS_Late.B 6617.JPG,8,8,Late_blight,Late_blight,0.99999976
13448bba9b4eed918622f5710705aa36,PV_data/Tomato___Late_blight/7ec8c270-72a5-4c84-bfdb-400735f5b35c___GHLB_PS Leaf 46 Day 18.jpg,8,8,Late_blight,Late_blight,0.9999999
200d3d254ff288210192b23fa0a5028e,PV_data/Tomato___Late_blight/7f847477-1111-4f20-9de5-56153bee415b___RS_Late.B 5049.JPG,8,8,Late_blight,Late_blight,0.9999999
509222e9605127c45abb81001c925eaa,PV_data/Tomato___Late_blight/7f8eaaf9-901f-4628-b706-7257b3e67303___RS_Late.B 6025.JPG,8,8,Late_blight,Late_blight,1.0
e7a7e7763a3911d5be1a60fd5b970859,PV_data/Tomato___Late_blight/7f8ff945-6a8a-470b-aa5f-0b3f5ce87c01___GHLB Leaf 1.2 Day 13.JPG,8,8,Late_blight,Late_blight,0.9999938
35698ba79202065011eb683918ff58d2,PV_data/Tomato___Late_blight/8061d6e6-8237-4ad3-9270-b6711e3819dd___GHLB2 Leaf 8539.JPG,8,8,Late_blight,Late_blight,0.99985135
930a37e12565debafc26c71e25e68afa,PV_data/Tomato___Late_blight/80817b48-d9dc-4b29-b6ac-1f7bb58e3d00___RS_Late.B 4833.JPG,8,8,Late_blight,Late_blight,1.0
89e088158b0e70ed9b2c77171db2a6b9,PV_data/Tomato___Late_blight/80b1ebb9-e5e0-48cd-a68a-d43ed57633dd___GHLB2 Leaf 9050.JPG,8,8,Late_blight,Late_blight,0.99999964
504a92cc29cc489288fdd11a4946ac61,PV_data/Tomato___Late_blight/814df7b9-2950-4628-a03c-bfae17a4f0a8___GHLB2 Leaf 146.1.JPG,8,8,Late_blight,Late_blight,0.9996649
3ac3536fb631d5a8a52bbbf04160e7c7,PV_data/Tomato___Late_blight/8183f4e9-fa24-4e80-be93-42983b086b7d___GHLB2 Leaf 8782.JPG,8,8,Late_blight,Late_blight,0.999997
cf1c159abdeb63e8e27a09bc2a53a7c4,PV_data/Tomato___Late_blight/8243854c-24f1-49e5-b568-819ae3867a8c___RS_Late.B 7143.JPG,8,8,Late_blight,Late_blight,0.99999154
a095be6414f203c806266b3202c2d7da,PV_data/Tomato___Late_blight/830c33b8-d419-4fb7-98f8-08387e726648___GHLB_PS Leaf 1.5 Day 16.jpg,8,8,Late_blight,Late_blight,1.0
1f331f5c7b986dce0dd4a06589e9864f,PV_data/Tomato___Late_blight/854f717b-5d27-4d21-be89-29bf935b069a___GHLB2 Leaf 8650.JPG,8,8,Late_blight,Late_blight,0.99999917
0580bcf643c2a6a9582358af24739e98,PV_data/Tomato___Late_blight/86a3f3b6-660b-4711-b509-4654d0b5c2fa___RS_Late.B 5007.JPG,8,8,Late_blight,Late_blight,0.99999964
b91cff16bc3da4da350b6cc53966dbfc,PV_data/Tomato___Late_blight/88a90e6d-c7d6-4ecb-a52f-c9ac596e39ee___GHLB2 Leaf 8648.JPG,8,8,Late_blight,Late_blight,0.9999993
b34e6a3a4db8a6427f0e6753357c1b31,PV_data/Tomato___Late_blight/88e11fb2-9752-4c08-97d6-7392fbcf8a95___RS_Late.B 6176.JPG,8,8,Late_blight,Late_blight,0.99999213
75de7164a7a6005f35b4c890f6d15993,PV_data/Tomato___Late_blight/89226dd4-357b-4532-82d6-adeb7724e5e8___RS_Late.B 5387.JPG,8,8,Late_blight,Late_blight,0.9999988
19949b5b87daf3871e854d03ca1a64a8,PV_data/Tomato___Late_blight/8b58a065-ad58-4f19-b621-5e6eb2d77993___RS_Late.B 7131.JPG,8,8,Late_blight,Late_blight,1.0
bc19e7953322a3d82280df5368dbb459,PV_data/Tomato___Late_blight/8c428644-bfe0-4f8c-944a-a8de1f318602___GHLB2 Leaf 8705.JPG,8,8,Late_blight,Late_blight,1.0
bb0fbe88004f6073581fe9ff6ec0e93f,PV_data/Tomato___Late_blight/8d611dca-11e1-4970-9806-599173ed158d___RS_Late.B 5181.JPG,8,8,Late_blight,Late_blight,0.99875367
187283b1c20e11939a2f1fe7622f544d,PV_data/Tomato___Late_blight/8d786c11-5426-4af6-96a0-0c0d9ec804d7___RS_Late.B 5009.JPG,8,8,Late_blight,Late_blight,1.0
7c125923593ed48b7156f92d3e1c3c90,PV_data/Tomato___Late_blight/8e89b070-c8f0-47f5-a7c4-e28a92e0454b___GHLB2 Leaf 9097.JPG,8,8,Late_blight,Late_blight,1.0
1f5c9b726ded238d2f014ef2ee7f07ad,PV_data/Tomato___Late_blight/8fa2b785-6eba-47c3-aeb3-139ebe284185___RS_Late.B 4954.JPG,8,8,Late_blight,Late_blight,0.4897613
d864936f508304e5443269f568035f7d,PV_data/Tomato___Late_blight/90131e4c-2ff6-4be3-86cf-252847cce3fa___RS_Late.B 6933.JPG,8,8,Late_blight,Late_blight,1.0
32ff2a22c393d496a436a44dba88415c,PV_data/Tomato___Late_blight/903f6204-3857-495a-9cf3-8e3fbc930115___RS_Late.B 5496.JPG,8,8,Late_blight,Late_blight,0.9999968
d47c5b53de690b43fe0fb6395dee99d5,PV_data/Tomato___Late_blight/92abc2a8-b18b-45f9-bf9a-c774cc040ac7___GHLB2 Leaf 149.2.JPG,8,8,Late_blight,Late_blight,0.99777657
318126f523932496e24d384abe12bf8f,PV_data/Tomato___Late_blight/94b06669-5f80-4a76-9eae-8d34f6489f15___GHLB2 Leaf 8839.JPG,8,8,Late_blight,Late_blight,0.9984518
bff8dd724ab4ec6149e843773d41a87e,PV_data/Tomato___Late_blight/9781d9ef-a5b7-46e9-a763-a2b03b4d703f___RS_Late.B 6885.JPG,8,8,Late_blight,Late_blight,0.95944303
3f9874b55eb0bd2a0b7e05db6c114b2a,PV_data/Tomato___Late_blight/9b75e0b6-342b-4409-a02d-598e661160a6___GHLB2 Leaf 75.JPG,8,8,Late_blight,Late_blight,0.9999801
d50875d30fef8ddd495d2eaa4b5d8160,PV_data/Tomato___Late_blight/9c6ebcdb-460b-431d-88d7-56beddc7a490___RS_Late.B 7002.JPG,8,8,Late_blight,Late_blight,1.0
1e96a4d6c5bc2ad852ad53f0a6bd70d6,PV_data/Tomato___Late_blight/9c749114-89e9-49ee-a549-5b8bbf8da543___GHLB2 Leaf 119.JPG,8,8,Late_blight,Late_blight,0.99994254
d8c4580d6a8b35ff0af2e9dfd9e1e18d,PV_data/Tomato___Late_blight/9cea37cf-f81c-464d-9379-13026d428cc9___RS_Late.B 5344.JPG,8,8,Late_blight,Late_blight,1.0
cee279e893981afbf9e3d0281c51eec0,PV_data/Tomato___Late_blight/9cfd45ac-fe8d-4962-90e8-b78a85908892___RS_Late.B 6221.JPG,8,8,Late_blight,Late_blight,0.9999994
386b5bb2911ef18c95fae6eb42993d1c,PV_data/Tomato___Late_blight/9eb4d497-0c22-4f14-b779-4d2df664f25a___RS_Late.B 7158.JPG,8,8,Late_blight,Late_blight,0.9999876
02209509dc44bf5515e46cab25accbde,PV_data/Tomato___Late_blight/9f79bf03-7797-491c-98c8-e7fd2c49f435___RS_Late.B 5520.JPG,8,8,Late_blight,Late_blight,0.9999938
04e783902cc81f4ab4ace6f2f070d6e6,PV_data/Tomato___Late_blight/a07f7609-5248-4cbc-a277-5d962e1d0dd1___GHLB2 Leaf 148.4.JPG,8,8,Late_blight,Late_blight,0.99999976
2c22d62d878e807d491baeb590bcc47e,PV_data/Tomato___Late_blight/a0fe466c-9953-4458-9621-65377e474227___RS_Late.B 6973.JPG,8,8,Late_blight,Late_blight,0.9999994
1b689c1805df5c76c4cd0d853960138e,PV_data/Tomato___Late_blight/a5d9410b-4ca9-494f-ba13-c7a01c48fa49___RS_Late.B 7147.JPG,8,8,Late_blight,Late_blight,0.9998702
b3612ce5dc67992a1986594817cc1d98,PV_data/Tomato___Late_blight/a5ef7726-d20f-4109-985f-7fc8989e4aa5___GHLB_PS Leaf 2.2 Day 8.jpg,8,8,Late_blight,Late_blight,1.0
93e71696776349d331f17d543f74e8ba,PV_data/Tomato___Late_blight/a6154a52-2013-4b02-9682-f8c5b0b6c17a___GHLB2 Leaf 64.JPG,8,8,Late_blight,Late_blight,1.0
85dddec894edfd709035a25444d5e436,PV_data/Tomato___Late_blight/a617c469-1174-43ab-910f-0c31a09dd0be___RS_Late.B 6085.JPG,8,8,Late_blight,Late_blight,0.9999918
39491ae6caaf686b19312a54086a80e6,PV_data/Tomato___Late_blight/a6a07e9c-1300-48df-bd43-6c0631bb3ced___RS_Late.B 4958.JPG,8,8,Late_blight,Late_blight,0.9999999
22076c18dba41aa2978dc2ab6165f500,PV_data/Tomato___Late_blight/a72398fc-23d1-4cb5-9331-d06fb7a13c7f___GHLB2 Leaf 8978.JPG,8,8,Late_blight,Late_blight,1.0
29c0ee86e73d3cdb89fb4c67476ba46a,PV_data/Tomato___Late_blight/a86b02a2-3f97-4ce9-a9ff-1a77c36f9e4d___GHLB2 Leaf 8903.JPG,8,8,Late_blight,Late_blight,0.9998106
e932558e8b28ee17cd5c8f5f307f001d,PV_data/Tomato___Late_blight/a93d975c-6992-4f12-b454-5b3268961e20___RS_Late.B 4892.JPG,8,8,Late_blight,Late_blight,0.99999976
4512d70ce95bacbda275ed5a7e2c2b3a,PV_data/Tomato___Late_blight/a93e7941-b915-4e05-a3b8-7dd4176e6eaa___GHLB2 Leaf 85.JPG,8,8,Late_blight,Late_blight,0.9999937
d5a866e4c0003ee0879effa7f957b040,PV_data/Tomato___Late_blight/a98fa7c9-5ed7-4232-8ea8-28cf75c7869e___RS_Late.B 6888.JPG,8,8,Late_blight,Late_blight,0.99999976
8f81e022c3e397c5852dd7378161ec7f,PV_data/Tomato___Late_blight/aae99313-6183-4d7d-832f-f5af6d1522fc___GHLB2 Leaf 8950.JPG,8,8,Late_blight,Late_blight,0.9999994
5d9916fefda6d89c6b4401c36bce7916,PV_data/Tomato___Late_blight/abc618dc-e185-4866-a09c-6073404cac76___GHLB2 Leaf 153.1.JPG,8,8,Late_blight,Late_blight,0.99996305
b9b4d8e0d8eea2b8bd3b6ccf8ffe5269,PV_data/Tomato___Late_blight/ac205c4a-58c5-430f-8b4c-f853652df749___GHLB_PS Leaf 30 Day 13.jpg,8,8,Late_blight,Late_blight,0.99999976
4ef712cf37a1ec5519cc50125943c749,PV_data/Tomato___Late_blight/ada20abd-9779-4e32-b331-1ba7b490b36e___GHLB2 Leaf 92.JPG,8,8,Late_blight,Late_blight,0.9990385
025d5cc8b046b0d075b10bbbcf19b356,PV_data/Tomato___Late_blight/addfb0ca-2f18-4ed6-94e9-192ea15bf9e8___RS_Late.B 5616.JPG,8,8,Late_blight,Late_blight,0.7305656
1f2888d83ba27672e308b91785edab84,PV_data/Tomato___Late_blight/adf760b7-e95e-4c27-a829-a1105bc53ed4___RS_Late.B 7004.JPG,8,8,Late_blight,Late_blight,0.99999964
c7c429460131801fb03b640cf46670cc,PV_data/Tomato___Late_blight/ae811562-9670-4094-a791-41c848b909c4___GHLB2 Leaf 8982.JPG,8,8,Late_blight,Late_blight,0.9999993
fc07c1e2e577044ddd78f4e73767d59e,PV_data/Tomato___Late_blight/aee192d9-666e-4ef8-aa5e-86d09d14216c___GHLB2 Leaf 8582.JPG,8,8,Late_blight,Late_blight,0.9999999
dc34a2b50f9618a4ec8ddbfd60ab914b,PV_data/Tomato___Late_blight/aefc20fb-6226-4bb9-90e7-6619219ec15a___GHLB Leaf 23.2 Day 12.JPG,8,8,Late_blight,Late_blight,0.9993093
0283902003cba67fbe9f17514fb78271,PV_data/Tomato___Late_blight/afb65a40-7512-4d2c-884e-56e6c5010511___RS_Late.B 5380.JPG,8,8,Late_blight,Late_blight,0.9997391
21dc2118f8edeaaec5e193a674d0d90f,PV_data/Tomato___Late_blight/b0fbd7bd-f906-489b-96ff-a2683eb76dd3___RS_Late.B 6173.JPG,8,8,Late_blight,Late_blight,0.9996581
41131260f5997f43986faa08c7f8b02d,PV_data/Tomato___Late_blight/b15c92e9-6973-415c-80fe-82703ff722f7___RS_Late.B 4994.JPG,8,8,Late_blight,Late_blight,1.0
437cd18055b48358d4cf1b63852f1221,PV_data/Tomato___Late_blight/b1f047e9-a4c2-45c1-8861-d52828c1444d___GHLB2 Leaf 106.JPG,8,8,Late_blight,Late_blight,1.0
68e5da8f81a9f8e2cd377469147d2fbb,PV_data/Tomato___Late_blight/b4a271bd-619a-4735-8fd5-28124c4f4508___GHLB2 Leaf 8949.JPG,8,8,Late_blight,Late_blight,0.9999918
e843e5dd0f8288ec236586daa0b36890,PV_data/Tomato___Late_blight/b4aa6858-29d7-4ff7-9225-e5f003ce8566___GHLB2 Leaf 8856.JPG,8,8,Late_blight,Late_blight,0.99999845
dd45e2c2d683e3766e613a915ff8cad7,PV_data/Tomato___Late_blight/b5e5a3bd-a8c8-46fc-928f-f0bb083b9a4e___GHLB2 Leaf 8550.JPG,8,8,Late_blight,Late_blight,1.0
025cd65e4861c611118b05542b2b1fe7,PV_data/Tomato___Late_blight/b5f3f7a5-26ab-4696-b94e-9f2d7c472254___RS_Late.B 6074.JPG,8,8,Late_blight,Late_blight,1.0
3e2930f72ec2d4b765f6b75768ad5893,PV_data/Tomato___Late_blight/ba86e24f-fe3e-4f17-a920-f8dba4ecb4d7___GHLB2 Leaf 8974.JPG,8,8,Late_blight,Late_blight,1.0
cae09da3c8fd37bb571340afc5d229d4,PV_data/Tomato___Late_blight/badd718d-0a43-411b-889c-d46a01834dba___RS_Late.B 5547.JPG,8,8,Late_blight,Late_blight,0.9953473
38902b0bcf18038f2a8e77a10de8b12d,PV_data/Tomato___Late_blight/bb058b97-a4b8-4a36-8179-2a8fa186085c___RS_Late.B 4927.JPG,8,8,Late_blight,Late_blight,0.999884
c18d597ad8833bf4be36f0d75e5cfdb0,PV_data/Tomato___Late_blight/bb2fca37-44c5-400e-b81e-b402549d45c1___GHLB_PS Leaf 43.3 Day 18.jpg,8,8,Late_blight,Late_blight,1.0
d78887852547eae6e0553c074957c786,PV_data/Tomato___Late_blight/bc21154c-09a0-4428-9afe-be7ea00739d8___GHLB2 Leaf 8656.JPG,8,8,Late_blight,Late_blight,1.0
114405709ca020937a98f78fb49e2896,PV_data/Tomato___Late_blight/bceafbf0-d268-4ab1-b505-5a45c2fd0239___RS_Late.B 4953.JPG,8,8,Late_blight,Late_blight,0.9956314
2dcdbb8a5f9be2d0b24154125fb0aedd,PV_data/Tomato___Late_blight/bd5b09dc-ca07-455b-9ff4-e02a5c7e8a42___RS_Late.B 6202.JPG,8,8,Late_blight,Late_blight,0.9992557
117df1259f6337e5e35d0b95df80495e,PV_data/Tomato___Late_blight/be2cc67b-7311-47a4-bcf7-bf62bf429533___GHLB2 Leaf 9008.JPG,8,8,Late_blight,Late_blight,0.99999857
8c200c912e72f296095fa14fd92932df,PV_data/Tomato___Late_blight/bf0b58c2-1d95-4f37-80ea-1bcd82e9c59b___GHLB2 Leaf 145.4.JPG,8,8,Late_blight,Late_blight,0.999998
07b609a7caa3d5980ede3c9a6362a186,PV_data/Tomato___Late_blight/c03b8994-6c6e-4997-83fd-803f3cc580ad___GHLB2 Leaf 8833.JPG,8,8,Late_blight,Late_blight,0.9999981
81cb6238f7a72c877298fd13c2cfc642,PV_data/Tomato___Late_blight/c042e7e2-a583-4709-b944-830965256802___GHLB2 Leaf 110.JPG,8,8,Late_blight,Late_blight,0.9998646
59c9bddc86e2df3d44dbf58a62aacc28,PV_data/Tomato___Late_blight/c0767cc9-acc8-4f4b-b9b5-1958899633ef___GHLB2 Leaf 8807.JPG,8,8,Late_blight,Late_blight,0.99998236
f71085d6c6886be24810ac64440719b8,PV_data/Tomato___Late_blight/c0b62c7a-4b0c-43d6-80d9-d5c6eef43325___RS_Late.B 6114.JPG,8,8,Late_blight,Late_blight,0.99101126
25b7eb155d80e4eadcbf31e421f84a5c,PV_data/Tomato___Late_blight/c179ebbe-601b-474c-b9be-8704c6677f4d___RS_Late.B 6957.JPG,8,8,Late_blight,Late_blight,0.9999999
387f7e2fbd890d9121a04ed69ad46141,PV_data/Tomato___Late_blight/c18f749d-9774-43f6-9c27-ff3d532f551a___RS_Late.B 7100.JPG,8,8,Late_blight,Late_blight,0.9971299
f2a9b71923a3388cd49dca424c310907,PV_data/Tomato___Late_blight/c1af9374-2c73-4af4-a139-7b636467743f___RS_Late.B 5592.JPG,8,8,Late_blight,Late_blight,0.99999523
65f3bfb9b5d24ad4b1d8767d4c5f3ac6,PV_data/Tomato___Late_blight/c2327b45-3e5f-4f36-8f5b-2146c89d446d___RS_Late.B 6343.JPG,8,8,Late_blight,Late_blight,0.999998
e09ba5c4d2bbea2a82e6d498e691844c,PV_data/Tomato___Late_blight/c3459ef4-41aa-415d-9941-e3fbdac87f20___GHLB_PS Leaf 8 Day 13.jpg,8,8,Late_blight,Late_blight,0.99999917
d6d36138f44395a2271c7675a45f1cbc,PV_data/Tomato___Late_blight/c451aa60-ebde-4dfd-a008-ad6e4cfef3fe___RS_Late.B 6857.JPG,8,8,Late_blight,Late_blight,0.99996066
2ad6be1187206d546201bfeeb2700c9e,PV_data/Tomato___Late_blight/c5749d4c-332c-4017-bcb8-c22d5dbcc91e___GHLB2 Leaf 8803.JPG,8,8,Late_blight,Late_blight,0.99999976
8b4ea7c867cf0a3cb232c0d8b46ac79e,PV_data/Tomato___Late_blight/c73d4fb4-db6b-4f53-b15a-d739d9703b27___GHLB Leaf 23 Day 18.JPG,8,8,Late_blight,Late_blight,0.99951553
f6e730a5b6fedddcffb3fd10bd5a9fa6,PV_data/Tomato___Late_blight/c782c37e-851e-4601-ab5a-65f627a7a099___RS_Late.B 4911.JPG,8,8,Late_blight,Late_blight,0.76888883
77f26ccc50d734198e1b052daa5f6875,PV_data/Tomato___Late_blight/c7eaa5c7-da88-4df5-bba2-f89c61c82c86___RS_Late.B 4929.JPG,8,8,Late_blight,Late_blight,0.9991478
496225a77a16d3b85b86dfebe52600f4,PV_data/Tomato___Late_blight/c88e92df-e964-428e-9d8b-df1e402fa41f___GHLB_PS Leaf 27.1 Day 13.jpg,8,8,Late_blight,Late_blight,1.0
7e84df0ed67c4845146f61bbfaf3e287,PV_data/Tomato___Late_blight/ca6362b2-b680-4348-a795-3bc37275e70f___GHLB2 Leaf 79.JPG,8,8,Late_blight,Late_blight,1.0
ba0d46a90b58f2c37593136a2fd7f98f,PV_data/Tomato___Late_blight/cac3a565-799f-4b66-a575-5ad6ff356d37___GHLB_PS Leaf 2.3 Day 8.jpg,8,8,Late_blight,Late_blight,1.0
e9c9b25709572913d15854ad8c341890,PV_data/Tomato___Late_blight/cc822a81-2140-421a-957c-e4ccfa2c0ba5___RS_Late.B 5357.JPG,8,8,Late_blight,Late_blight,1.0
cf5c463ca76c01bf7d0bb3d9d79ac843,PV_data/Tomato___Late_blight/ccbeb4a7-7a15-4246-9ffa-1807e58b3afc___RS_Late.B 4849.JPG,8,8,Late_blight,Late_blight,0.99825984
bd7638d04aa06c1004be116535baf925,PV_data/Tomato___Late_blight/cd68ccb3-8745-4307-a7d0-15c6f4aa26f9___GHLB2 Leaf 8891.JPG,8,8,Late_blight,Late_blight,0.99999905
1633f2aac18ebfc3ddf1f88863fd84e7,PV_data/Tomato___Late_blight/cdcc1a8c-7b80-4d56-a5b6-942f03928ea0___RS_Late.B 5233.JPG,8,8,Late_blight,Late_blight,0.9999999
b1a016f13af843fd28920a8ebb3e5b40,PV_data/Tomato___Late_blight/ce3f895d-e031-4ed9-ac40-7f6550894bff___GHLB_PS Leaf 52.1 Day 18.jpg,8,8,Late_blight,Late_blight,1.0
5f688b70c8b5d40ef8d19a5b44ba3726,PV_data/Tomato___Late_blight/cf848353-3cc5-4d85-95ae-453c7da065f4___RS_Late.B 6756.JPG,8,8,Late_blight,Late_blight,0.9999999
6315a08e4511ac8d129521a0077bc72d,PV_data/Tomato___Late_blight/d0dceae1-6bf8-475a-99fa-f27accadece0___GHLB2 Leaf 8778.JPG,8,8,Late_blight,Late_blight,1.0
5d5d0a675e85b700da24876bd517b07a,PV_data/Tomato___Late_blight/d1f8e85b-aa57-460d-8ea2-90ceb345478c___GHLB Leaf 2.7 Day 12.JPG,8,8,Late_blight,Late_blight,0.9999695
175de08746f7232c7b70535cab87acc1,PV_data/Tomato___Late_blight/d2564630-8c1a-484b-a4e1-8c98905750d0___RS_Late.B 5014.JPG,8,8,Late_blight,Late_blight,1.0
687a0ebccb3e3bb2e76ad5536715e92d,PV_data/Tomato___Late_blight/d26fdac6-4355-4875-8c27-ebb1eaa50a8d___RS_Late.B 5119.JPG,8,8,Late_blight,Late_blight,0.99929106
634ee7deb739ef64f31277536ed70a3a,PV_data/Tomato___Late_blight/d2b12108-4222-4653-85f2-9d59c5929c1e___RS_Late.B 6360.JPG,8,8,Late_blight,Late_blight,0.9825572
73b6140bdb51b50128e4186843dc0a53,PV_data/Tomato___Late_blight/d2c04ad0-6dbc-4f9c-8566-446bcc9b5953___GHLB2 Leaf 8679.JPG,8,8,Late_blight,Late_blight,0.9999976
63946ca7ea76a6d229d025d7c6a3f954,PV_data/Tomato___Late_blight/d41d839a-339e-4d0f-985b-04ddd8a5b556___GHLB2 Leaf 8823.JPG,8,8,Late_blight,Late_blight,0.9580838
05a17b30c5a4463ead755c3a5322fe84,PV_data/Tomato___Late_blight/d42db004-b176-449f-9290-061fb92738d2___RS_Late.B 7139.JPG,8,8,Late_blight,Late_blight,0.9999999
c5b08ac3a9c0832a811735fbf3e56159,PV_data/Tomato___Late_blight/d4f41a97-4705-48e0-9707-2deeb12e4ef6___GHLB Leaf 8 Day 6.JPG,8,8,Late_blight,Late_blight,0.9998957
d354bb4bd297db01f2229f862351268e,PV_data/Tomato___Late_blight/d519ec29-c557-4ef7-b572-a954c6ec4187___GHLB2 Leaf 9007.JPG,8,8,Late_blight,Late_blight,0.999879
39256c19e36c3ed0d821a1b47dc88d84,PV_data/Tomato___Late_blight/d55910c3-3530-4bde-94a7-6748f5fadfb4___RS_Late.B 7161.JPG,8,8,Late_blight,Late_blight,0.9999993
f3cff1a829c3185de38140e97c5fe3e7,PV_data/Tomato___Late_blight/d989b5d3-715f-4d85-8475-0a2ec3beaa98___RS_Late.B 5022.JPG,8,8,Late_blight,Late_blight,0.99997234
46e0fd0c621458b348dcab96d5c16507,PV_data/Tomato___Late_blight/dadc7e0f-8caf-4db0-9a05-f4b724c73bc2___GHLB2 Leaf 8685.JPG,8,8,Late_blight,Late_blight,0.9999988
4b305d4da9ef6faa59e4e925eb3b42b1,PV_data/Tomato___Late_blight/dbb9fbf0-e196-4730-ac80-859b7dd74188___RS_Late.B 5498.JPG,8,8,Late_blight,Late_blight,0.9999994
9297fe3166eba8ae4c207af8233ea2bc,PV_data/Tomato___Late_blight/dbbe0ac5-5cb6-4bcd-940a-f0a8104d4e79___RS_Late.B 6067.JPG,8,8,Late_blight,Late_blight,1.0
44039196bae306b09f6b6bd70ab02112,PV_data/Tomato___Late_blight/dbd83a4e-d95f-4ffe-8257-eaaa638b06a7___RS_Late.B 6548.JPG,8,8,Late_blight,Late_blight,0.999997
8d9313fee5b37aa74a3eb87104bcb0a2,PV_data/Tomato___Late_blight/dd5e7367-9830-4f2e-8022-cb5dc60afd24___GHLB2 Leaf 8549.JPG,8,8,Late_blight,Late_blight,1.0
b793f3f7455641a4da316295016453c2,PV_data/Tomato___Late_blight/dfc45d56-7ecb-46a5-b9da-9297df393f7b___RS_Late.B 6928.JPG,8,8,Late_blight,Late_blight,0.9999999
baecd27c95e5dc713185498f45eaab12,PV_data/Tomato___Late_blight/e09b337d-7ad9-42c8-9ca4-8c782ff942b1___RS_Late.B 5575.JPG,8,8,Late_blight,Late_blight,1.0
29aaf15a87d38fa1e1f17972e163d07b,PV_data/Tomato___Late_blight/e131a4c1-21d7-40cd-a19f-02456e411750___GHLB Leaf 3 Day 1.JPG,8,8,Late_blight,Late_blight,0.99913776
7dd5a27bcf294e86fca25d12de3ca8a1,PV_data/Tomato___Late_blight/e14dc5d0-5671-43e0-9d32-a8331c9455a4___RS_Late.B 6123.JPG,8,8,Late_blight,Late_blight,0.99999976
22f8114ebcd77027b3b1830a70a876b7,PV_data/Tomato___Late_blight/e1501757-3235-4051-b460-52c0f6e45add___RS_Late.B 4910.JPG,8,8,Late_blight,Late_blight,0.95530677
76fb916776c39afd53072c99d7294f97,PV_data/Tomato___Late_blight/e1fa1e4a-7259-496f-8066-79678f36f3e8___GHLB2 Leaf 8593.JPG,8,8,Late_blight,Late_blight,0.99999964
0ecaaafd15af308430ab31bd6ef39fb4,PV_data/Tomato___Late_blight/e20107e7-137f-400e-817f-5dc4c58e5d70___GHLB2 Leaf 8677.JPG,8,8,Late_blight,Late_blight,0.99999464
af337116c571a548032f105529f15176,PV_data/Tomato___Late_blight/e27901d0-1f93-4342-a8d1-6e19f234b296___GHLB2 Leaf 8916.JPG,8,8,Late_blight,Late_blight,0.99999595
73e09df3ed1ae3105e944798cd3f8717,PV_data/Tomato___Late_blight/e2da8dd8-6170-4106-8aa2-5b45d7aa2ff2___RS_Late.B 6159.JPG,8,8,Late_blight,Late_blight,0.9999988
4fe10bb30c4cb2cdb45fa15f037bfbef,PV_data/Tomato___Late_blight/e2e89956-491c-42a0-9154-6b8ef41cd63b___GHLB2 Leaf 8689.JPG,8,8,Late_blight,Late_blight,0.9999956
094cef552912caf179919bc527ab6d8c,PV_data/Tomato___Late_blight/e3df7441-295f-4a70-833c-4127b5b738d5___GHLB2 Leaf 8760.JPG,8,8,Late_blight,Late_blight,0.9999993
d6d8ef17a7582bf838fe323dea4c5bfd,PV_data/Tomato___Late_blight/e55af4aa-1f1c-4300-86ca-bdcff04bef80___GHLB_PS Leaf 2 Day 9.jpg,8,8,Late_blight,Late_blight,0.9999962
fd74d5f77f148332b41e9ac5ea2dc0ce,PV_data/Tomato___Late_blight/e5b328bf-1f13-4831-bd63-b1bdb30f02d9___GHLB2 Leaf 8674.JPG,8,8,Late_blight,Late_blight,0.99998736
c10e33104869f22912af69489a81ccc0,PV_data/Tomato___Late_blight/e5d815b6-dd10-41a3-83e7-c25b6fd5d0c2___GHLB2 Leaf 9015.JPG,8,8,Late_blight,Late_blight,1.0
74f8b4934a90a04fad5ce957735a6d2b,PV_data/Tomato___Late_blight/e5f21018-4aac-42f7-a397-a973907ac4ec___GHLB2 Leaf 156.JPG,8,8,Late_blight,Late_blight,0.9999994
c7767bf36015fc482ddf3371395ecc8d,PV_data/Tomato___Late_blight/e7ad9c9f-d300-4246-8e98-4e364eb4d7b6___GHLB Leaf 23.1 Day 18.JPG,8,8,Late_blight,Late_blight,0.9999875
ee23b18c24361c05b901af777f813ded,PV_data/Tomato___Late_blight/e877b612-7d3e-4ad9-81ae-5dd50979fbb1___RS_Late.B 4949.JPG,8,8,Late_blight,Late_blight,0.9998622
1432f9e1aaeb463f530ec353aa9c8a4a,PV_data/Tomato___Late_blight/e920998f-6980-4011-90f7-78fdc1c4eaad___RS_Late.B 6118.JPG,8,16,Late_blight,Target_Spot,0.5623346
392623a7c4333942f97dd77e221cea35,PV_data/Tomato___Late_blight/e95ca31b-0e75-4ec5-986a-29ce5dce1a01___GHLB2 Leaf 8643.JPG,8,8,Late_blight,Late_blight,1.0
5d977d2f20962d0ed1cce13141e40a36,PV_data/Tomato___Late_blight/ea727260-767f-4f18-802f-a8105d82d912___RS_Late.B 6245.JPG,8,8,Late_blight,Late_blight,0.9999949
dbcc49df988706a86a87f0e13e817c09,PV_data/Tomato___Late_blight/eb5ce385-86d7-439c-b3e4-ca375a739afa___GHLB2 Leaf 8603.JPG,8,8,Late_blight,Late_blight,0.99999976
57981e4151dbe839d60e697d3b232893,PV_data/Tomato___Late_blight/efc16184-1012-4240-934b-85b2396b0d1d___RS_Late.B 5124.JPG,8,8,Late_blight,Late_blight,0.9999999
8be494613c595934427817272bbe6e8f,PV_data/Tomato___Late_blight/f15b868b-23ae-4e87-8053-6199c363e079___GHLB2 Leaf 8984.JPG,8,8,Late_blight,Late_blight,0.99999166
bf27205e235d8544c2decea79accb1de,PV_data/Tomato___Late_blight/f1604e72-b6ee-4b8b-81fa-cf3acc501e17___GHLB2 Leaf 8752.JPG,8,8,Late_blight,Late_blight,0.9999999
18ae6229a8589ead12844c116fc2b045,PV_data/Tomato___Late_blight/f2443e0e-d34e-4e25-aa5d-9653e2dd36ca___RS_Late.B 6465.JPG,8,8,Late_blight,Late_blight,0.99999833
92b34fb96593325bffb70f989d76e53b,PV_data/Tomato___Late_blight/f33028e4-68df-4312-ba25-94d65f03efcf___RS_Late.B 5530.JPG,8,8,Late_blight,Late_blight,0.99968094
c3a57128cbdb0681b52e7d65b16d7088,PV_data/Tomato___Late_blight/f348eaf2-65ef-47b1-af84-ffdedc4599e9___RS_Late.B 4895.JPG,8,8,Late_blight,Late_blight,0.99999964
8aa18bd6f6dbc6ffc38c6f31b3501bda,PV_data/Tomato___Late_blight/f385d5e4-5dff-4851-a806-95a608d04b17___GHLB2 Leaf 132.1.JPG,8,8,Late_blight,Late_blight,1.0
ed55755b4edda53ea00852c9ab8e6451,PV_data/Tomato___Late_blight/f3b38383-f6ff-4779-a57a-fd1766721555___GHLB2 Leaf 9088.JPG,8,8,Late_blight,Late_blight,1.0
4d7bf7d96840e2f1c90390a41f20e28c,PV_data/Tomato___Late_blight/f401bc9a-3136-40cd-8a6b-99308e7de798___RS_Late.B 5004.JPG,8,8,Late_blight,Late_blight,1.0
396528e3ec9d86782204b21cee0733d0,PV_data/Tomato___Late_blight/f4ab4184-4d1b-4b06-83bd-6324281c8588___GHLB2 Leaf 8751.JPG,8,8,Late_blight,Late_blight,0.9999999
d264f1794a8aaf892be30fa4f071064c,PV_data/Tomato___Late_blight/f5cb0905-3729-492a-a45f-63c20ae7e6a1___RS_Late.B 6777.JPG,8,8,Late_blight,Late_blight,0.9999999
e058d261aa36bd3056d0e034794f885d,PV_data/Tomato___Late_blight/f7d235fa-e0ef-4475-88d2-3bfa79f1ab6f___RS_Late.B 7059.JPG,8,8,Late_blight,Late_blight,0.9999994
b672cbbe2d3285fcf4714afbd33203ff,PV_data/Tomato___Late_blight/f8024ad7-ded1-42aa-ab6d-139f7069d10e___RS_Late.B 7157.JPG,8,8,Late_blight,Late_blight,0.99995136
ea43c17c42c8eda67928fd39109ca0a3,PV_data/Tomato___Late_blight/f8ef82ce-300a-4b6d-af4d-14d5d081a9d3___RS_Late.B 6707.JPG,8,8,Late_blight,Late_blight,0.999969
6a2bb7bf264f5a638ac4d461d972d1a8,PV_data/Tomato___Late_blight/fabba25a-e191-47c5-a468-6acf744312e1___GHLB2 Leaf 8835.JPG,8,8,Late_blight,Late_blight,0.9986395
c5febf40420fbb7f65770c86b7634afe,PV_data/Tomato___Late_blight/fc0cec90-4a1e-4cdc-95cf-a34abc1dc8c9___GHLB2 Leaf 117.2.JPG,8,8,Late_blight,Late_blight,1.0
ee4159f5bf3db9603c484b7b3b6532df,PV_data/Tomato___Late_blight/fc77b008-6f35-40c7-96d4-64660bb624dc___GHLB2 Leaf 8812.JPG,8,8,Late_blight,Late_blight,0.99999917
1ff80be96c09342353f26ab72cb7638f,PV_data/Tomato___Late_blight/fd26b445-5839-4337-858c-a91dfdd812cc___GHLB2 Leaf 8743.JPG,8,8,Late_blight,Late_blight,0.9999995
4d3f64b0f718caf23deca820535e72fc,PV_data/Tomato___Late_blight/fe20bf11-9be6-480c-8c99-b7b391ac9653___GHLB_PS Leaf 44.2 Day 18.jpg,8,8,Late_blight,Late_blight,1.0
bbc1285c804c100d6dba7874a3c124c2,PV_data/Tomato___Late_blight/ffe3f6a8-75bb-4584-8c7b-d92c814b5342___GHLB2 Leaf 81.1.JPG,8,8,Late_blight,Late_blight,0.99998605
0968c7701c61609da1b2006265abd8c6,PV_data/Tomato___Leaf_Mold/030ea180-4eb5-4f91-918e-56c7cfe2c001___Crnl_L.Mold 7076.JPG,9,9,Leaf_Mold,Leaf_Mold,0.99992585
9effa6ff44ca319d60684a0ef096db75,PV_data/Tomato___Leaf_Mold/041f3e00-0236-4d32-897f-8d13f3a9aa1f___Crnl_L.Mold 9135.JPG,9,9,Leaf_Mold,Leaf_Mold,1.0
721800a12295b37cb994f38cc0eec6de,PV_data/Tomato___Leaf_Mold/05205449-e0d0-4d2f-a2fb-6f1fc0e2e9c5___Crnl_L.Mold 8717.JPG,9,9,Leaf_Mold,Leaf_Mold,1.0
a8d384abdb54f7f0803b8336f43a9766,PV_data/Tomato___Leaf_Mold/0a555f63-bf03-4958-8993-e1932b8dce9f___Crnl_L.Mold 9064.JPG,9,9,Leaf_Mold,Leaf_Mold,1.0
23a79f46c545238aae9f53e5dcc4d2ef,PV_data/Tomato___Leaf_Mold/0a9b3ff4-5343-4814-ac2c-fdb3613d4e4d___Crnl_L.Mold 6559.JPG,9,9,Leaf_Mold,Leaf_Mold,0.99999607
0610c331e3cbd6c74de93a82198050cc,PV_data/Tomato___Leaf_Mold/0bae0514-799a-479f-a407-ad763f458916___Crnl_L.Mold 8989.JPG,9,9,Leaf_Mold,Leaf_Mold,1.0
7f1fbc6a68a68e62215b68edfafc5a79,PV_data/Tomato___Leaf_Mold/0e508a3f-af06-4c8a-be78-5c38d2d4fb68___Crnl_L.Mold 6775.JPG,9,9,Leaf_Mold,Leaf_Mold,1.0
a4226addcece9e472958231c183a81c5,PV_data/Tomato___Leaf_Mold/0e5b669e-8534-45ab-a3c0-63134e685069___Crnl_L.Mold 7144.JPG,9,9,Leaf_Mold,Leaf_Mold,1.0
f9bb22b6cb6fd97701fd0152a2ad8ce3,PV_data/Tomato___Leaf_Mold/0ed11606-167f-4951-9a07-ffaa7e2aa88a___Crnl_L.Mold 6831.JPG,9,9,Leaf_Mold,Leaf_Mold,0.9999342
69e6f7d806909389e3fd2b2e67051448,PV_data/Tomato___Leaf_Mold/10671d95-f882-4e19-994f-b35917d2c763___Crnl_L.Mold 9098.JPG,9,9,Leaf_Mold,Leaf_Mold,0.99999976
a1b93b473c6f05fb2dddd68675e45869,PV_data/Tomato___Leaf_Mold/1146e92b-d6b2-4a19-ac54-32141d680f41___Crnl_L.Mold 6725.JPG,9,9,Leaf_Mold,Leaf_Mold,0.999943
dfb48f7acdb7a297bb7b89935417cd96,PV_data/Tomato___Leaf_Mold/13287ee6-523d-4cc9-b537-6df918dae5a2___Crnl_L.Mold 6528.JPG,9,9,Leaf_Mold,Leaf_Mold,0.9498125
355fb4c6171e2f7621def65b0c48d7eb,PV_data/Tomato___Leaf_Mold/1692055a-2fc8-4680-b8fe-32916f040b6f___Crnl_L.Mold 6843.JPG,9,9,Leaf_Mold,Leaf_Mold,1.0
af1d1ac872dd9d76b57d593acf548e44,PV_data/Tomato___Leaf_Mold/17ea3930-bd36-4e02-8bef-91511c6a716e___Crnl_L.Mold 6862.JPG,9,9,Leaf_Mold,Leaf_Mold,1.0
d411b940553f44c2374bd0ebf6d0bea7,PV_data/Tomato___Leaf_Mold/19547a57-651f-4f9c-b1df-a4ce5b5fdffd___Crnl_L.Mold 8731.JPG,9,9,Leaf_Mold,Leaf_Mold,1.0
0e52f6e869ca070160ccec772b42244e,PV_data/Tomato___Leaf_Mold/1b35b99c-c7c0-4f2c-975e-148e4b6e18b3___Crnl_L.Mold 8820.JPG,9,9,Leaf_Mold,Leaf_Mold,0.9999347
cf6621e65f93f6dda187ed7a91e63325,PV_data/Tomato___Leaf_Mold/27c4fc3e-760a-4d3c-8552-bb5ca4eab3d8___Crnl_L.Mold 6781.JPG,9,9,Leaf_Mold,Leaf_Mold,0.9990637
48ff610a281b9d5558171b45555f7525,PV_data/Tomato___Leaf_Mold/2a15214d-cee6-4359-8baa-7281f3fc0182___Crnl_L.Mold 8672.JPG,9,9,Leaf_Mold,Leaf_Mold,0.99999964
6e5439210f9aad28a4cdd08935794f3b,PV_data/Tomato___Leaf_Mold/2b31c158-d7d5-4625-b13b-e3e626d791ff___Crnl_L.Mold 6665.JPG,9,9,Leaf_Mold,Leaf_Mold,0.9999969
f0b4e5f649f326e843655d815ba7e74c,PV_data/Tomato___Leaf_Mold/2dc1abcc-a84b-4317-8865-9d2c195d4cb8___Crnl_L.Mold 8901.JPG,9,9,Leaf_Mold,Leaf_Mold,1.0
1af24d3f562cbe00c12abc7667d495e9,PV_data/Tomato___Leaf_Mold/33021b9c-389e-4d58-99c5-13b36a496f09___Crnl_L.Mold 6961.JPG,9,9,Leaf_Mold,Leaf_Mold,1.0
ba80290f828e7aa09e30a3481e8de4ee,PV_data/Tomato___Leaf_Mold/33b4ab66-9077-47b9-8525-11e4257bda01___Crnl_L.Mold 9128.JPG,9,9,Leaf_Mold,Leaf_Mold,1.0
503cc5a7ab6ee3bbaa0592ef3198a82e,PV_data/Tomato___Leaf_Mold/34771f89-a1bc-49e9-8d94-1eb402312b8d___Crnl_L.Mold 9142.JPG,9,9,Leaf_Mold,Leaf_Mold,1.0
506387f0c3a5a75993b2e4303be689d9,PV_data/Tomato___Leaf_Mold/35343df4-2017-47f9-a5ef-d08bd52dfd7c___Crnl_L.Mold 8827.JPG,9,9,Leaf_Mold,Leaf_Mold,0.99999905
b0e7c5cdea529ed8c5e9db173045a782,PV_data/Tomato___Leaf_Mold/35f38d23-ae26-4feb-a076-6fd6571db043___Crnl_L.Mold 6814.JPG,9,9,Leaf_Mold,Leaf_Mold,0.9999999
b62c87f7d0c04c588efc32f9ec519807,PV_data/Tomato___Leaf_Mold/361dc151-4e5f-498a-8813-98c9e0ec806d___Crnl_L.Mold 6999.JPG,9,9,Leaf_Mold,Leaf_Mold,1.0
e0442e3de9ef646b55da21765d99f23c,PV_data/Tomato___Leaf_Mold/36bed8e9-0b39-48f9-a8f7-d776469ce245___Crnl_L.Mold 8912.JPG,9,9,Leaf_Mold,Leaf_Mold,0.9999995
9499ff2847997b844d3df3012d2bade6,PV_data/Tomato___Leaf_Mold/38bd9a88-970a-4480-8bc7-12824ac87ff5___Crnl_L.Mold 7085.JPG,9,9,Leaf_Mold,Leaf_Mold,1.0
def525c8b541f48cde811cdac607fbe6,PV_data/Tomato___Leaf_Mold/3a41e6a5-87e8-4e06-b7a2-3d31adc17adb___Crnl_L.Mold 6648.JPG,9,9,Leaf_Mold,Leaf_Mold,0.9999746
2dd8817e633823003fcb2357473d2dad,PV_data/Tomato___Leaf_Mold/3a7f507d-76d7-4489-baf4-2e4dad468173___Crnl_L.Mold 8784.JPG,9,9,Leaf_Mold,Leaf_Mold,1.0
bef888afe8f93b482e2633b2b7928884,PV_data/Tomato___Leaf_Mold/3e7616df-52d8-43ef-9824-a77e82cdbf1a___Crnl_L.Mold 8777.JPG,9,9,Leaf_Mold,Leaf_Mold,0.9999913
c1a08a0bcb415f00870fef321e721b13,PV_data/Tomato___Leaf_Mold/41b84dbf-0402-4480-a0b2-55ab4686dcdf___Crnl_L.Mold 8933.JPG,9,9,Leaf_Mold,Leaf_Mold,1.0
cb8218d69318d933ae6f7d1523bd708c,PV_data/Tomato___Leaf_Mold/41bd0cc9-46c1-4c6a-a6d5-1d21a6aca540___Crnl_L.Mold 8749.JPG,9,9,Leaf_Mold,Leaf_Mold,1.0
becf39244fbbcffc67c530f94d47a633,PV_data/Tomato___Leaf_Mold/44e7d155-8e61-4620-8442-132abc23ca58___Crnl_L.Mold 6598.JPG,9,9,Leaf_Mold,Leaf_Mold,0.9999988
6f4e54456f9f52f0c39d4a8eda3f19e8,PV_data/Tomato___Leaf_Mold/454b480b-2ac5-4992-bc5e-5ac95311214c___Crnl_L.Mold 6544.JPG,9,9,Leaf_Mold,Leaf_Mold,0.9999999
63dfc022651dd1d34800cf1deaf93ebc,PV_data/Tomato___Leaf_Mold/4914514e-fd44-4e2b-becd-5daf581c78e6___Crnl_L.Mold 9019.JPG,9,9,Leaf_Mold,Leaf_Mold,1.0
3577493ea998abda813495aa3b96522f,PV_data/Tomato___Leaf_Mold/4b56719e-9b74-41d2-9135-33a297a0b87f___Crnl_L.Mold 7086.JPG,9,9,Leaf_Mold,Leaf_Mold,1.0
2d5bd3dafe07b8d3681154914a96de05,PV_data/Tomato___Leaf_Mold/4babadaf-7d3f-4cc8-8179-05d86893dd97___Crnl_L.Mold 9096.JPG,9,9,Leaf_Mold,Leaf_Mold,1.0
8e988f8ae02b33e360b471ae207e526d,PV_data/Tomato___Leaf_Mold/4c11a95e-122b-4e5e-a90c-cb550f8f6bb2___Crnl_L.Mold 7176.JPG,9,9,Leaf_Mold,Leaf_Mold,1.0
1ce45ab6e61f7bbfeffedfb33e69a9ec,PV_data/Tomato___Leaf_Mold/4c7e93da-6c5a-4423-89f3-db15242fd53a___Crnl_L.Mold 8703.JPG,9,9,Leaf_Mold,Leaf_Mold,0.99999976
0f02883d155b65426b2d8ebe6bd31c26,PV_data/Tomato___Leaf_Mold/4d65825b-367d-4f8e-aa17-c19ee1e631e1___Crnl_L.Mold 6954.JPG,9,9,Leaf_Mold,Leaf_Mold,1.0
d1c1d09480e529bc520fdfb652c86db6,PV_data/Tomato___Leaf_Mold/4f03bdbd-e492-49a1-b04b-f19d9aaa95fd___Crnl_L.Mold 6837.JPG,9,9,Leaf_Mold,Leaf_Mold,0.9999994
0e993c28c2ea84ee8d2a6fea632d468f,PV_data/Tomato___Leaf_Mold/4fd9ee11-86f0-4fc5-bec6-3df06ac53386___Crnl_L.Mold 7028.JPG,9,9,Leaf_Mold,Leaf_Mold,1.0
230a8a5c7528d6e3def91f9894504c73,PV_data/Tomato___Leaf_Mold/50a47a28-bbe5-43fb-a2b9-f13c3805de0c___Crnl_L.Mold 6572.JPG,9,9,Leaf_Mold,Leaf_Mold,0.9999745
d570daec37c81968fc1401fc9fa69d25,PV_data/Tomato___Leaf_Mold/50f3f827-c254-4de3-a7d3-0a5d755367fc___Crnl_L.Mold 8733.JPG,9,9,Leaf_Mold,Leaf_Mold,0.9999999
2ef884b3419c7cdb4a802a16c5ad1452,PV_data/Tomato___Leaf_Mold/5232c7a2-7f94-4e6e-b47a-6264e1e49ff8___Crnl_L.Mold 7161.JPG,9,9,Leaf_Mold,Leaf_Mold,1.0
85c8deeff933d6c1e32a1629f9300a99,PV_data/Tomato___Leaf_Mold/52790cd9-3f4a-4da8-8786-37c17a102dd0___Crnl_L.Mold 6692.JPG,9,9,Leaf_Mold,Leaf_Mold,1.0
43c04387bd458c2860010a201b21e47b,PV_data/Tomato___Leaf_Mold/5362725f-e508-4dcf-bdcd-fb08c37630e1___Crnl_L.Mold 9114.JPG,9,9,Leaf_Mold,Leaf_Mold,1.0
2e2669b84be02ae2ebe6b0b1781f944a,PV_data/Tomato___Leaf_Mold/58fa7c1e-418a-45e5-9228-14bdee34fc89___Crnl_L.Mold 6816.JPG,9,9,Leaf_Mold,Leaf_Mold,0.9999943
f1e5dcace55b657e821d24ded4b84ddc,PV_data/Tomato___Leaf_Mold/61cade04-60b3-44bf-88f3-88583c90f49e___Crnl_L.Mold 9148.JPG,9,9,Leaf_Mold,Leaf_Mold,1.0
8cb7697b472763ae848de9d1bc00b9dd,PV_data/Tomato___Leaf_Mold/67146d7f-01d8-46e5-b772-3617f7b5d403___Crnl_L.Mold 8673.JPG,9,9,Leaf_Mold,Leaf_Mold,0.9999987
884232397ef0cd328523a4111151644c,PV_data/Tomato___Leaf_Mold/67b422e6-78d5-4943-8926-4a2ac8bbde52___Crnl_L.Mold 8843.JPG,9,9,Leaf_Mold,Leaf_Mold,1.0
1e75475c5c8379251f4b2d7d8b9539b6,PV_data/Tomato___Leaf_Mold/6911d2dc-3f23-4a99-bf13-69a61f83585c___Crnl_L.Mold 8786.JPG,9,9,Leaf_Mold,Leaf_Mold,1.0
fcc3180a276b862c854146578dbe169f,PV_data/Tomato___Leaf_Mold/6cda92fc-5b8b-47b5-803a-ed31c7a9106a___Crnl_L.Mold 8728.JPG,9,9,Leaf_Mold,Leaf_Mold,1.0
c9872c9509092b28969c3a224b84d395,PV_data/Tomato___Leaf_Mold/6e8f1122-d902-408e-a33e-2d5514112e38___Crnl_L.Mold 6944.JPG,9,9,Leaf_Mold,Leaf_Mold,1.0
6df2f23e32852f2c4ae0c41b9c8c7f83,PV_data/Tomato___Leaf_Mold/7011fa6f-fba9-466e-a6d1-439370a4a37b___Crnl_L.Mold 6588.JPG,9,9,Leaf_Mold,Leaf_Mold,0.9999975
28ce4833dc91800d4fe44c1166f2714b,PV_data/Tomato___Leaf_Mold/70125561-7733-494a-a3e4-3d1674a89b04___Crnl_L.Mold 6717.JPG,9,9,Leaf_Mold,Leaf_Mold,0.9999312
481c5c49767b68eec18ee0fc8e798113,PV_data/Tomato___Leaf_Mold/722e11c3-9b08-4192-9ad0-142e9240914c___Crnl_L.Mold 8920.JPG,9,9,Leaf_Mold,Leaf_Mold,0.99997604
c4148c3b3f9149a3ce93b8ce150b30f9,PV_data/Tomato___Leaf_Mold/74fdc5c4-bb48-4774-ba11-cfc7d826e7dc___Crnl_L.Mold 9123.JPG,9,9,Leaf_Mold,Leaf_Mold,1.0
9a316555af223835fedd247a6f48b4ec,PV_data/Tomato___Leaf_Mold/75b10923-dfb7-4b29-b12f-7e76fc069f51___Crnl_L.Mold 6674.JPG,9,9,Leaf_Mold,Leaf_Mold,0.9993438
b49e3f8ea4a8811fd56a979dd1a19336,PV_data/Tomato___Leaf_Mold/760c9629-46ea-41dc-8a59-5ddff5352e86___Crnl_L.Mold 8635.JPG,9,9,Leaf_Mold,Leaf_Mold,0.99993634
20f0006f1b1379d12746ec8da032f91f,PV_data/Tomato___Leaf_Mold/76e5026d-dc54-4129-8250-573317cc91da___Crnl_L.Mold 6700.JPG,9,9,Leaf_Mold,Leaf_Mold,1.0
7cddcd7d7012b00df8444567111e15ad,PV_data/Tomato___Leaf_Mold/791aae0d-94d2-4d06-b696-6ffd297f2ccb___Crnl_L.Mold 8888.JPG,9,9,Leaf_Mold,Leaf_Mold,0.99999857
7b5e18722752869c17ec84f615034eef,PV_data/Tomato___Leaf_Mold/7cf9cb31-1121-4ebe-b973-56c388d8f450___Crnl_L.Mold 6662.JPG,9,9,Leaf_Mold,Leaf_Mold,0.99999976
7071fcd1f9961a56c1c6d7e0acc89a4b,PV_data/Tomato___Leaf_Mold/7ecb46e3-8e87-411e-9afb-9543244e7c4b___Crnl_L.Mold 9059.JPG,9,9,Leaf_Mold,Leaf_Mold,1.0
d47cbb96d426cc8a1edbf026ac668282,PV_data/Tomato___Leaf_Mold/7f9fdc98-b176-45ac-a56f-28accf0a5a95___Crnl_L.Mold 6945.JPG,9,9,Leaf_Mold,Leaf_Mold,1.0
99f44982053e2c672a3c4052cafd1333,PV_data/Tomato___Leaf_Mold/802b8083-7628-4974-8d38-ffe2d82ad62f___Crnl_L.Mold 8997.JPG,9,9,Leaf_Mold,Leaf_Mold,1.0
c2107502d45fb72c815842aa1817d8dd,PV_data/Tomato___Leaf_Mold/808fed44-acfc-492e-b295-9711805936b1___Crnl_L.Mold 8678.JPG,9,9,Leaf_Mold,Leaf_Mold,1.0
b25e0a4221db28b677c113e530328d4f,PV_data/Tomato___Leaf_Mold/866d57df-74c8-4546-9f82-d03b3c554556___Crnl_L.Mold 8981.JPG,9,9,Leaf_Mold,Leaf_Mold,1.0
0b6fedcc4934e350dced7e6f648fe522,PV_data/Tomato___Leaf_Mold/87e7e3be-acc9-45bf-a843-5528b1ec9484___Crnl_L.Mold 8924.JPG,9,9,Leaf_Mold,Leaf_Mold,0.99999714
7069f706eb66a553bb040aedb554045c,PV_data/Tomato___Leaf_Mold/88e7f3bd-69e4-48b1-a6c4-10e5bded113a___Crnl_L.Mold 6514.JPG,9,9,Leaf_Mold,Leaf_Mold,0.9996301
07b67f33f714680e40678aa3642ae57c,PV_data/Tomato___Leaf_Mold/89df26fb-3707-4503-814c-b712cc06f713___Crnl_L.Mold 6570.JPG,9,9,Leaf_Mold,Leaf_Mold,1.0
2909e61cfc18109221a101c646e8edce,PV_data/Tomato___Leaf_Mold/8d545c01-91da-4672-ad00-5db9da864d33___Crnl_L.Mold 8928.JPG,9,9,Leaf_Mold,Leaf_Mold,1.0
c69ffb94d5a73ea171764a491f35dae3,PV_data/Tomato___Leaf_Mold/8e92b724-a066-4039-a090-2699c5cfed4e___Crnl_L.Mold 6724.JPG,9,9,Leaf_Mold,Leaf_Mold,1.0
29163dbcdfeb0fc4df5182f3743c65bd,PV_data/Tomato___Leaf_Mold/8ec82028-24e9-4bb8-8c36-31a42189790e___Crnl_L.Mold 8783.JPG,9,9,Leaf_Mold,Leaf_Mold,1.0
fce1e7f4cdbe9538b553ad8623457f9f,PV_data/Tomato___Leaf_Mold/907da8ff-9de5-4078-a1f4-f3cd4bd2a37d___Crnl_L.Mold 6685.JPG,9,9,Leaf_Mold,Leaf_Mold,0.9999981
f6af97d0cb41b9aeaa263f326a85b13a,PV_data/Tomato___Leaf_Mold/9088e27c-b60b-476c-a924-929058038fa1___Crnl_L.Mold 7167.JPG,9,9,Leaf_Mold,Leaf_Mold,1.0
54076e0bf38d13714d747d194f7f38c8,PV_data/Tomato___Leaf_Mold/909dd94b-4338-4bd2-b22b-0f222b574124___Crnl_L.Mold 8842.JPG,9,9,Leaf_Mold,Leaf_Mold,1.0
6854c4180b49cfdb962146875c2a62ac,PV_data/Tomato___Leaf_Mold/9252cc55-7007-4d2f-871b-6fafff4068c8___Crnl_L.Mold 6776.JPG,9,9,Leaf_Mold,Leaf_Mold,0.9999957
930f5378e8d64c10d109fa86cf9b4c62,PV_data/Tomato___Leaf_Mold/970e073d-a091-4be9-9a3a-42374ecfe7c8___Crnl_L.Mold 8627.JPG,9,9,Leaf_Mold,Leaf_Mold,1.0
c07e4c7bece17a31355e9020a338fa3a,PV_data/Tomato___Leaf_Mold/986df83a-fa2c-4c3a-8884-d28d04f9cb4e___Crnl_L.Mold 6769.JPG,9,9,Leaf_Mold,Leaf_Mold,0.9999958
38270e735498e859fa3f13e37ac4f109,PV_data/Tomato___Leaf_Mold/9b6483fe-95eb-464b-a73d-0cac6f777994___Crnl_L.Mold 8632.JPG,9,9,Leaf_Mold,Leaf_Mold,1.0
511211c7ad3d871dbe8cc5141a36b505,PV_data/Tomato___Leaf_Mold/9ced7d05-026f-45ab-986e-6af8eb2a13d6___Crnl_L.Mold 8995.JPG,9,9,Leaf_Mold,Leaf_Mold,1.0
54028c818e171e3281f4fdfdf42dbf16,PV_data/Tomato___Leaf_Mold/9d807622-ab39-4aa3-a70a-a2a62aa17679___Crnl_L.Mold 9136.JPG,9,9,Leaf_Mold,Leaf_Mold,1.0
8625f148bdac93a8b6e1ea1da051d4bb,PV_data/Tomato___Leaf_Mold/9f84db3d-5dc1-461e-a922-e6d93e72d3fd___Crnl_L.Mold 8966.JPG,9,9,Leaf_Mold,Leaf_Mold,0.9999981
70f51998253d0c869582db836ced95a7,PV_data/Tomato___Leaf_Mold/9ff27ae7-aa02-4fc3-b83d-29e3debb45cb___Crnl_L.Mold 9049.JPG,9,9,Leaf_Mold,Leaf_Mold,1.0
58d32bbd01eef2f9fb22cea8ab4a7419,PV_data/Tomato___Leaf_Mold/a05d577d-ebe7-44e3-9ac0-e6e742e34f1a___Crnl_L.Mold 9164.JPG,9,9,Leaf_Mold,Leaf_Mold,1.0
bf166fdd2e67ba82578379c817e9646b,PV_data/Tomato___Leaf_Mold/a6354a2d-dadd-4aab-b14a-2eb90a1cfec2___Crnl_L.Mold 7048.JPG,9,9,Leaf_Mold,Leaf_Mold,0.99997437
8c8443f96a9082fa4b61d2ea17f943b3,PV_data/Tomato___Leaf_Mold/a740fdd7-45f9-445f-a992-37005aa41d32___Crnl_L.Mold 6883.JPG,9,9,Leaf_Mold,Leaf_Mold,0.7229595
bd5381f5f9263dc38cf33160e6912357,PV_data/Tomato___Leaf_Mold/a7ea5602-9cd1-444e-bce8-ed314ddda894___Crnl_L.Mold 9101.JPG,9,9,Leaf_Mold,Leaf_Mold,1.0
25b98d615eb7a2f897ded1eeb418d37c,PV_data/Tomato___Leaf_Mold/a7efbe92-8d37-41c0-9af9-792e575f5894___Crnl_L.Mold 6900.JPG,9,9,Leaf_Mold,Leaf_Mold,0.99995494
6dc022d425b55b13a80b441600bc49d3,PV_data/Tomato___Leaf_Mold/a835e550-89cc-4662-b065-d00d5a9eefd3___Crnl_L.Mold 6651.JPG,9,9,Leaf_Mold,Leaf_Mold,1.0
9aac433cdd5201231597563f47dadc8c,PV_data/Tomato___Leaf_Mold/a99fee24-87a5-4945-878c-5d16240e27bd___Crnl_L.Mold 9133.JPG,9,9,Leaf_Mold,Leaf_Mold,1.0
ab838f6b6146a4dd9e35331b90105aed,PV_data/Tomato___Leaf_Mold/ad05c94b-3432-4776-99ff-a5735e52cf7a___Crnl_L.Mold 7162.JPG,9,9,Leaf_Mold,Leaf_Mold,1.0
5e4e035d769b43ce6c2cd2266dc042dd,PV_data/Tomato___Leaf_Mold/ad0bafb5-fc74-49b6-9626-4c2ae34bdb26___Crnl_L.Mold 8872.JPG,9,9,Leaf_Mold,Leaf_Mold,1.0
df80b2387aed3c5e5ced7578ab39faf9,PV_data/Tomato___Leaf_Mold/aebbbb7e-2fd6-4f36-8c81-9c3f83389c5d___Crnl_L.Mold 6802.JPG,9,9,Leaf_Mold,Leaf_Mold,1.0
6a1a261621ac5a5b4b7085568f2ae1b0,PV_data/Tomato___Leaf_Mold/b0171eb9-e9c4-4d17-8f39-e748361fdfba___Crnl_L.Mold 8828.JPG,9,9,Leaf_Mold,Leaf_Mold,0.9999999
61738b57190a1ae151e8f35d8a04f8dd,PV_data/Tomato___Leaf_Mold/b0636c15-fdf5-4835-a5f9-57875579f53b___Crnl_L.Mold 6668.JPG,9,9,Leaf_Mold,Leaf_Mold,1.0
0c2cd12225a6ab487dcf2625f0203c87,PV_data/Tomato___Leaf_Mold/b0f88a05-dfca-4814-9080-fb0a3fa0ee0c___Crnl_L.Mold 6978.JPG,9,9,Leaf_Mold,Leaf_Mold,0.9999622
f12c3a56ce3c128e65fbcbcba8fd076e,PV_data/Tomato___Leaf_Mold/b3c95916-efd5-485f-83f8-686ed4866b89___Crnl_L.Mold 6542.JPG,9,9,Leaf_Mold,Leaf_Mold,0.9999975
8db6fa086ab9c82ea27ac14ca766881c,PV_data/Tomato___Leaf_Mold/b7b05e98-5432-43a1-94e7-e1d6146faf18___Crnl_L.Mold 6912.JPG,9,9,Leaf_Mold,Leaf_Mold,0.99999964
e9da157d9273b152a9c33b07a8b6ba1a,PV_data/Tomato___Leaf_Mold/b8fc0a5c-ffce-488e-ae68-f4a268f8817b___Crnl_L.Mold 9157.JPG,9,9,Leaf_Mold,Leaf_Mold,1.0
50347f963b6fd4b54e8fbecf0dfb4e24,PV_data/Tomato___Leaf_Mold/b98b4279-5ffc-4314-a3c4-1fc05e3b0aec___Crnl_L.Mold 6844.JPG,9,9,Leaf_Mold,Leaf_Mold,1.0
f37f3c752839cb870b76c6c2073f1fd4,PV_data/Tomato___Leaf_Mold/bb3b17dd-b745-4706-8e03-ff2660d77c23___Crnl_L.Mold 6512.JPG,9,9,Leaf_Mold,Leaf_Mold,0.9631154
644ddad3afec8f8068f3d273af2d1a74,PV_data/Tomato___Leaf_Mold/bc374eed-3802-4ffe-9339-47e04a74a648___Crnl_L.Mold 9181.JPG,9,9,Leaf_Mold,Leaf_Mold,1.0
86f74e2f090178d31684eebe9de43f62,PV_data/Tomato___Leaf_Mold/bdc4e19c-87fc-4d84-8de7-a8663aed37f7___Crnl_L.Mold 8741.JPG,9,9,Leaf_Mold,Leaf_Mold,0.999998
1a516bd762da5f2755317d30394c0ce3,PV_data/Tomato___Leaf_Mold/bf28a373-d2bc-4f16-8153-4b85c0cba6b9___Crnl_L.Mold 8929.JPG,9,9,Leaf_Mold,Leaf_Mold,1.0
0c3b2344bc1cee10411cb23ca06d8aab,PV_data/Tomato___Leaf_Mold/c667572c-c9a5-4238-9892-cf3a79c839bb___Crnl_L.Mold 8976.JPG,9,9,Leaf_Mold,Leaf_Mold,1.0
6e95b7674310473f9961ec1bc1f6f939,PV_data/Tomato___Leaf_Mold/c9a5bad7-c42c-40e5-a8de-0631a5522018___Crnl_L.Mold 6872.JPG,9,9,Leaf_Mold,Leaf_Mold,1.0
f072a0c59e65bbf96a7e20c0ef3ca70f,PV_data/Tomato___Leaf_Mold/cb88247d-9a2a-4cd9-888a-76d799436f10___Crnl_L.Mold 7125.JPG,9,9,Leaf_Mold,Leaf_Mold,0.99999857
d36972fa6558d10e5c8cd4447bb22a63,PV_data/Tomato___Leaf_Mold/cc485f85-611c-4aa2-ac8c-39beb434a707___Crnl_L.Mold 6502.JPG,9,9,Leaf_Mold,Leaf_Mold,0.9999994
e0c5e35105ef67b1c2821f7de35709fe,PV_data/Tomato___Leaf_Mold/ceece521-8e6b-4f7b-b4bb-54369494e7a3___Crnl_L.Mold 6931.JPG,9,9,Leaf_Mold,Leaf_Mold,0.99998665
daea965b3d2520cd35b247878a0c43a0,PV_data/Tomato___Leaf_Mold/cf7130f7-50b1-4dce-81ed-841302e5f71d___Crnl_L.Mold 7072.JPG,9,9,Leaf_Mold,Leaf_Mold,1.0
4ed88f87dc1470bd8eb9b8cfc1c5f570,PV_data/Tomato___Leaf_Mold/d15e91c8-b473-472e-96b6-331a5c62392d___Crnl_L.Mold 8787.JPG,9,9,Leaf_Mold,Leaf_Mold,0.99999917
985642624c68b166ee06f6ecb7bd8acb,PV_data/Tomato___Leaf_Mold/d3f5e817-d531-4f9b-ac58-a9bf80518f85___Crnl_L.Mold 8988.JPG,9,9,Leaf_Mold,Leaf_Mold,1.0
d9b82479e3e01c691cf582883925bc25,PV_data/Tomato___Leaf_Mold/d49623e2-8d48-480e-8bd1-c7f7b997514c___Crnl_L.Mold 8676.JPG,9,9,Leaf_Mold,Leaf_Mold,1.0
a22f200357953c4e501f95a58b1f583d,PV_data/Tomato___Leaf_Mold/d568ebda-a7c9-43dc-8afe-41778448d54a___Crnl_L.Mold 6696.JPG,9,9,Leaf_Mold,Leaf_Mold,0.99999356
c1235b998fbdda6a8937fa22a33a8ee1,PV_data/Tomato___Leaf_Mold/d6ef8382-fbf0-47f3-aea4-53cf32b04ab1___Crnl_L.Mold 6510.JPG,9,9,Leaf_Mold,Leaf_Mold,0.9693419
1e2a19e6500e8c79854511988a1e522c,PV_data/Tomato___Leaf_Mold/d8466889-2874-44fd-b6e1-128c328d5b84___Crnl_L.Mold 8661.JPG,9,9,Leaf_Mold,Leaf_Mold,1.0
d1f055c2af588dd646bef44f3bcfd5ef,PV_data/Tomato___Leaf_Mold/d8f27502-b864-4da3-9dd5-b7eccf2e8cbc___Crnl_L.Mold 6708.JPG,9,9,Leaf_Mold,Leaf_Mold,1.0
a5aa65a924b77edee053ceb2d49d8ff8,PV_data/Tomato___Leaf_Mold/d90f334c-18c3-4b20-903e-e51f57d8704d___Crnl_L.Mold 6935.JPG,9,9,Leaf_Mold,Leaf_Mold,1.0
fdbf12adf2002e90a6b1229bee5ea618,PV_data/Tomato___Leaf_Mold/d94e7f33-7c00-4541-8bb2-ba6314f68c0e___Crnl_L.Mold 6885.JPG,9,9,Leaf_Mold,Leaf_Mold,0.9589509
72b9542bbcae5c3ff33b72876a8eedbb,PV_data/Tomato___Leaf_Mold/dc61dd2d-7b0f-4927-a3af-4ad0c71bda15___Crnl_L.Mold 6561.JPG,9,9,Leaf_Mold,Leaf_Mold,0.9998369
e1e8e5625e324e04e2d819f5482eb388,PV_data/Tomato___Leaf_Mold/dde4e8af-a08a-48e7-969d-0b6c66912431___Crnl_L.Mold 8963.JPG,9,9,Leaf_Mold,Leaf_Mold,1.0
90ebca74f139cfeb8709e0666d64c3d2,PV_data/Tomato___Leaf_Mold/e4b615ab-7fb8-48cb-a497-49b956ca2437___Crnl_L.Mold 8778.JPG,9,9,Leaf_Mold,Leaf_Mold,1.0
715ed9f22acff48ec64dc7f6cbf8fce2,PV_data/Tomato___Leaf_Mold/e6e60f43-eff7-4f87-8aef-ab1ddcc6526a___Crnl_L.Mold 6942.JPG,9,9,Leaf_Mold,Leaf_Mold,0.99994004
d2f03ff7cd02fa12dab8361615a79eec,PV_data/Tomato___Leaf_Mold/e8a0bcf7-b76f-495f-ad84-f29329bfa481___Crnl_L.Mold 6620.JPG,9,9,Leaf_Mold,Leaf_Mold,0.99999917
cd74e35fcbb149c1714b702d1ebdc8b8,PV_data/Tomato___Leaf_Mold/e8b8ec25-254b-4e16-adec-82f68d311e0a___Crnl_L.Mold 6508.JPG,9,9,Leaf_Mold,Leaf_Mold,0.99999917
5dad2cd2bc3f9fe8ef792084221b8891,PV_data/Tomato___Leaf_Mold/eca409c5-fd2b-4fab-9a54-4fad60a205d8___Crnl_L.Mold 8875.JPG,9,9,Leaf_Mold,Leaf_Mold,1.0
2a25961a1da6629ec641cd015fc0b7f4,PV_data/Tomato___Leaf_Mold/ecee5a37-1c82-4f93-a9d9-d1c098e6514d___Crnl_L.Mold 8618.JPG,9,9,Leaf_Mold,Leaf_Mold,1.0
649066bb4c04b4153f61cd5d9868455c,PV_data/Tomato___Leaf_Mold/ed85b79f-958f-42a8-adb9-2a34022fa016___Crnl_L.Mold 9031.JPG,9,9,Leaf_Mold,Leaf_Mold,0.9999995
988d2ce986e4174393148ad618ae7c61,PV_data/Tomato___Leaf_Mold/edf50862-c5ce-406d-a3f1-f228bd358ca3___Crnl_L.Mold 7038.JPG,9,9,Leaf_Mold,Leaf_Mold,0.9928637
bd18efbfd6918792e3dc2c31f7ec3eb0,PV_data/Tomato___Leaf_Mold/f0e71c5c-4a0b-4b97-88db-19438a52d9b1___Crnl_L.Mold 8751.JPG,9,9,Leaf_Mold,Leaf_Mold,0.9999994
a4a14c775aaf9e40c45ee28700f3c258,PV_data/Tomato___Leaf_Mold/f20ed4bc-ca80-440c-b254-95d0a1953da8___Crnl_L.Mold 8792.JPG,9,9,Leaf_Mold,Leaf_Mold,0.9999162
9793cf300a747b8d9764e6783fb453e9,PV_data/Tomato___Leaf_Mold/f28805ce-de82-49bf-be6c-aa8c9c71a595___Crnl_L.Mold 8815.JPG,9,9,Leaf_Mold,Leaf_Mold,1.0
5888ad3fbfa42c7f332963cc42166042,PV_data/Tomato___Leaf_Mold/f3b8f9e3-6c47-4797-9da6-d8b09e19048c___Crnl_L.Mold 9023.JPG,9,9,Leaf_Mold,Leaf_Mold,1.0
db9926f2cc3f525665187e992f961506,PV_data/Tomato___Leaf_Mold/f655d3f3-4b41-4e5a-adcd-5bf481d8d8eb___Crnl_L.Mold 8716.JPG,9,9,Leaf_Mold,Leaf_Mold,1.0
c225e3c0a74657ffd6f82aaf5e062d50,PV_data/Tomato___Leaf_Mold/f6c104df-09ed-467c-8e67-30d5bd5d7cd2___Crnl_L.Mold 6829.JPG,9,9,Leaf_Mold,Leaf_Mold,0.94217014
9e48a31eb799e03c2a754ddd41095938,PV_data/Tomato___Leaf_Mold/f6c43250-2d85-42fb-85e6-57699cbb9350___Crnl_L.Mold 6765.JPG,9,9,Leaf_Mold,Leaf_Mold,0.99850684
2995ef374c159fce42911431a4ca4f32,PV_data/Tomato___Leaf_Mold/f8e698ff-5f4d-4735-ae53-1daf38c49d46___Crnl_L.Mold 6536.JPG,9,9,Leaf_Mold,Leaf_Mold,0.9999968
0bb71a7e51153d29be21961422608010,PV_data/Tomato___Leaf_Mold/fcfc6758-32cd-4e18-8d56-e3ffde988921___Crnl_L.Mold 6591.JPG,9,9,Leaf_Mold,Leaf_Mold,0.99971086
5ac6e14bc14a89767bbc9d595ae0594e,PV_data/Tomato___Leaf_Mold/fdec728a-c3e5-478d-9e14-ac1a717d5ffc___Crnl_L.Mold 9045.JPG,9,9,Leaf_Mold,Leaf_Mold,1.0
51f4bba4e966a4a45d4aaa5118e5aa0d,PV_data/Tomato___Leaf_Mold/fe00923d-7acb-4a3b-9104-e2d429181e5d___Crnl_L.Mold 6822.JPG,9,9,Leaf_Mold,Leaf_Mold,1.0
e1345cff7831144aced0c3c3271f3556,PV_data/Tomato___Septoria_leaf_spot/009bb542-f0c0-40f2-98a7-f547c5adec45___Matt.S_CG 1355.JPG,14,14,Septoria_leaf_spot,Septoria_leaf_spot,0.9998208
0bf37e5808447dc1c4f076acd8637bdf,PV_data/Tomato___Septoria_leaf_spot/009ce7ca-77de-4e4e-9f59-bec9162df779___Matt.S_CG 7403.JPG,14,14,Septoria_leaf_spot,Septoria_leaf_spot,1.0
5f7e65d261e4ea67233735e7c96ee848,PV_data/Tomato___Septoria_leaf_spot/01f54ad9-9c03-4ffd-86f4-829fc2939120___Matt.S_CG 0702.JPG,14,14,Septoria_leaf_spot,Septoria_leaf_spot,0.9999993
c6b2b9fecd2a74f692e111d6e44a8098,PV_data/Tomato___Septoria_leaf_spot/03b3e88f-63ad-49e1-88c2-b8bfffd6aaf6___Matt.S_CG 1226.JPG,14,17,Septoria_leaf_spot,Tomato_Yellow_Leaf_Curl_Virus,0.6495176
dbd489e64a12923413ce884913f9877e,PV_data/Tomato___Septoria_leaf_spot/04840559-16ed-4f17-908b-2048ba83ab80___Keller.St_CG 1780.JPG,14,14,Septoria_leaf_spot,Septoria_leaf_spot,0.99999917
cfcbf84c258f295f3626d011a485686d,PV_data/Tomato___Septoria_leaf_spot/04eb9fee-df68-4917-a639-d68e12c08bbc___JR_Sept.L.S 8475.JPG,14,14,Septoria_leaf_spot,Septoria_leaf_spot,0.9999887
550bf66886a137170c3a357e6cb6f253,PV_data/Tomato___Septoria_leaf_spot/0648ab1f-53de-4c70-9854-10f0794cb30c___Matt.S_CG 7480.JPG,14,14,Septoria_leaf_spot,Septoria_leaf_spot,1.0
45a17451d5babf2863679fe1b39a1857,PV_data/Tomato___Septoria_leaf_spot/0751ddb1-c3ee-46ee-bee1-46c24c567dc2___Matt.S_CG 6116.JPG,14,14,Septoria_leaf_spot,Septoria_leaf_spot,1.0
ef2e8cab2f45ba70cec6f9421d840a10,PV_data/Tomato___Septoria_leaf_spot/07679a50-9d8d-4612-80f4-464785781d56___JR_Sept.L.S 2727.JPG,14,14,Septoria_leaf_spot,Septoria_leaf_spot,0.99999225
b66540ded4f646e7f1fef6f694a98f63,PV_data/Tomato___Septoria_leaf_spot/07a4190c-b0c0-4e03-9ad5-474938c837d2___Matt.S_CG 1242.JPG,14,14,Septoria_leaf_spot,Septoria_leaf_spot,0.99816304
44510d91ee90bd04c96115e8639649b1,PV_data/Tomato___Septoria_leaf_spot/08e2c0d9-5e08-4845-b456-3cce0599b767___Keller.St_CG 1977.JPG,14,14,Septoria_leaf_spot,Septoria_leaf_spot,1.0
e0bcdabe704293a6265da05d7c7a3f4b,PV_data/Tomato___Septoria_leaf_spot/09db4c01-a966-4482-a591-f5e2c19177b7___Keller.St_CG 1820.JPG,14,14,Septoria_leaf_spot,Septoria_leaf_spot,1.0
9d9153179a9de16cf7630d683f93885d,PV_data/Tomato___Septoria_leaf_spot/09dbdbad-6b02-45a8-a1d3-86cebfd1320d___Keller.St_CG 1799.JPG,14,14,Septoria_leaf_spot,Septoria_leaf_spot,1.0
ae1ce142ad55209108ed3c8b3668e156,PV_data/Tomato___Septoria_leaf_spot/0a76257e-6a78-459b-8f51-a266805121eb___Matt.S_CG 2527.JPG,14,14,Septoria_leaf_spot,Septoria_leaf_spot,1.0
3b848449c368a2bf5306f19fa82008c4,PV_data/Tomato___Septoria_leaf_spot/0b23b869-cfa6-40d7-a683-f4637d91ebff___Matt.S_CG 1286.JPG,14,14,Septoria_leaf_spot,Septoria_leaf_spot,0.9999951
99d7e36b0a3452873b5f24c7c9cf0d6c,PV_data/Tomato___Septoria_leaf_spot/0ca7ed02-4540-47df-b01d-194b23226a2d___Matt.S_CG 1733.JPG,14,14,Septoria_leaf_spot,Septoria_leaf_spot,0.93537617
7065519cd0a59df213dce1d11c927596,PV_data/Tomato___Septoria_leaf_spot/0ea8a7c0-74f4-404b-81f4-233e501dab60___Matt.S_CG 6731.JPG,14,14,Septoria_leaf_spot,Septoria_leaf_spot,0.9999999
99460448ba86d55843948d4e7109799c,PV_data/Tomato___Septoria_leaf_spot/0ebf0c98-aeb9-4630-afa0-0c9a2dc32995___Matt.S_CG 6233.JPG,14,14,Septoria_leaf_spot,Septoria_leaf_spot,0.99453646
07757944e3054506ba925b114cf7dd89,PV_data/Tomato___Septoria_leaf_spot/10738d0a-42a6-4f9f-aab6-d2676eb89236___Matt.S_CG 1692.JPG,14,14,Septoria_leaf_spot,Septoria_leaf_spot,0.9995331
bcf095282d592cb5fd0f659e7b753236,PV_data/Tomato___Septoria_leaf_spot/13ae950c-d128-4ee8-9309-c9eaf611f469___Matt.S_CG 1277.JPG,14,14,Septoria_leaf_spot,Septoria_leaf_spot,0.88940847
3bf470b1fe50cb066d0626d202b76ad7,PV_data/Tomato___Septoria_leaf_spot/144f0195-69a2-4bdb-aebb-70f62b2bcff4___Matt.S_CG 7547.JPG,14,14,Septoria_leaf_spot,Septoria_leaf_spot,0.99999964
3ca5bad2e8d919f2bea701f4d603c7a3,PV_data/Tomato___Septoria_leaf_spot/149aa8aa-980e-443e-8910-d31d65d86872___JR_Sept.L.S 2616.JPG,14,14,Septoria_leaf_spot,Septoria_leaf_spot,1.0
060d773b52ee6200ec1e320fd0bc3aed,PV_data/Tomato___Septoria_leaf_spot/14d466da-8b4b-42e1-89b1-cf5f461bd64a___Matt.S_CG 6538.JPG,14,14,Septoria_leaf_spot,Septoria_leaf_spot,1.0
0339a0a4ac81df053daeed96bbc150b7,PV_data/Tomato___Septoria_leaf_spot/169fe6b6-952f-45d3-a313-b3df3a357f5c___JR_Sept.L.S 2490.JPG,14,14,Septoria_leaf_spot,Septoria_leaf_spot,1.0
b3ee2d677bd3768df8f50b15d72e90d0,PV_data/Tomato___Septoria_leaf_spot/17387441-89a3-4172-8195-fae50dba7a58___JR_Sept.L.S 2514.JPG,14,14,Septoria_leaf_spot,Septoria_leaf_spot,0.99999785
fef5c611976f2ed0bf4379a4601b0088,PV_data/Tomato___Septoria_leaf_spot/17579194-bf69-46cc-881d-6fa6ee2b0576___JR_Sept.L.S 8474.JPG,14,14,Septoria_leaf_spot,Septoria_leaf_spot,0.9999896
c3032e949ce17cee5bd4cf6906eebbd7,PV_data/Tomato___Septoria_leaf_spot/17c7e5bd-f44e-4dbd-9cd0-f0dbcc654306___JR_Sept.L.S 8557.JPG,14,14,Septoria_leaf_spot,Septoria_leaf_spot,0.9999683
3c0610a84ed1fdc0f5ccbd3564014e2e,PV_data/Tomato___Septoria_leaf_spot/18927674-9831-4c32-83ed-7b194445c824___Matt.S_CG 1602.JPG,14,14,Septoria_leaf_spot,Septoria_leaf_spot,0.9999999
18a1291dc8d8b4523eff60bc20e20ec9,PV_data/Tomato___Septoria_leaf_spot/1a10c809-8303-4457-9875-bedd4eb9625b___Matt.S_CG 7777.JPG,14,14,Septoria_leaf_spot,Septoria_leaf_spot,0.9999999
75c75ac0c6ad0b183a581a8382644d43,PV_data/Tomato___Septoria_leaf_spot/1ad425d4-caa9-44da-b99f-a951fda7ec94___Keller.St_CG 1835.JPG,14,14,Septoria_leaf_spot,Septoria_leaf_spot,1.0
d42e79e8bfa8ad84013cad47e4d7d7d0,PV_data/Tomato___Septoria_leaf_spot/1b6fd6e2-8917-473f-9c8c-b14f639e13a9___JR_Sept.L.S 2709.JPG,14,14,Septoria_leaf_spot,Septoria_leaf_spot,1.0
42acbda33dedbb56e5539e1b3a7b4b6e,PV_data/Tomato___Septoria_leaf_spot/1c94b8af-21b7-43b5-b6ff-a5f7a3ad0a6e___Matt.S_CG 1727.JPG,14,14,Septoria_leaf_spot,Septoria_leaf_spot,0.9996344
e54144d3ce8205cc5c646afd8d50bdc7,PV_data/Tomato___Septoria_leaf_spot/1d2e1e46-0835-4f07-bebe-edf37ade1a12___Matt.S_CG 6363.JPG,14,14,Septoria_leaf_spot,Septoria_leaf_spot,0.9983677
260b68c7b99a18728d76b81039d0005c,PV_data/Tomato___Septoria_leaf_spot/1db21865-b74f-40ab-9a9b-ac7c0e512058___Matt.S_CG 2428.JPG,14,14,Septoria_leaf_spot,Septoria_leaf_spot,1.0
d7f8197ffc1ab992416f2fc72a9745e5,PV_data/Tomato___Septoria_leaf_spot/1dbd5efc-4fec-40a2-aca2-d257a7ad823b___Matt.S_CG 2598.JPG,14,14,Septoria_leaf_spot,Septoria_leaf_spot,0.92202395
cc4c2086773a79aacb48f24414232b0b,PV_data/Tomato___Septoria_leaf_spot/1e8f411c-7f6b-42c0-8c84-70486b6c91d1___Keller.St_CG 1824.JPG,14,14,Septoria_leaf_spot,Septoria_leaf_spot,1.0
7ca2f05502522483232ce157a600c8d3,PV_data/Tomato___Septoria_leaf_spot/1eb51af9-a622-4f97-a47b-b7474771d414___JR_Sept.L.S 2455.JPG,14,14,Septoria_leaf_spot,Septoria_leaf_spot,0.9999615
51ae0aa1e136215c7527500e71a5018a,PV_data/Tomato___Septoria_leaf_spot/1f9fe103-ec5a-4ebb-bd93-14c97537dd3a___Matt.S_CG 6572.JPG,14,14,Septoria_leaf_spot,Septoria_leaf_spot,1.0
ab38a9b8248a9d85b7301615fe881826,PV_data/Tomato___Septoria_leaf_spot/224c7002-2660-42fb-9be0-f55f7fa49e14___Matt.S_CG 7647.JPG,14,14,Septoria_leaf_spot,Septoria_leaf_spot,0.9999999
64abaabf26db404a3e87ae61c4cf1a65,PV_data/Tomato___Septoria_leaf_spot/22b43447-5aed-4a33-ba5c-d422d6f6bbce___JR_Sept.L.S 8421.JPG,14,14,Septoria_leaf_spot,Septoria_leaf_spot,0.9998839
80887ea2aed8152b65e4ec6d0c319ba8,PV_data/Tomato___Septoria_leaf_spot/233aef94-2a7c-4a66-bcd9-8171630a57fa___JR_Sept.L.S 2608.JPG,14,14,Septoria_leaf_spot,Septoria_leaf_spot,0.99999964
38f2ce0150d0f2464227cd660c669d41,PV_data/Tomato___Septoria_leaf_spot/2567c820-aa63-490c-8e47-921b85164728___Matt.S_CG 7447.JPG,14,14,Septoria_leaf_spot,Septoria_leaf_spot,0.9999999
84af9da1cb60f22a898db583cf375507,PV_data/Tomato___Septoria_leaf_spot/26f9e49d-d900-4607-96c4-3139ba4db3d5___Matt.S_CG 6067.JPG,14,14,Septoria_leaf_spot,Septoria_leaf_spot,0.9999976
b648ec2b5e513ef083cc05838fde25e6,PV_data/Tomato___Septoria_leaf_spot/2741b105-dacf-4ed8-bedf-4fc395f8947c___Keller.St_CG 1943.JPG,14,14,Septoria_leaf_spot,Septoria_leaf_spot,1.0
b5f5f6d6b1be70d459e887c183be66b3,PV_data/Tomato___Septoria_leaf_spot/27cce771-b14a-4c4c-a910-4751fb2eb9d1___JR_Sept.L.S 8352.JPG,14,14,Septoria_leaf_spot,Septoria_leaf_spot,0.9999869
89a35818d26a1e46c2ad025b18112a9e,PV_data/Tomato___Septoria_leaf_spot/281da113-7611-44bf-9df7-b742fcbce900___JR_Sept.L.S 8568.JPG,14,14,Septoria_leaf_spot,Septoria_leaf_spot,0.9999647
dddab462c8968157d293475946e23583,PV_data/Tomato___Septoria_leaf_spot/28ac876e-4b48-4486-b40a-d4fad31f6880___Keller.St_CG 1805.JPG,14,14,Septoria_leaf_spot,Septoria_leaf_spot,1.0
f2e328349e6e20b015dd5e6aac40d223,PV_data/Tomato___Septoria_leaf_spot/2996fe86-51c4-4ded-b7a4-4f0905247394___Keller.St_CG 1841.JPG,14,14,Septoria_leaf_spot,Septoria_leaf_spot,1.0
11153c3d3e9c56527adcaea0f697d5b8,PV_data/Tomato___Septoria_leaf_spot/2aeb1e96-7755-4378-b423-2f2116e56db6___JR_Sept.L.S 2570.JPG,14,14,Septoria_leaf_spot,Septoria_leaf_spot,1.0
7bd3c1d3e00a269479347ecea3039a1c,PV_data/Tomato___Septoria_leaf_spot/2b63b39d-7d3b-4421-9d68-b81b0862977b___Keller.St_CG 2025.JPG,14,14,Septoria_leaf_spot,Septoria_leaf_spot,0.9999999
b6ad2390169c83b3be5469fd7931205c,PV_data/Tomato___Septoria_leaf_spot/2be16c12-1422-4ef0-a070-474085e4cef8___Matt.S_CG 6622.JPG,14,14,Septoria_leaf_spot,Septoria_leaf_spot,0.99999964
2fb30dff6a33c9d338f13e7ee6d6e9ed,PV_data/Tomato___Septoria_leaf_spot/2c14cebf-97c1-4ee4-a247-f9e181234319___JR_Sept.L.S 2563.JPG,14,14,Septoria_leaf_spot,Septoria_leaf_spot,1.0
8c9a1d71a284c8c05002c82abe610c82,PV_data/Tomato___Septoria_leaf_spot/2ca0f649-659c-458d-aaed-d51529372633___Keller.St_CG 1888.JPG,14,14,Septoria_leaf_spot,Septoria_leaf_spot,0.9999988
8a69aa8a847d84864753f1d7cc095b7d,PV_data/Tomato___Septoria_leaf_spot/2d0ef151-4728-4b00-b70c-ab59ef5d5f9e___Matt.S_CG 6455.JPG,14,14,Septoria_leaf_spot,Septoria_leaf_spot,0.9999999
5640ae4e91d230f2eb99900ca6163d34,PV_data/Tomato___Septoria_leaf_spot/2d9f575c-7ce7-43d7-be22-fbbf53361ba5___Matt.S_CG 6855.JPG,14,14,Septoria_leaf_spot,Septoria_leaf_spot,0.9999901
e81056f43121446fbf04dac2f32fb532,PV_data/Tomato___Septoria_leaf_spot/2f161206-d4aa-4e2a-a0a5-96213d42198d___JR_Sept.L.S 2589.JPG,14,14,Septoria_leaf_spot,Septoria_leaf_spot,1.0
ba9adfcbabff516dedec168eda453e77,PV_data/Tomato___Septoria_leaf_spot/2ff033e7-73ea-49aa-b81a-164963cc464d___Matt.S_CG 6638.JPG,14,14,Septoria_leaf_spot,Septoria_leaf_spot,0.9999988
1f3b84b8a3c17aba0cba31a62614c6e0,PV_data/Tomato___Septoria_leaf_spot/307cde75-e918-464c-9bfc-74ce97c621b4___Matt.S_CG 7810.JPG,14,14,Septoria_leaf_spot,Septoria_leaf_spot,0.99999976
a189e6969f851c7f06924c5ff493afbd,PV_data/Tomato___Septoria_leaf_spot/30da823e-3ffd-4ccb-a10f-680a232ae284___Matt.S_CG 2756.JPG,14,14,Septoria_leaf_spot,Septoria_leaf_spot,1.0
17a48423e43935388ff137c48693db8b,PV_data/Tomato___Septoria_leaf_spot/31aa2d68-efd3-4b8a-a320-1ebb2dc7a4dd___Matt.S_CG 7571.JPG,14,14,Septoria_leaf_spot,Septoria_leaf_spot,0.99941003
85bca9d361689c76282649b497e81088,PV_data/Tomato___Septoria_leaf_spot/32106b67-e151-43ea-9ef1-63515e971e90___Matt.S_CG 7834.JPG,14,14,Septoria_leaf_spot,Septoria_leaf_spot,0.9999975
a445cace5f2bc3f4993f8d4a0afd8216,PV_data/Tomato___Septoria_leaf_spot/321f1ae4-f088-44c1-aaaa-19283d863fda___Matt.S_CG 1613.JPG,14,6,Septoria_leaf_spot,Early_blight,0.82494706
4c42d28e8dc5944c156a2ca047a4341a,PV_data/Tomato___Septoria_leaf_spot/32839ce2-35bd-4352-9d5d-1c4c6713cd9b___JR_Sept.L.S 8405.JPG,14,14,Septoria_leaf_spot,Septoria_leaf_spot,0.9985054
7ef481c969a226dd72d00419f8fcb2ce,PV_data/Tomato___Septoria_leaf_spot/32acbdf3-0c99-4a5d-b40e-f5dd906ba4ec___JR_Sept.L.S 2494.JPG,14,14,Septoria_leaf_spot,Septoria_leaf_spot,1.0
0721293f4134dc007fc4ac3e27eb5969,PV_data/Tomato___Septoria_leaf_spot/32f83811-fa53-479e-86de-057cd79d7eba___Matt.S_CG 2758.JPG,14,14,Septoria_leaf_spot,Septoria_leaf_spot,1.0
e1a39c087099d922e8fabf0aa6f765f7,PV_data/Tomato___Septoria_leaf_spot/34406ab3-1cfb-4ae4-bd6e-85355247d251___Matt.S_CG 7430.JPG,14,14,Septoria_leaf_spot,Septoria_leaf_spot,0.9999995
2878bccaa5fb56678abcda10d82fd3dc,PV_data/Tomato___Septoria_leaf_spot/3551440d-d4bd-4da7-8bac-345fec2c55ee___Matt.S_CG 1451.JPG,14,14,Septoria_leaf_spot,Septoria_leaf_spot,0.9934796
7b000588f1dc69552dc31a4ac852c25f,PV_data/Tomato___Septoria_leaf_spot/360b7f05-4513-42cb-aaf2-03e1e5473fa3___Matt.S_CG 1258.JPG,14,14,Septoria_leaf_spot,Septoria_leaf_spot,0.9999987
9220fe4cdcd0fe26d4dbf0d13865f675,PV_data/Tomato___Septoria_leaf_spot/36d0b778-94d1-4475-a513-d0611131a996___Keller.St_CG 1892.JPG,14,14,Septoria_leaf_spot,Septoria_leaf_spot,1.0
6cd0342ded92a6223dd9bd5fe7dfefe8,PV_data/Tomato___Septoria_leaf_spot/36ffef9d-4f3f-44df-bf6c-1636efcba224___Keller.St_CG 1812.JPG,14,14,Septoria_leaf_spot,Septoria_leaf_spot,0.99994385
4e3e28a9c92f8c49dfed6b11c3d31bcf,PV_data/Tomato___Septoria_leaf_spot/3c128fd7-83d2-4202-b612-7e29f1ac4357___Matt.S_CG 2437.JPG,14,14,Septoria_leaf_spot,Septoria_leaf_spot,0.9999999
4878407daa6dd3821de512fcfad1a89c,PV_data/Tomato___Septoria_leaf_spot/3c27af36-d824-4251-97ca-0dc1f0c60d61___Matt.S_CG 7685.JPG,14,14,Septoria_leaf_spot,Septoria_leaf_spot,0.99867105
4a2a0e0ef541499754ec4d3b349b47a3,PV_data/Tomato___Septoria_leaf_spot/3d91b473-6309-4310-9acd-e66dacaf789f___Keller.St_CG 1991.JPG,14,14,Septoria_leaf_spot,Septoria_leaf_spot,0.99999976
05fcbb5034c26fbc101d7ff9b952745c,PV_data/Tomato___Septoria_leaf_spot/3dd0d199-7106-4d78-8594-18d01a00aff3___JR_Sept.L.S 8539.JPG,14,14,Septoria_leaf_spot,Septoria_leaf_spot,0.9999999
bc5f5f2022acc1c67cc5569face443fb,PV_data/Tomato___Septoria_leaf_spot/3ed40b55-9410-41c7-91cd-1e2f771d5888___Matt.S_CG 7723.JPG,14,14,Septoria_leaf_spot,Septoria_leaf_spot,0.9992931
11ba767daa05b9767b8f827815fa1480,PV_data/Tomato___Septoria_leaf_spot/3f6c0ef0-068b-4566-a643-9a368d50bdc4___JR_Sept.L.S 8380.JPG,14,14,Septoria_leaf_spot,Septoria_leaf_spot,0.99425477
fde6adf2da5cdef418ba2ef70ffa8d97,PV_data/Tomato___Septoria_leaf_spot/4098a908-25be-4759-9248-bf5d66844081___Matt.S_CG 6650.JPG,14,14,Septoria_leaf_spot,Septoria_leaf_spot,0.9999956
0d5a733432805e0d10a717e0671b9fce,PV_data/Tomato___Septoria_leaf_spot/4155b13b-7c41-494e-8550-497acc32bb83___Matt.S_CG 1706.JPG,14,14,Septoria_leaf_spot,Septoria_leaf_spot,0.9999182
a8c8eb417a71d47a713e37de33983981,PV_data/Tomato___Septoria_leaf_spot/41efe5a6-94ca-4761-8543-fd42b09dc4a8___Matt.S_CG 6303.JPG,14,14,Septoria_leaf_spot,Septoria_leaf_spot,0.9999995
fe4b0f421f34c5258203204db0e92fe1,PV_data/Tomato___Septoria_leaf_spot/459141fb-4e81-4e44-a66a-0d4a629fa755___Matt.S_CG 2516.JPG,14,14,Septoria_leaf_spot,Septoria_leaf_spot,0.9997897
d9e966104859ef4e6cfcdba95b42b5e1,PV_data/Tomato___Septoria_leaf_spot/4a2f0e3e-8769-4550-a111-7755bc2c74db___Matt.S_CG 7846.JPG,14,14,Septoria_leaf_spot,Septoria_leaf_spot,0.99998426
4682f90f0409276bd25fcdfd6312eff4,PV_data/Tomato___Septoria_leaf_spot/4a699992-4610-4a4f-98d3-942fc402731a___Matt.S_CG 2679.JPG,14,14,Septoria_leaf_spot,Septoria_leaf_spot,1.0
19b01d5580e5c28ef0c3c51000ad8788,PV_data/Tomato___Septoria_leaf_spot/4ae88e50-d807-45d7-b587-5242a2464764___JR_Sept.L.S 2618.JPG,14,14,Septoria_leaf_spot,Septoria_leaf_spot,1.0
428dd655c7290a78dc0282aa626a72dd,PV_data/Tomato___Septoria_leaf_spot/4ca205ed-57b5-4d2a-ba00-a706e9b9ffed___Keller.St_CG 1966.JPG,14,14,Septoria_leaf_spot,Septoria_leaf_spot,1.0
36c36f6be92d00a86f04539bb6e2149a,PV_data/Tomato___Septoria_leaf_spot/4cf0ee3d-a8b5-47f5-be25-e578d60b6cfd___Matt.S_CG 7373.JPG,14,14,Septoria_leaf_spot,Septoria_leaf_spot,0.9999192
7293afb780c5bc785fa5e6f639b4b525,PV_data/Tomato___Septoria_leaf_spot/4d19cd34-0257-4c33-99eb-c1036c018b71___Matt.S_CG 7843.JPG,14,14,Septoria_leaf_spot,Septoria_leaf_spot,0.99999976
3852ec09196fe40993b289cafd06bc16,PV_data/Tomato___Septoria_leaf_spot/4dca99fe-1184-4728-874c-f902bc48f934___JR_Sept.L.S 8453.JPG,14,14,Septoria_leaf_spot,Septoria_leaf_spot,0.99999356
37beba20e8a78bc9aaa02c97e91c3147,PV_data/Tomato___Septoria_leaf_spot/4f35adfa-03b3-4562-b970-19548dda84d1___Matt.S_CG 2457.JPG,14,14,Septoria_leaf_spot,Septoria_leaf_spot,0.99999976
4e3c61db10961f926ebcdd6343c8fe3f,PV_data/Tomato___Septoria_leaf_spot/508b4f17-3dca-4062-abdf-e879df2eda55___JR_Sept.L.S 8505.JPG,14,14,Septoria_leaf_spot,Septoria_leaf_spot,0.9999589
a5ef563140a3434dab8646580b3b1f0d,PV_data/Tomato___Septoria_leaf_spot/51357363-ec5f-4e60-a8ad-43911cd15c16___Matt.S_CG 7854.JPG,14,14,Septoria_leaf_spot,Septoria_leaf_spot,0.99999964
0881885a2225d01fc01be3ad3c1eebaa,PV_data/Tomato___Septoria_leaf_spot/515d2953-6f85-4c09-b259-4c867b9e9fb2___Matt.S_CG 6217.JPG,14,14,Septoria_leaf_spot,Septoria_leaf_spot,1.0
509c69ea5a7bb5ef773492a9ea4cca76,PV_data/Tomato___Septoria_leaf_spot/517f61e6-4754-4c31-939b-cfa16d655b71___Matt.S_CG 6320.JPG,14,14,Septoria_leaf_spot,Septoria_leaf_spot,0.9999356
795d8895e9d0d13ee7e6d8c841233a60,PV_data/Tomato___Septoria_leaf_spot/52b3119d-4f5e-41b0-948f-7a1d3b1341eb___JR_Sept.L.S 8495.JPG,14,15,Septoria_leaf_spot,Spider_mites Two-spotted_spider_mite,0.9739543
b83a4666bbf05c66a05b57707b6311e1,PV_data/Tomato___Septoria_leaf_spot/531f8d45-f21f-4e5e-ad6f-0f4e64440b58___Keller.St_CG 1899.JPG,14,14,Septoria_leaf_spot,Septoria_leaf_spot,1.0
e30b26eb9e688feb8a819266355e5443,PV_data/Tomato___Septoria_leaf_spot/5357b085-dcfe-4a9f-8e69-98b2481c8f7e___JR_Sept.L.S 8471.JPG,14,14,Septoria_leaf_spot,Septoria_leaf_spot,0.9868249
411d7a637dcf5ea0268e1d836a8aab69,PV_data/Tomato___Septoria_leaf_spot/536674c5-35b0-4427-8478-27a6e81d94da___Keller.St_CG 2017.JPG,14,14,Septoria_leaf_spot,Septoria_leaf_spot,0.99999833
57eae3225cf3d167ed3daeb6683da83d,PV_data/Tomato___Septoria_leaf_spot/53a7965b-5e0e-41a6-a65a-cd6833f68087___Keller.St_CG 1968.JPG,14,14,Septoria_leaf_spot,Septoria_leaf_spot,1.0
f4e7178f72f4dcb76218afeb2cf38939,PV_data/Tomato___Septoria_leaf_spot/5418736d-c947-4cdc-b82c-692de712880a___JR_Sept.L.S 2619.JPG,14,14,Septoria_leaf_spot,Septoria_leaf_spot,1.0
5a81db0c43babe5963911840d731b408,PV_data/Tomato___Septoria_leaf_spot/548506b9-119b-47a9-b5c6-7c13abb7887b___Keller.St_CG 1811.JPG,14,14,Septoria_leaf_spot,Septoria_leaf_spot,0.99421704
b4647e42efbd36e5f6271777ce2bb831,PV_data/Tomato___Septoria_leaf_spot/56aea38d-2fda-4328-9b47-c185a72fc73f___Matt.S_CG 7755.JPG,14,14,Septoria_leaf_spot,Septoria_leaf_spot,1.0
f93ddb8524b61f6e109160fe0b61433f,PV_data/Tomato___Septoria_leaf_spot/56d9c252-fe48-4a39-8264-8bfce1f8ba2a___JR_Sept.L.S 2562.JPG,14,14,Septoria_leaf_spot,Septoria_leaf_spot,0.99996245
7f6c09340b7c60b1438005eff5c7e154,PV_data/Tomato___Septoria_leaf_spot/571f27fb-8d57-4d5e-8963-928e9960b18b___Keller.St_CG 1833.JPG,14,14,Septoria_leaf_spot,Septoria_leaf_spot,0.99999976
568e7fa85c460fb87cec0a0a91b6d006,PV_data/Tomato___Septoria_leaf_spot/583887a3-a071-4735-8d92-821d1f2e5ef0___Matt.S_CG 6045.JPG,14,14,Septoria_leaf_spot,Septoria_leaf_spot,0.99999905
a1d1b38607a80502d00bbf6c6639338b,PV_data/Tomato___Septoria_leaf_spot/5861c715-d027-48e4-accd-b54ea2f52195___Matt.S_CG 6377.JPG,14,14,Septoria_leaf_spot,Septoria_leaf_spot,0.99999964
fe49936d029dd0def51b33b4caf1a455,PV_data/Tomato___Septoria_leaf_spot/58e242dd-6204-4a64-a520-e50d1f61c326___Keller.St_CG 1956.JPG,14,14,Septoria_leaf_spot,Septoria_leaf_spot,1.0
16a02b7251fcf2f984b2dda6a67bea8d,PV_data/Tomato___Septoria_leaf_spot/595a0cc2-9889-4d21-a2a7-eebce965e141___Matt.S_CG 7400.JPG,14,14,Septoria_leaf_spot,Septoria_leaf_spot,0.9999999
2e3cf414ceb2f82ab33e2d90c1a9794c,PV_data/Tomato___Septoria_leaf_spot/598ba6a8-8887-4d61-97b7-5a0814aa8e2f___Matt.S_CG 7637.JPG,14,14,Septoria_leaf_spot,Septoria_leaf_spot,1.0
946f707f52fc42706abe6f5233d01338,PV_data/Tomato___Septoria_leaf_spot/59a17e56-9717-4eaa-857d-e7511f00b633___Matt.S_CG 1027.JPG,14,14,Septoria_leaf_spot,Septoria_leaf_spot,0.9999982
540104b7501c52eb22fe6558d75ab365,PV_data/Tomato___Septoria_leaf_spot/5b1c13ef-e560-4479-869c-8d52ac4cf559___JR_Sept.L.S 2517.JPG,14,14,Septoria_leaf_spot,Septoria_leaf_spot,0.99999976
73bfb522a8e3ce1abc9fe34df35cf4a8,PV_data/Tomato___Septoria_leaf_spot/5be70ee0-f463-488c-b0e5-377994a0cf45___JR_Sept.L.S 2502.JPG,14,14,Septoria_leaf_spot,Septoria_leaf_spot,0.9998771
27b58bce9fd5e4669cb4dae211668472,PV_data/Tomato___Septoria_leaf_spot/5bf5bfc0-8efe-4f29-814d-c6e594af2ba2___Matt.S_CG 7844.JPG,14,14,Septoria_leaf_spot,Septoria_leaf_spot,0.9999881
4663419e3bd3548366b2d0685ce490eb,PV_data/Tomato___Septoria_leaf_spot/5c2f5353-dfee-4a06-83a9-55b219eca458___Matt.S_CG 1262.JPG,14,14,Septoria_leaf_spot,Septoria_leaf_spot,0.9999988
d9f247c9c9ff805727307045316030e0,PV_data/Tomato___Septoria_leaf_spot/5d323cba-03e6-402c-b2fd-19d00f751c31___Matt.S_CG 6742.JPG,14,14,Septoria_leaf_spot,Septoria_leaf_spot,1.0
b13ad021e280a30957ffa0d932bbde9a,PV_data/Tomato___Septoria_leaf_spot/5d6bdcbf-b75a-4562-917f-4d902fa3b6b0___JR_Sept.L.S 2620.JPG,14,14,Septoria_leaf_spot,Septoria_leaf_spot,1.0
392cd76bccd5af2aefc447aaaf4e3500,PV_data/Tomato___Septoria_leaf_spot/5f6a639a-a545-4778-b5e8-c45a62cacfe2___Matt.S_CG 0812.JPG,14,14,Septoria_leaf_spot,Septoria_leaf_spot,0.9999995
2f59a6de13b63f2e8e3a4f2697316d7f,PV_data/Tomato___Septoria_leaf_spot/619ccfba-56c4-4750-b920-7c7314f78b7c___Matt.S_CG 6908.JPG,14,14,Septoria_leaf_spot,Septoria_leaf_spot,0.99997246
275c6f3468e967504cf6b5d8c8297716,PV_data/Tomato___Septoria_leaf_spot/61edf176-f7f8-4f52-a73d-5b40711b93b6___Matt.S_CG 0873.JPG,14,14,Septoria_leaf_spot,Septoria_leaf_spot,0.99999917
0497839f744a1a238c9f06fa9488b10a,PV_data/Tomato___Septoria_leaf_spot/62b56c32-fdd9-41c4-bf32-46b53d3c6ece___JR_Sept.L.S 2483.JPG,14,14,Septoria_leaf_spot,Septoria_leaf_spot,1.0
f9cbc0f0b87757adad64bba1f69588ed,PV_data/Tomato___Septoria_leaf_spot/6364e000-312d-4b62-8d7c-d5e0d33e37e3___Matt.S_CG 7382.JPG,14,14,Septoria_leaf_spot,Septoria_leaf_spot,0.99612445
89ee1a1499d25f83d1899e29778296d2,PV_data/Tomato___Septoria_leaf_spot/63f2b877-9787-4da3-af27-350609736524___Matt.S_CG 2863.JPG,14,14,Septoria_leaf_spot,Septoria_leaf_spot,0.99822026
9908bc017d70b881334ce61821cd0bb9,PV_data/Tomato___Septoria_leaf_spot/640cbf80-38f9-44e4-a14d-07dcf7effcf2___JR_Sept.L.S 8364.JPG,14,14,Septoria_leaf_spot,Septoria_leaf_spot,0.99921966
dcc7d8f548912f5925ca0709a03d7cf9,PV_data/Tomato___Septoria_leaf_spot/64c0b28c-5985-44cb-9891-a728c2acda7a___JR_Sept.L.S 8467.JPG,14,14,Septoria_leaf_spot,Septoria_leaf_spot,0.99970967
ea6be629662d4338f5d4e24a226de011,PV_data/Tomato___Septoria_leaf_spot/654d6822-7309-4154-8662-2b3a2d38d49c___Matt.S_CG 7700.JPG,14,14,Septoria_leaf_spot,Septoria_leaf_spot,0.9999989
dc4c92585fe4b49b1e51130a9ef5e7df,PV_data/Tomato___Septoria_leaf_spot/663f412f-6bb7-4e89-aac6-683d87e92638___JR_Sept.L.S 8376.JPG,14,14,Septoria_leaf_spot,Septoria_leaf_spot,0.99997354
8121583c9ae4aac66d951b62e4d582e9,PV_data/Tomato___Septoria_leaf_spot/6bda66a5-562c-4ad9-9e14-7d76dcbd4eef___Keller.St_CG 1880.JPG,14,14,Septoria_leaf_spot,Septoria_leaf_spot,0.99998987
2bf50ac223251ac50bbfd3b0051c96e5,PV_data/Tomato___Septoria_leaf_spot/6c9cd159-1f95-4459-a308-fde523b58c89___Matt.S_CG 7559.JPG,14,14,Septoria_leaf_spot,Septoria_leaf_spot,1.0
71cb517e0fc2fe70bb2fbc9aee8f9640,PV_data/Tomato___Septoria_leaf_spot/6d1173c5-9374-46a5-ba0d-e2f72b95e6b2___Matt.S_CG 7851.JPG,14,14,Septoria_leaf_spot,Septoria_leaf_spot,1.0
d12d14645e51777625506bdb0def8b49,PV_data/Tomato___Septoria_leaf_spot/6e585c69-cde5-4a6c-ac40-24951f72e16a___Keller.St_CG 1964.JPG,14,14,Septoria_leaf_spot,Septoria_leaf_spot,0.9999777
856d755ca19862b26fb5219aa3cb977b,PV_data/Tomato___Septoria_leaf_spot/6e99980a-8268-46ae-8f19-301f7b674638___Matt.S_CG 6073.JPG,14,14,Septoria_leaf_spot,Septoria_leaf_spot,0.9999267
efa1aec207e803f37875d532fc241219,PV_data/Tomato___Septoria_leaf_spot/6ff464c8-6ac2-451e-99e4-6135aecf869d___JR_Sept.L.S 8392.JPG,14,14,Septoria_leaf_spot,Septoria_leaf_spot,0.99990773
612346768e401778e15f7268b50930b2,PV_data/Tomato___Septoria_leaf_spot/720e357b-bde1-421f-99b2-27a22068baef___Keller.St_CG 1982.JPG,14,14,Septoria_leaf_spot,Septoria_leaf_spot,1.0
80bfcb320c6392ff68157713d051d20c,PV_data/Tomato___Septoria_leaf_spot/722659bb-4ce3-4f02-9799-8adb171d194f___JR_Sept.L.S 8511.JPG,14,14,Septoria_leaf_spot,Septoria_leaf_spot,0.99999404
0f2f047ad42ccdb3f5d5c649b14ca48c,PV_data/Tomato___Septoria_leaf_spot/72f326dd-6a14-436f-968e-9d5083114444___Matt.S_CG 6880.JPG,14,14,Septoria_leaf_spot,Septoria_leaf_spot,0.7295171
ac8cc519bfec45ed75195d50e448f233,PV_data/Tomato___Septoria_leaf_spot/748290c1-48f9-46ab-bf30-70db00d1aa76___JR_Sept.L.S 2547.JPG,14,14,Septoria_leaf_spot,Septoria_leaf_spot,0.9999993
64b1a79968ccf515948616e6dfb65ce7,PV_data/Tomato___Septoria_leaf_spot/752557e9-4f69-4faa-888e-2fcf32747c5a___Matt.S_CG 6542.JPG,14,14,Septoria_leaf_spot,Septoria_leaf_spot,0.9999995
0871994d9d5dd991204401a69c894acf,PV_data/Tomato___Septoria_leaf_spot/75256fc4-c3de-44a1-986d-176daec56c4d___Keller.St_CG 1940.JPG,14,14,Septoria_leaf_spot,Septoria_leaf_spot,0.99999976
8fbd54040886e00374c2fef86e13400b,PV_data/Tomato___Septoria_leaf_spot/75eef67a-dfe2-425f-a14f-a58ce71856da___Matt.S_CG 6280.JPG,14,14,Septoria_leaf_spot,Septoria_leaf_spot,0.99999154
507d78fb611d167f56095fe9ba28f788,PV_data/Tomato___Septoria_leaf_spot/76b83f30-d02f-4f03-b851-1af093f49bf4___Matt.S_CG 7540.JPG,14,14,Septoria_leaf_spot,Septoria_leaf_spot,1.0
5c151bc36fb0c753e348186bbf37ce90,PV_data/Tomato___Septoria_leaf_spot/76d19414-641c-4c03-8039-52bc491ca7a3___Matt.S_CG 7606.JPG,14,14,Septoria_leaf_spot,Septoria_leaf_spot,1.0
6fb3bef70b6bcb2492145aa05a2003f7,PV_data/Tomato___Septoria_leaf_spot/796b5446-9007-427b-8ac0-2264a67569e0___Matt.S_CG 6541.JPG,14,14,Septoria_leaf_spot,Septoria_leaf_spot,0.9999999
715d8a63d1c466180d9587fc9c06fc65,PV_data/Tomato___Septoria_leaf_spot/7a469155-1492-4f16-b352-d4e99b3e94a2___Matt.S_CG 0838.JPG,14,14,Septoria_leaf_spot,Septoria_leaf_spot,0.99999714
64f5978d760878b59ce52fbd6ec65e0d,PV_data/Tomato___Septoria_leaf_spot/7a7c032c-bc58-43c0-9bf7-26be8baf2660___Matt.S_CG 7605.JPG,14,14,Septoria_leaf_spot,Septoria_leaf_spot,0.9759871
69084ae1fb7001387edf7d4c68053837,PV_data/Tomato___Septoria_leaf_spot/7b0a795b-c370-40fe-b7ab-8308f73bee07___Matt.S_CG 6691.JPG,14,14,Septoria_leaf_spot,Septoria_leaf_spot,0.9999753
be848a528c2e38e1fe90e0a699fdcfa8,PV_data/Tomato___Septoria_leaf_spot/7cb27fc3-c967-4734-8c81-cabbcd7d322f___Keller.St_CG 2003.JPG,14,14,Septoria_leaf_spot,Septoria_leaf_spot,0.9999999
890a82e682913a2249074ab6c2b4ef5d,PV_data/Tomato___Septoria_leaf_spot/7e5e84fb-af42-40b6-b2aa-d7e6bc569b1f___Matt.S_CG 7435.JPG,14,14,Septoria_leaf_spot,Septoria_leaf_spot,0.9999995
93bdb44eec284dc5a2ab35ebd64e5147,PV_data/Tomato___Septoria_leaf_spot/7ed442ab-2005-4fe8-98a6-82b1b4d7f1a9___Keller.St_CG 1843.JPG,14,14,Septoria_leaf_spot,Septoria_leaf_spot,1.0
8a9c94e5d051d575b00dc6daf2944519,PV_data/Tomato___Septoria_leaf_spot/809498be-366e-420a-9351-9d7ec1916a4e___Matt.S_CG 7731.JPG,14,14,Septoria_leaf_spot,Septoria_leaf_spot,0.9866251
07fcc478a6e0b39895ed863823dc2f95,PV_data/Tomato___Septoria_leaf_spot/817905e4-d07e-43d3-8b2a-d7819a62abaa___Matt.S_CG 7729.JPG,14,14,Septoria_leaf_spot,Septoria_leaf_spot,0.9993344
1ddf5e1a7925d2a8e11dae4ab19f0ec8,PV_data/Tomato___Septoria_leaf_spot/81f3e04f-af99-460f-ae34-f5c34cb623f9___Matt.S_CG 7772.JPG,14,14,Septoria_leaf_spot,Septoria_leaf_spot,0.99744356
4288e4015b3104a7218cb91617c912a6,PV_data/Tomato___Septoria_leaf_spot/81fef07c-7c55-4d6c-a933-d9ae0134d156___Matt.S_CG 6796.JPG,14,14,Septoria_leaf_spot,Septoria_leaf_spot,1.0
c47b823cfef3972e2d47aa3a8c69f080,PV_data/Tomato___Septoria_leaf_spot/86069a9f-3334-496c-a6bb-6e77a138a3b9___Matt.S_CG 2519.JPG,14,14,Septoria_leaf_spot,Septoria_leaf_spot,0.9998779
a405133cb76a8e0769397396cda567cc,PV_data/Tomato___Septoria_leaf_spot/86726614-43a7-445c-a854-153e3830cbcc___Matt.S_CG 7686.JPG,14,14,Septoria_leaf_spot,Septoria_leaf_spot,0.9999993
887f78a9065ed461e2511f490e347d6e,PV_data/Tomato___Septoria_leaf_spot/88e8a252-4b4c-4934-ba84-2ad909072d66___Matt.S_CG 6322.JPG,14,14,Septoria_leaf_spot,Septoria_leaf_spot,0.99988663
0bd62ead28260bed2471b5b5c97a9fa3,PV_data/Tomato___Septoria_leaf_spot/8b9ca191-719d-40cf-9077-89d9534dee6b___JR_Sept.L.S 8457.JPG,14,14,Septoria_leaf_spot,Septoria_leaf_spot,0.99998164
0863f299bf109dc415fc658a46e8efec,PV_data/Tomato___Septoria_leaf_spot/8bcfea5e-26a6-4a7a-9a36-068298b89029___JR_Sept.L.S 8429.JPG,14,16,Septoria_leaf_spot,Target_Spot,0.69505423
587c697512674fd8ae912b5d098406ae,PV_data/Tomato___Septoria_leaf_spot/8cfa4da1-02a0-4d53-80cb-ca8f92b05f47___Matt.S_CG 2880.JPG,14,14,Septoria_leaf_spot,Septoria_leaf_spot,0.99999976
26de064037e010fcf8ef976406c2d36e,PV_data/Tomato___Septoria_leaf_spot/8d9de432-48bb-4a21-9288-6ea97064edb8___Keller.St_CG 1917.JPG,14,14,Septoria_leaf_spot,Septoria_leaf_spot,0.9999987
6bbfe15312d54014bb945a6898a370cc,PV_data/Tomato___Septoria_leaf_spot/8ddc7884-3f79-4284-8b11-bd68e156c5bf___Matt.S_CG 6554.JPG,14,14,Septoria_leaf_spot,Septoria_leaf_spot,1.0
21484a62d38100f996de919de2f4ec7e,PV_data/Tomato___Septoria_leaf_spot/8e5a724e-60a2-4cb7-9c77-639c36739b20___Matt.S_CG 7398.JPG,14,14,Septoria_leaf_spot,Septoria_leaf_spot,0.9999995
b8f3803b234df59672de524703a7fbda,PV_data/Tomato___Septoria_leaf_spot/8eb8581e-fe35-432a-bb91-6e4d01e20d86___Matt.S_CG 7696.JPG,14,14,Septoria_leaf_spot,Septoria_leaf_spot,0.828607
668068f693966cb60de0b8eb9f6117ba,PV_data/Tomato___Septoria_leaf_spot/8f8c3234-855a-4841-8ec0-5d644ba8743a___JR_Sept.L.S 8506.JPG,14,14,Septoria_leaf_spot,Septoria_leaf_spot,0.99999416
81ef2d5255be739ce85771b5727706fe,PV_data/Tomato___Septoria_leaf_spot/90aea036-5a0f-49da-b344-118c8b108c84___Matt.S_CG 7767.JPG,14,14,Septoria_leaf_spot,Septoria_leaf_spot,1.0
e6de5b2b7f867a631a26f4f30c4f1f9d,PV_data/Tomato___Septoria_leaf_spot/92fbce1f-9e6e-4eaa-9161-4ed4f7a511dd___JR_Sept.L.S 2609.JPG,14,14,Septoria_leaf_spot,Septoria_leaf_spot,0.9999715
74c7f94021a572156e1527e171443f62,PV_data/Tomato___Septoria_leaf_spot/94473aa8-8533-4c7c-8651-d3e4c63d7c9d___JR_Sept.L.S 8434.JPG,14,14,Septoria_leaf_spot,Septoria_leaf_spot,0.9999939
774f5d4dd6ec6bf2d7dab0be74f1abcc,PV_data/Tomato___Septoria_leaf_spot/944d1a18-653e-4f97-9ecb-ed8de360de7a___Matt.S_CG 0663.JPG,14,14,Septoria_leaf_spot,Septoria_leaf_spot,0.999998
d2018f577a65dc6e240d13aa49ce4eb2,PV_data/Tomato___Septoria_leaf_spot/9472f447-6fe5-40f2-a25a-847323e8ca6c___JR_Sept.L.S 2624.JPG,14,14,Septoria_leaf_spot,Septoria_leaf_spot,1.0
9cae31aec5a6f6673d051f374ee309ea,PV_data/Tomato___Septoria_leaf_spot/94f6e97d-5aee-44eb-a1bc-8699e05f71d8___Keller.St_CG 1927.JPG,14,14,Septoria_leaf_spot,Septoria_leaf_spot,0.99999964
49f3d5c7c891474055b27f2ad3ff51e1,PV_data/Tomato___Septoria_leaf_spot/952f14ea-6697-4361-897f-a3123c69b7e4___Matt.S_CG 2790.JPG,14,14,Septoria_leaf_spot,Septoria_leaf_spot,0.9999949
c8dd2252251997c51e8e68783fa9026d,PV_data/Tomato___Septoria_leaf_spot/95824292-d97c-45aa-942f-3160e5263282___Matt.S_CG 2438.JPG,14,14,Septoria_leaf_spot,Septoria_leaf_spot,1.0
59b60fc1e0fd5bfa1e8b9021191a8ff1,PV_data/Tomato___Septoria_leaf_spot/972264b7-6644-4e88-b1a7-fac8a1d4e139___Matt.S_CG 7649.JPG,14,14,Septoria_leaf_spot,Septoria_leaf_spot,0.9999547
9378ea3b068d9ea8424e53e130b0b3c8,PV_data/Tomato___Septoria_leaf_spot/97681802-8ef1-491a-ac56-a9772fdb4906___JR_Sept.L.S 8520.JPG,14,14,Septoria_leaf_spot,Septoria_leaf_spot,0.9985964
ed6fb27aec85fad2609a6a522266e4df,PV_data/Tomato___Septoria_leaf_spot/97e6d900-b2e6-49b8-8e76-07404a986370___Matt.S_CG 6715.JPG,14,14,Septoria_leaf_spot,Septoria_leaf_spot,0.7768469
f329c9aaf8adb749d782256d645d910e,PV_data/Tomato___Septoria_leaf_spot/98da1654-e91d-48d7-931c-9642d46a9f77___JR_Sept.L.S 2634.JPG,14,14,Septoria_leaf_spot,Septoria_leaf_spot,1.0
8f47aec1432a6e2d30bc3fb456ce25f4,PV_data/Tomato___Septoria_leaf_spot/9a14bf02-01b4-4107-9254-998b5967e209___Matt.S_CG 6194.JPG,14,14,Septoria_leaf_spot,Septoria_leaf_spot,1.0
c6fcdf7a51222d7a5dd7f58ceac72475,PV_data/Tomato___Septoria_leaf_spot/9aab8016-705b-4333-b05c-cd3e0fb07849___Matt.S_CG 6358.JPG,14,14,Septoria_leaf_spot,Septoria_leaf_spot,0.9999294
67ab2ada9087bb7df9ae29e6173e00e4,PV_data/Tomato___Septoria_leaf_spot/9b545b69-98e0-461b-a822-b95ffef9821f___Matt.S_CG 6327.JPG,14,14,Septoria_leaf_spot,Septoria_leaf_spot,0.9999927
d613f4351f8642100096d27571bcdde2,PV_data/Tomato___Septoria_leaf_spot/9ba317fe-1487-4501-91c3-c84f86ae6832___Keller.St_CG 1798.JPG,14,14,Septoria_leaf_spot,Septoria_leaf_spot,1.0
1460f8192811f4643e65066f388fa095,PV_data/Tomato___Septoria_leaf_spot/9cb69cf5-1929-4a4a-9e6a-bac5596a22fd___JR_Sept.L.S 2489.JPG,14,14,Septoria_leaf_spot,Septoria_leaf_spot,0.99997914
8f21f4613fa57daf74e0f378b7107711,PV_data/Tomato___Septoria_leaf_spot/9d8b787b-4b2f-4f54-8a2d-e0640c374fe0___Matt.S_CG 1425.JPG,14,14,Septoria_leaf_spot,Septoria_leaf_spot,0.99981177
70996cc1467817bac67c475d2f1a916d,PV_data/Tomato___Septoria_leaf_spot/9e2195c1-10fe-4dc8-8552-e2c04cb8e085___JR_Sept.L.S 2532.JPG,14,14,Septoria_leaf_spot,Septoria_leaf_spot,1.0
8de7d4c1f3433b831631df9a53bb78c9,PV_data/Tomato___Septoria_leaf_spot/9eb517fe-cc34-41d9-9ab8-fb638146707a___Matt.S_CG 7737.JPG,14,14,Septoria_leaf_spot,Septoria_leaf_spot,0.99999094
2f5f832e3ef69f0433909aaafd6a46fc,PV_data/Tomato___Septoria_leaf_spot/9f523eb3-820b-4627-b63a-8904c6b1fca0___Matt.S_CG 6704.JPG,14,14,Septoria_leaf_spot,Septoria_leaf_spot,0.9985629
a3b7eb6708b3fd0f60e1f7d39d93a3d2,PV_data/Tomato___Septoria_leaf_spot/a117ce94-cbcb-4dd9-b0f0-9293ae869a8a___Matt.S_CG 2792.JPG,14,14,Septoria_leaf_spot,Septoria_leaf_spot,0.99999774
91a3c663dbe47e49ea26336864537e67,PV_data/Tomato___Septoria_leaf_spot/a49c7f28-4b67-4d95-b79b-26a52dc8b9e5___Matt.S_CG 7583.JPG,14,14,Septoria_leaf_spot,Septoria_leaf_spot,1.0
a7c1906964f43bb5b0fa0300d80528c5,PV_data/Tomato___Septoria_leaf_spot/a80c4ed9-e82e-462f-9d29-ee1a43bb0be0___JR_Sept.L.S 8415.JPG,14,14,Septoria_leaf_spot,Septoria_leaf_spot,0.9999994
5df966d22e84e369dd6f6538dd48718a,PV_data/Tomato___Septoria_leaf_spot/a8573a9e-d9de-4a2b-835a-bd1390c1d6d9___Matt.S_CG 7463.JPG,14,14,Septoria_leaf_spot,Septoria_leaf_spot,0.99928343
60be6f05ac526a701c888183e4f273b3,PV_data/Tomato___Septoria_leaf_spot/a8ef94be-07d4-45ed-82de-d2070f14861a___JR_Sept.L.S 2554.JPG,14,14,Septoria_leaf_spot,Septoria_leaf_spot,0.9999995
cfe7cf77f9d71e1be49e6496a9ef5a94,PV_data/Tomato___Septoria_leaf_spot/a9fdfa3e-cde5-4dc8-a7a2-7484f223c250___JR_Sept.L.S 2575.JPG,14,14,Septoria_leaf_spot,Septoria_leaf_spot,0.99993396
995c9475fd00c5210871f4ca6f1edc12,PV_data/Tomato___Septoria_leaf_spot/aac82d24-d791-4ecb-83da-0624248cbb42___JR_Sept.L.S 2687.JPG,14,14,Septoria_leaf_spot,Septoria_leaf_spot,0.999059
6d30f69043b0b324940a5fec2e750784,PV_data/Tomato___Septoria_leaf_spot/ab242fd5-a0d8-4080-b2e1-15bc475c13c0___JR_Sept.L.S 2713.JPG,14,14,Septoria_leaf_spot,Septoria_leaf_spot,0.9999999
513b57b1cfbacea642c0f9f0245b3dae,PV_data/Tomato___Septoria_leaf_spot/ab772665-1f53-48d3-997b-920c0b2b385f___JR_Sept.L.S 2661.JPG,14,14,Septoria_leaf_spot,Septoria_leaf_spot,0.9985915
f63452bb2297fc6c02befef77424ce30,PV_data/Tomato___Septoria_leaf_spot/acb8c617-8f07-44b5-95bc-74c11726ace7___JR_Sept.L.S 2660.JPG,14,14,Septoria_leaf_spot,Septoria_leaf_spot,1.0
652c4bd3d9e775376b90df5a28eebad2,PV_data/Tomato___Septoria_leaf_spot/ade7f196-3468-401a-863e-8e9c026c213b___Matt.S_CG 6516.JPG,14,14,Septoria_leaf_spot,Septoria_leaf_spot,0.999637
6d56128d196cb7fd681b78d360154ff2,PV_data/Tomato___Septoria_leaf_spot/b0539521-3239-49a2-8099-2a22eabec37d___Matt.S_CG 1661.JPG,14,14,Septoria_leaf_spot,Septoria_leaf_spot,0.99998426
3bb74dd2fdb89a8263ca785e7f418fa1,PV_data/Tomato___Septoria_leaf_spot/b11ca2cb-b0eb-4ce7-831f-7a085c268ab1___JR_Sept.L.S 8543.JPG,14,14,Septoria_leaf_spot,Septoria_leaf_spot,0.7975341
100326e51a8c5c05b821cb526d634867,PV_data/Tomato___Septoria_leaf_spot/b21a2dc2-f8ba-495e-a93f-9dd1f5d51b4b___Keller.St_CG 1967.JPG,14,14,Septoria_leaf_spot,Septoria_leaf_spot,1.0
81ffef229a629ad901390a6459644d44,PV_data/Tomato___Septoria_leaf_spot/b60c29e5-b463-4eef-b9c9-0f43d0b91e17___Matt.S_CG 7721.JPG,14,14,Septoria_leaf_spot,Septoria_leaf_spot,1.0
0de89aef220693cb6d5256f2d11647a8,PV_data/Tomato___Septoria_leaf_spot/b6176eb3-1480-4d4e-b1d7-2d23e3e825c3___JR_Sept.L.S 8384.JPG,14,16,Septoria_leaf_spot,Target_Spot,0.863542
6bf6aff6b1eb56d6f437429a2378bdec,PV_data/Tomato___Septoria_leaf_spot/b6f86f03-8704-403a-909b-eeb75c8c22da___Matt.S_CG 6428.JPG,14,14,Septoria_leaf_spot,Septoria_leaf_spot,0.9999989
49fecd34db8048257dded491eacc6f87,PV_data/Tomato___Septoria_leaf_spot/b70cc78f-739a-4db0-956c-5150284651bd___Keller.St_CG 1959.JPG,14,14,Septoria_leaf_spot,Septoria_leaf_spot,0.999962
1d37df88393c18d42dba2e1015005925,PV_data/Tomato___Septoria_leaf_spot/b7eb3cc5-5960-4751-9722-56d41c5e7042___Matt.S_CG 7830.JPG,14,14,Septoria_leaf_spot,Septoria_leaf_spot,0.9999999
1e68e978d7d907b7bc948595ece69395,PV_data/Tomato___Septoria_leaf_spot/b89c2f63-53ee-4454-87b0-013f0974e8c3___Matt.S_CG 6605.JPG,14,14,Septoria_leaf_spot,Septoria_leaf_spot,0.99997354
a11d176f40ce610f1ef5c7fe304069ea,PV_data/Tomato___Septoria_leaf_spot/ba0b33b8-1915-4e1b-a979-081d7c6231e2___JR_Sept.L.S 8451.JPG,14,14,Septoria_leaf_spot,Septoria_leaf_spot,0.9999944
53dca08816480f10627dafa4b43e6637,PV_data/Tomato___Septoria_leaf_spot/ba4018a6-a7a3-4ce0-9abf-756b708e0830___Matt.S_CG 6603.JPG,14,14,Septoria_leaf_spot,Septoria_leaf_spot,0.9999962
e38a82ec2884915944b9282c6ae5f8a1,PV_data/Tomato___Septoria_leaf_spot/babbf1f0-1b1c-4618-b739-c948ecf979c5___Keller.St_CG 1767.JPG,14,14,Septoria_leaf_spot,Septoria_leaf_spot,0.99999976
a3edf59df56a66cd9d2cad32aa79b3c9,PV_data/Tomato___Septoria_leaf_spot/bb686360-bc57-41dd-b811-9625301db5f5___Keller.St_CG 1933.JPG,14,14,Septoria_leaf_spot,Septoria_leaf_spot,0.9999869
f69914ecc4c96853ab01ffbbe9af8a37,PV_data/Tomato___Septoria_leaf_spot/bbf947e8-c9ae-48b6-afae-3c19814bfb4e___JR_Sept.L.S 2526.JPG,14,14,Septoria_leaf_spot,Septoria_leaf_spot,1.0
d8de9a55551fd1fbc54c76d9e0dfe7d2,PV_data/Tomato___Septoria_leaf_spot/bcb7e120-e71a-4fd2-9e89-91631c0b5dcd___Keller.St_CG 2044.JPG,14,14,Septoria_leaf_spot,Septoria_leaf_spot,0.9997928
9172862ed05db4b819150642497d997f,PV_data/Tomato___Septoria_leaf_spot/bd443b6c-56db-4224-a879-d339563800cf___Matt.S_CG 0791.JPG,14,14,Septoria_leaf_spot,Septoria_leaf_spot,0.99983966
0a8debef1771966cc8c96dc01dfe0417,PV_data/Tomato___Septoria_leaf_spot/be9ab6a4-83d9-4039-81ba-55b2685fe74c___Keller.St_CG 1785.JPG,14,14,Septoria_leaf_spot,Septoria_leaf_spot,0.99999917
8527c7e1e29b5fce2baf2b169dadef2f,PV_data/Tomato___Septoria_leaf_spot/bee496d7-5071-457d-ae59-4a2a3f620b2e___Matt.S_CG 6083.JPG,14,14,Septoria_leaf_spot,Septoria_leaf_spot,0.99983644
4b653d0fce80db8c28822393dd773d73,PV_data/Tomato___Septoria_leaf_spot/bf59d55b-5231-42ee-9880-adae9625c00d___Keller.St_CG 1976.JPG,14,14,Septoria_leaf_spot,Septoria_leaf_spot,1.0
b5b6ab3ff4333dba79d275842ff4eb7d,PV_data/Tomato___Septoria_leaf_spot/c06b05f0-b428-45ee-bc9f-df042d171e81___JR_Sept.L.S 8529.JPG,14,14,Septoria_leaf_spot,Septoria_leaf_spot,0.9997926
8e9fb4d2cd7ce4e739ac3d699a4bcbbc,PV_data/Tomato___Septoria_leaf_spot/c091c138-173c-4c3d-8156-ef8c55e03e60___Matt.S_CG 1522.JPG,14,14,Septoria_leaf_spot,Septoria_leaf_spot,0.99999297
2e1840238fa966f25149cce1b161cab1,PV_data/Tomato___Septoria_leaf_spot/c091e80e-2855-4736-8289-6d9c5fc142d0___JR_Sept.L.S 8555.JPG,14,14,Septoria_leaf_spot,Septoria_leaf_spot,0.9999994
3b73435a1daea12562bb819678e1d64f,PV_data/Tomato___Septoria_leaf_spot/c1fdb307-b716-4638-93c6-ebf8185c5414___JR_Sept.L.S 2508.JPG,14,14,Septoria_leaf_spot,Septoria_leaf_spot,0.99999976
e6c98018302fb6bcaa3f6e6b3cdbb800,PV_data/Tomato___Septoria_leaf_spot/c2c33819-8bcc-479b-8ee0-2b2858165764___Matt.S_CG 6345.JPG,14,14,Septoria_leaf_spot,Septoria_leaf_spot,0.9999403
e1c281b5c6ba53a099d32b2dd57fe5a5,PV_data/Tomato___Septoria_leaf_spot/c363173e-e72f-4aeb-937b-29f60598736d___JR_Sept.L.S 8563.JPG,14,14,Septoria_leaf_spot,Septoria_leaf_spot,0.9998845
2f09605e4d3dab3ab4027e468b7e1894,PV_data/Tomato___Septoria_leaf_spot/c38a2c2c-8f40-4a27-83a7-c6848639fb73___Keller.St_CG 1954.JPG,14,14,Septoria_leaf_spot,Septoria_leaf_spot,0.99999976
1b44170a1b56bc86afcbb924cda2d012,PV_data/Tomato___Septoria_leaf_spot/c40c95be-dfa2-455e-abc3-64965396830f___JR_Sept.L.S 8416.JPG,14,14,Septoria_leaf_spot,Septoria_leaf_spot,0.9999399
d50262d140b13fc1a164249c5c9a50e0,PV_data/Tomato___Septoria_leaf_spot/c551c562-b93a-4b2e-9058-12519414b3ff___Matt.S_CG 2882.JPG,14,14,Septoria_leaf_spot,Septoria_leaf_spot,0.9999925
c51a70514af277a7be1d81b9cf32e926,PV_data/Tomato___Septoria_leaf_spot/c5806b61-685f-43a2-a5af-c8c9f086e7ea___Matt.S_CG 1244.JPG,14,14,Septoria_leaf_spot,Septoria_leaf_spot,0.98810333
6372df0a52466b715b4d63806e940b76,PV_data/Tomato___Septoria_leaf_spot/c6cdcab7-12bb-48e1-9434-377ef63eb24f___JR_Sept.L.S 8446.JPG,14,14,Septoria_leaf_spot,Septoria_leaf_spot,0.9999974
de6c2e6913fab8c7e1519ea544920e58,PV_data/Tomato___Septoria_leaf_spot/c8a40d22-b47a-48a3-8450-e17dafd9a095___Matt.S_CG 7610.JPG,14,14,Septoria_leaf_spot,Septoria_leaf_spot,1.0
a4d62fca5a05f1178990e37a4ada8d81,PV_data/Tomato___Septoria_leaf_spot/c94c0c06-4d30-4c10-b2dc-eed7a658a0f2___JR_Sept.L.S 8514.JPG,14,14,Septoria_leaf_spot,Septoria_leaf_spot,0.999997
d3695e7279f2ffb667ea46d74928fea8,PV_data/Tomato___Septoria_leaf_spot/ca44932f-3eb4-4a00-8cdd-33a9f715b171___JR_Sept.L.S 2710.JPG,14,14,Septoria_leaf_spot,Septoria_leaf_spot,0.9995795
e6dda632c33e34e1dc3ccfaaf6c004ae,PV_data/Tomato___Septoria_leaf_spot/ca8982f7-f569-4f25-a4c5-7a4090d8418f___Matt.S_CG 7461.JPG,14,14,Septoria_leaf_spot,Septoria_leaf_spot,0.9999957
9db9de3be271c512914d9eef297134ad,PV_data/Tomato___Septoria_leaf_spot/cba8fd06-5896-4944-a6d5-77300f74f11d___Keller.St_CG 1948.JPG,14,14,Septoria_leaf_spot,Septoria_leaf_spot,0.99999976
be13b4b6823855d2bde8e5c8f1b9842c,PV_data/Tomato___Septoria_leaf_spot/cc446d29-cb74-4c2d-b9c4-a08632ea045b___Matt.S_CG 7850.JPG,14,14,Septoria_leaf_spot,Septoria_leaf_spot,0.99999976
c85954bfb31d8c7fd3649c81ca5b5955,PV_data/Tomato___Septoria_leaf_spot/ccfd6b0f-5f54-45ea-8567-cf0cc63403bf___Matt.S_CG 2568.JPG,14,14,Septoria_leaf_spot,Septoria_leaf_spot,0.99999607
5fd514344f3759b28c82428cf1fe95ca,PV_data/Tomato___Septoria_leaf_spot/cda009cd-6374-4de5-af6c-de0b1bf35758___Keller.St_CG 1969.JPG,14,14,Septoria_leaf_spot,Septoria_leaf_spot,1.0
dda6aa840987e4fa63f9659a868bc6a1,PV_data/Tomato___Septoria_leaf_spot/cdf046be-8d54-4e89-babf-425b7f7ac27c___Matt.S_CG 7437.JPG,14,14,Septoria_leaf_spot,Septoria_leaf_spot,0.999997
11472427a5040fc8936e265262f17c8f,PV_data/Tomato___Septoria_leaf_spot/cedcac38-84d8-4fe2-88cd-ad0656f55a93___Matt.S_CG 7599.JPG,14,14,Septoria_leaf_spot,Septoria_leaf_spot,1.0
026a8545e54d3f2aedec0bad19bb37df,PV_data/Tomato___Septoria_leaf_spot/cffae6ca-ff80-4c1f-9fbf-451d39a94a80___JR_Sept.L.S 8518.JPG,14,14,Septoria_leaf_spot,Septoria_leaf_spot,0.9996258
fc9c02e6750955aee9f594cd932fdbd3,PV_data/Tomato___Septoria_leaf_spot/d2418bf8-8dfb-4a48-b3df-0f1acf515dfd___Matt.S_CG 7455.JPG,14,14,Septoria_leaf_spot,Septoria_leaf_spot,0.9999405
d3a8b589fa42d0814cd8fea88b4e9c52,PV_data/Tomato___Septoria_leaf_spot/d2f97435-6763-41b9-9c83-44fb45fa4d24___Matt.S_CG 1051.JPG,14,14,Septoria_leaf_spot,Septoria_leaf_spot,0.9999989
bad83604d1dcdc3b1f5eae1a53641526,PV_data/Tomato___Septoria_leaf_spot/d47c8ffb-e42f-4bad-a87a-0a902c75bbc9___Matt.S_CG 1255.JPG,14,14,Septoria_leaf_spot,Septoria_leaf_spot,0.9999999
128bdc80ae7a7a1774d0b80483ca0c9a,PV_data/Tomato___Septoria_leaf_spot/d5a1e4e1-f646-408e-b0af-e64262e492d8___Matt.S_CG 0884.JPG,14,14,Septoria_leaf_spot,Septoria_leaf_spot,0.9996542
f2958cb7c665033b7ef78d020897aeae,PV_data/Tomato___Septoria_leaf_spot/d90c2358-fa7a-4ad8-913f-37ff4cfd29d0___JR_Sept.L.S 8346.JPG,14,14,Septoria_leaf_spot,Septoria_leaf_spot,1.0
29926e8af3dd33ed79874eef913614e8,PV_data/Tomato___Septoria_leaf_spot/d9414fca-6dbf-4c2c-b2fb-2ea61ea07028___Matt.S_CG 0728.JPG,14,14,Septoria_leaf_spot,Septoria_leaf_spot,1.0
5579fcfc9392f54ca3a7b33dfeea1c5e,PV_data/Tomato___Septoria_leaf_spot/d96cbe0b-3d16-4e41-903a-5bb493052682___Matt.S_CG 6166.JPG,14,14,Septoria_leaf_spot,Septoria_leaf_spot,0.9999994
7bf8e25b52ab2861fa83a495950d602d,PV_data/Tomato___Septoria_leaf_spot/da1f93df-82fb-47a9-9582-d2dadb97a2a0___JR_Sept.L.S 2649.JPG,14,14,Septoria_leaf_spot,Septoria_leaf_spot,0.99958795
e93a13bda20d917fdbb1d27365cb5abb,PV_data/Tomato___Septoria_leaf_spot/de4a4bd4-b611-46fd-8190-cff651b56326___Matt.S_CG 6718.JPG,14,14,Septoria_leaf_spot,Septoria_leaf_spot,0.85087574
56899c527fe8f655de36241d7fae08c2,PV_data/Tomato___Septoria_leaf_spot/de618e1c-a280-4294-a531-f0c94dc33c99___Keller.St_CG 2024.JPG,14,14,Septoria_leaf_spot,Septoria_leaf_spot,1.0
c78eb47d1c2ec75017f99efa0a1106ae,PV_data/Tomato___Septoria_leaf_spot/e00a3416-ed8b-4693-8eaf-09d03653a628___Matt.S_CG 6085.JPG,14,14,Septoria_leaf_spot,Septoria_leaf_spot,0.9997161
b3e320d660083c911b3c6dfb89455720,PV_data/Tomato___Septoria_leaf_spot/e121bd7b-59e8-4c4e-9bff-5e9cd52f04ac___Matt.S_CG 7805.JPG,14,14,Septoria_leaf_spot,Septoria_leaf_spot,0.99999964
3817240a155ca7136b58fd37d1c15dd7,PV_data/Tomato___Septoria_leaf_spot/e26a1f0a-354d-44a6-bc28-623e77112af3___Keller.St_CG 1916.JPG,14,14,Septoria_leaf_spot,Septoria_leaf_spot,1.0
d1b581dd3927a163d8c0ef35df7bfce7,PV_data/Tomato___Septoria_leaf_spot/e315bc15-63a0-402f-adda-bdd0c8ba938d___JR_Sept.L.S 2629.JPG,14,14,Septoria_leaf_spot,Septoria_leaf_spot,1.0
8be2d1a61771871d5de3e59540954c69,PV_data/Tomato___Septoria_leaf_spot/e5a5d1bd-7ff8-4b04-bdcd-dde9c678802a___JR_Sept.L.S 2647.JPG,14,14,Septoria_leaf_spot,Septoria_leaf_spot,0.99999964
524f6e7e67b3e2087402680f5e40826d,PV_data/Tomato___Septoria_leaf_spot/e7b22345-5249-429d-af6a-459d4c9a91b1___Matt.S_CG 1655.JPG,14,14,Septoria_leaf_spot,Septoria_leaf_spot,0.99999094
d32a7faf1e35b425d9ed46c1405cc2c2,PV_data/Tomato___Septoria_leaf_spot/e7eabac8-f9ff-4ec1-b07b-c11791b47bda___Matt.S_CG 1677.JPG,14,14,Septoria_leaf_spot,Septoria_leaf_spot,0.601175
4704f9cdc527f26859c2c03078a5c24f,PV_data/Tomato___Septoria_leaf_spot/e8051293-a895-48ed-92ff-0623301c7c8c___JR_Sept.L.S 2613.JPG,14,14,Septoria_leaf_spot,Septoria_leaf_spot,0.99998355
8da00d6b02193974ca0425badb40cc6e,PV_data/Tomato___Septoria_leaf_spot/ea76488a-600f-477a-9d0a-17e1bb368987___Matt.S_CG 6048.JPG,14,14,Septoria_leaf_spot,Septoria_leaf_spot,0.99999976
1eab227a0212f8ac8989469faf9ed252,PV_data/Tomato___Septoria_leaf_spot/ed3068dc-8b5c-457d-a0fd-93ef6e8e7e42___Matt.S_CG 1319.JPG,14,14,Septoria_leaf_spot,Septoria_leaf_spot,0.99997807
41cd1f39242a2da68fc96255d2dbaa90,PV_data/Tomato___Septoria_leaf_spot/ed69ca97-f09d-4e70-b232-1697c629a2ab___JR_Sept.L.S 8370.JPG,14,14,Septoria_leaf_spot,Septoria_leaf_spot,0.99999964
01e3a61e8a09837c7d69de0e56902681,PV_data/Tomato___Septoria_leaf_spot/f1c96393-8760-48a8-a8ba-1fa6e417433c___Keller.St_CG 1921.JPG,14,14,Septoria_leaf_spot,Septoria_leaf_spot,1.0
37e021677170feecf3a8f2095250f044,PV_data/Tomato___Septoria_leaf_spot/f4e9db97-3802-4b3c-8474-17aeaa385bb3___Matt.S_CG 1399.JPG,14,14,Septoria_leaf_spot,Septoria_leaf_spot,0.9696646
182060b5119de71c9815484f66a0981f,PV_data/Tomato___Septoria_leaf_spot/f50b234d-3111-4084-9622-2c2553cc7407___JR_Sept.L.S 2676.JPG,14,14,Septoria_leaf_spot,Septoria_leaf_spot,0.999979
ddf1795da1bd0dc6f4408f1c9b1bf128,PV_data/Tomato___Septoria_leaf_spot/f5a41539-9c22-470a-a851-e228c9815356___JR_Sept.L.S 2678.JPG,14,14,Septoria_leaf_spot,Septoria_leaf_spot,1.0
2c1f650802f5074f2c5beffe003b0f6e,PV_data/Tomato___Septoria_leaf_spot/f7f15148-b2f9-4b26-b94c-745e0325f872___Matt.S_CG 6244.JPG,14,14,Septoria_leaf_spot,Septoria_leaf_spot,0.9999989
a2197324baf55f6075e3a281ed3828b7,PV_data/Tomato___Septoria_leaf_spot/fae75392-41a3-4363-b073-32f20bc1cc68___Keller.St_CG 1999.JPG,14,14,Septoria_leaf_spot,Septoria_leaf_spot,0.9999995
9283ad1a79a83b196dd53073f0d58a66,PV_data/Tomato___Septoria_leaf_spot/fb7a129f-477d-4780-aed7-d1355631cb60___Matt.S_CG 0709.JPG,14,14,Septoria_leaf_spot,Septoria_leaf_spot,0.99999714
d71cec20736694ebf8d2db29004ee020,PV_data/Tomato___Septoria_leaf_spot/fcd686b5-7726-4faf-89b5-13ae16e5244f___JR_Sept.L.S 2636.JPG,14,14,Septoria_leaf_spot,Septoria_leaf_spot,0.999964
0d4da9941cee7b366e0e72a5ca342a6a,PV_data/Tomato___Septoria_leaf_spot/fcf78048-c241-4211-b63c-737d5d9f24b9___Keller.St_CG 1774.JPG,14,14,Septoria_leaf_spot,Septoria_leaf_spot,1.0
58ae653fab483d472807bab4a198c6d4,PV_data/Tomato___Septoria_leaf_spot/fd605711-4030-4d59-b09b-e993bf081a0a___Matt.S_CG 1492.JPG,14,14,Septoria_leaf_spot,Septoria_leaf_spot,0.9891908
490db65cb2a3b29f774815b11744a895,PV_data/Tomato___Spider_mites Two-spotted_spider_mite/003b7929-a364-4e74-be1c-37c4c0a6ec63___Com.G_SpM_FL 1414.JPG,15,15,Spider_mites Two-spotted_spider_mite,Spider_mites Two-spotted_spider_mite,0.99999905
1b908c1dd6d771af35c2a5dcdd5ea13c,PV_data/Tomato___Spider_mites Two-spotted_spider_mite/0247236f-c1ae-4b3f-92b3-9077fe5cb3c3___Com.G_SpM_FL 8505.JPG,15,15,Spider_mites Two-spotted_spider_mite,Spider_mites Two-spotted_spider_mite,0.99973935
fdeba854a15b6571d6a29b6369391885,PV_data/Tomato___Spider_mites Two-spotted_spider_mite/03882a7e-b80a-4c12-b4bb-5d03c88a8c4b___Com.G_SpM_FL 8730.JPG,15,15,Spider_mites Two-spotted_spider_mite,Spider_mites Two-spotted_spider_mite,0.9999764
5f01bcdb550ccbf1c2c072250213501c,PV_data/Tomato___Spider_mites Two-spotted_spider_mite/06c29099-98e3-46ae-88f9-7160c74dafea___Com.G_SpM_FL 9427.JPG,15,15,Spider_mites Two-spotted_spider_mite,Spider_mites Two-spotted_spider_mite,0.9852034
fdb5420e5abb4c47774c6260a311a4bc,PV_data/Tomato___Spider_mites Two-spotted_spider_mite/06e43f45-f56b-4979-b4a3-10eafeaddf3e___Com.G_SpM_FL 9534.JPG,15,15,Spider_mites Two-spotted_spider_mite,Spider_mites Two-spotted_spider_mite,0.9999567
c1da86217de6552c50ac635f5d97af70,PV_data/Tomato___Spider_mites Two-spotted_spider_mite/0792af40-147c-400a-84e6-a0eeb25ac381___Com.G_SpM_FL 9381.JPG,15,15,Spider_mites Two-spotted_spider_mite,Spider_mites Two-spotted_spider_mite,0.99586475
7bb4a7049ab8efe781ba88f7e25825e1,PV_data/Tomato___Spider_mites Two-spotted_spider_mite/08672d79-7f11-4900-9e12-aad35778f463___Com.G_SpM_FL 8753.JPG,15,15,Spider_mites Two-spotted_spider_mite,Spider_mites Two-spotted_spider_mite,0.99999654
1eba69a33c262fabb20e97dc52e475d4,PV_data/Tomato___Spider_mites Two-spotted_spider_mite/0889ce0b-097f-4824-a46e-7ed9a01a4862___Com.G_SpM_FL 1435.JPG,15,15,Spider_mites Two-spotted_spider_mite,Spider_mites Two-spotted_spider_mite,0.9999883
33120e3f196b2d7b363071ebb3bf54c5,PV_data/Tomato___Spider_mites Two-spotted_spider_mite/08e9a879-8784-4775-aeef-21fbd62dd08e___Com.G_SpM_FL 8513.JPG,15,15,Spider_mites Two-spotted_spider_mite,Spider_mites Two-spotted_spider_mite,0.9983432
543a221b61576e3977473d255bd41662,PV_data/Tomato___Spider_mites Two-spotted_spider_mite/09434fa9-0733-4ef5-9cc3-db29d1e3a480___Com.G_SpM_FL 1425.JPG,15,15,Spider_mites Two-spotted_spider_mite,Spider_mites Two-spotted_spider_mite,0.99999034
33d60135a7474df3a2e68b334c16a954,PV_data/Tomato___Spider_mites Two-spotted_spider_mite/0a1c03ea-1a2d-449e-bcc4-4a8b62febf88___Com.G_SpM_FL 9433.JPG,15,15,Spider_mites Two-spotted_spider_mite,Spider_mites Two-spotted_spider_mite,0.99998236
2c9c0fa83a8c16a0aa135bd03d491e62,PV_data/Tomato___Spider_mites Two-spotted_spider_mite/0bfd3a50-768e-4661-a134-43aaee7a1c1d___Com.G_SpM_FL 8837.JPG,15,15,Spider_mites Two-spotted_spider_mite,Spider_mites Two-spotted_spider_mite,0.99500763
a67fcccd979d829b74ab64925aa8c2af,PV_data/Tomato___Spider_mites Two-spotted_spider_mite/0d6a202a-046f-47b2-beec-cc6a1e7deae6___Com.G_SpM_FL 8937.JPG,15,15,Spider_mites Two-spotted_spider_mite,Spider_mites Two-spotted_spider_mite,0.9999777
b99131c8c22b239a5b78efa978095b8d,PV_data/Tomato___Spider_mites Two-spotted_spider_mite/0dd13a82-3fd8-426b-8a87-4e695c92d3b2___Com.G_SpM_FL 8829.JPG,15,15,Spider_mites Two-spotted_spider_mite,Spider_mites Two-spotted_spider_mite,0.99996686
c31d62922e9e16915c0e334baa31d3af,PV_data/Tomato___Spider_mites Two-spotted_spider_mite/125b13a4-60c6-4334-bee9-a92114a7252d___Com.G_SpM_FL 9590.JPG,15,15,Spider_mites Two-spotted_spider_mite,Spider_mites Two-spotted_spider_mite,0.9999428
f5532749f62c98d897607b6e0d4220e2,PV_data/Tomato___Spider_mites Two-spotted_spider_mite/12d44209-1468-475a-abc1-26aed11f2ab5___Com.G_SpM_FL 8759.JPG,15,15,Spider_mites Two-spotted_spider_mite,Spider_mites Two-spotted_spider_mite,0.9999999
b5f0d479464d9eb728cc7c4a73446ca0,PV_data/Tomato___Spider_mites Two-spotted_spider_mite/145e34a6-1cd6-4ac0-9091-9fa175effb81___Com.G_SpM_FL 1287.JPG,15,15,Spider_mites Two-spotted_spider_mite,Spider_mites Two-spotted_spider_mite,0.99999523
5a6c3a7de21184bd1c69e9c9742cfba5,PV_data/Tomato___Spider_mites Two-spotted_spider_mite/14ad9c80-2dcc-4ed3-85d8-84e5621af8ae___Com.G_SpM_FL 1276.JPG,15,15,Spider_mites Two-spotted_spider_mite,Spider_mites Two-spotted_spider_mite,0.999995
497c5de1788c095c7fd77df4d8399cda,PV_data/Tomato___Spider_mites Two-spotted_spider_mite/17f512bf-921f-4c9e-bc1d-24a330e5dd75___Com.G_SpM_FL 8527.JPG,15,15,Spider_mites Two-spotted_spider_mite,Spider_mites Two-spotted_spider_mite,1.0
ad9406e8389f8ff7a52e45d03cb3f6eb,PV_data/Tomato___Spider_mites Two-spotted_spider_mite/1e0e0b1b-bc70-486b-9d85-f6e3ca348516___Com.G_SpM_FL 1285.JPG,15,15,Spider_mites Two-spotted_spider_mite,Spider_mites Two-spotted_spider_mite,0.9971195
e7d59e9c8788c104507464a76d714f63,PV_data/Tomato___Spider_mites Two-spotted_spider_mite/1e802d57-3ff5-4527-8c9a-b1b764d6ccc9___Com.G_SpM_FL 1522.JPG,15,15,Spider_mites Two-spotted_spider_mite,Spider_mites Two-spotted_spider_mite,0.99994516
9529d29569d8b20f1a84507d8b73ceb8,PV_data/Tomato___Spider_mites Two-spotted_spider_mite/1f100e65-f5ab-4991-8665-f9fb28f5c0e2___Com.G_SpM_FL 1179.JPG,15,15,Spider_mites Two-spotted_spider_mite,Spider_mites Two-spotted_spider_mite,0.9999949
e8b480b0672b08c8cb9fac873bd8abc7,PV_data/Tomato___Spider_mites Two-spotted_spider_mite/2141c98c-1ff5-405e-9fe7-06dd14099edc___Com.G_SpM_FL 8984.JPG,15,15,Spider_mites Two-spotted_spider_mite,Spider_mites Two-spotted_spider_mite,0.9999993
358a0b77ea7ef8f5ebe1f1320aea4303,PV_data/Tomato___Spider_mites Two-spotted_spider_mite/217c69cd-121a-4993-8537-904fa4de4d55___Com.G_SpM_FL 8807.JPG,15,15,Spider_mites Two-spotted_spider_mite,Spider_mites Two-spotted_spider_mite,0.99999774
85cd051719a8f50830e2889dc4ceced6,PV_data/Tomato___Spider_mites Two-spotted_spider_mite/2305cbc5-4e95-4258-810d-e68e7a58b6f2___Com.G_SpM_FL 1454.JPG,15,15,Spider_mites Two-spotted_spider_mite,Spider_mites Two-spotted_spider_mite,0.9999944
b9d95ff49837565ed0aa88a295dec9f3,PV_data/Tomato___Spider_mites Two-spotted_spider_mite/23977dea-f6c3-4d90-b3bd-f6e55d41938f___Com.G_SpM_FL 1766.JPG,15,15,Spider_mites Two-spotted_spider_mite,Spider_mites Two-spotted_spider_mite,0.99999523
c59e80e224b5ffee8f667ec05554f3a1,PV_data/Tomato___Spider_mites Two-spotted_spider_mite/26a363c9-aa30-4e63-bdec-cc26f273656b___Com.G_SpM_FL 1351.JPG,15,15,Spider_mites Two-spotted_spider_mite,Spider_mites Two-spotted_spider_mite,0.9998367
009f0681ffad87a7add80a8f88815214,PV_data/Tomato___Spider_mites Two-spotted_spider_mite/28dbca1c-1fc6-4d8f-a1b9-c81314280954___Com.G_SpM_FL 1249.JPG,15,15,Spider_mites Two-spotted_spider_mite,Spider_mites Two-spotted_spider_mite,0.99999976
45da0ebe0a13041cfef9f4a125f2bfa6,PV_data/Tomato___Spider_mites Two-spotted_spider_mite/2aa0254f-e3c8-400f-bb0c-c039f19f4aa5___Com.G_SpM_FL 1649.JPG,15,15,Spider_mites Two-spotted_spider_mite,Spider_mites Two-spotted_spider_mite,0.99999976
494a734382f975debab98f85ef020a71,PV_data/Tomato___Spider_mites Two-spotted_spider_mite/2af7c6b3-d37c-4f2f-9129-ea679437740c___Com.G_SpM_FL 8545.JPG,15,15,Spider_mites Two-spotted_spider_mite,Spider_mites Two-spotted_spider_mite,0.9788543
2531e1e8c1c2ef225df656fc91e3d861,PV_data/Tomato___Spider_mites Two-spotted_spider_mite/2c2f7f98-8c5b-4981-bb74-f827c5f963fe___Com.G_SpM_FL 8734.JPG,15,15,Spider_mites Two-spotted_spider_mite,Spider_mites Two-spotted_spider_mite,0.99998784
8934586c6cea18987870f06bfd805237,PV_data/Tomato___Spider_mites Two-spotted_spider_mite/2cfa680e-a8f9-43b5-856d-cb8fe9607a73___Com.G_SpM_FL 9334.JPG,15,15,Spider_mites Two-spotted_spider_mite,Spider_mites Two-spotted_spider_mite,0.9989273
2a0caed8c8d7cc2024adc6382369bbaf,PV_data/Tomato___Spider_mites Two-spotted_spider_mite/2ec0c679-521d-455f-8741-067470353fe3___Com.G_SpM_FL 8795.JPG,15,15,Spider_mites Two-spotted_spider_mite,Spider_mites Two-spotted_spider_mite,1.0
5d5acdac10dd4f968b38caa6cfface76,PV_data/Tomato___Spider_mites Two-spotted_spider_mite/2f577458-6085-4b56-9291-56a902c577d4___Com.G_SpM_FL 1466.JPG,15,15,Spider_mites Two-spotted_spider_mite,Spider_mites Two-spotted_spider_mite,0.99959457
898a08a5fd90d18574bb78cb5f55da20,PV_data/Tomato___Spider_mites Two-spotted_spider_mite/2fb77f60-ae5b-40c4-b6fb-3c90ac55ccd4___Com.G_SpM_FL 9367.JPG,15,15,Spider_mites Two-spotted_spider_mite,Spider_mites Two-spotted_spider_mite,0.9999999
d8b7aac041e9913f079a953880cf5268,PV_data/Tomato___Spider_mites Two-spotted_spider_mite/312bee2d-2595-4d86-992f-cca44dbaad4a___Com.G_SpM_FL 9492.JPG,15,15,Spider_mites Two-spotted_spider_mite,Spider_mites Two-spotted_spider_mite,0.9974111
35fc915b74c3981fd995ecc9577b44ce,PV_data/Tomato___Spider_mites Two-spotted_spider_mite/3181e984-bdb0-403d-9f58-a259535cb4d4___Com.G_SpM_FL 1405.JPG,15,15,Spider_mites Two-spotted_spider_mite,Spider_mites Two-spotted_spider_mite,0.99999297
f7bcd0d86a394df6e0916b56c731a087,PV_data/Tomato___Spider_mites Two-spotted_spider_mite/3331b5a5-229a-416e-9605-c279ec0cf414___Com.G_SpM_FL 1768.JPG,15,15,Spider_mites Two-spotted_spider_mite,Spider_mites Two-spotted_spider_mite,0.9999906
71eee345916d7003c55951103ecf4c99,PV_data/Tomato___Spider_mites Two-spotted_spider_mite/333f0683-d52f-4bb8-a7ec-1c0f07164684___Com.G_SpM_FL 1147.JPG,15,15,Spider_mites Two-spotted_spider_mite,Spider_mites Two-spotted_spider_mite,0.9999833
48ededb832e5c5191a2141039d20ab7f,PV_data/Tomato___Spider_mites Two-spotted_spider_mite/348aec86-49bc-4e2d-8ca7-66545421cc06___Com.G_SpM_FL 1746.JPG,15,15,Spider_mites Two-spotted_spider_mite,Spider_mites Two-spotted_spider_mite,0.9999999
7a3e04eb5e7a4c9525ded8d20dfe5e18,PV_data/Tomato___Spider_mites Two-spotted_spider_mite/34dc951d-39ac-4456-8424-884d0b115170___Com.G_SpM_FL 9454.JPG,15,15,Spider_mites Two-spotted_spider_mite,Spider_mites Two-spotted_spider_mite,0.9994646
d918d186f7c7e9853139a89162bbaa95,PV_data/Tomato___Spider_mites Two-spotted_spider_mite/35d2a711-e171-495c-b030-369f556b6db5___Com.G_SpM_FL 1450.JPG,15,15,Spider_mites Two-spotted_spider_mite,Spider_mites Two-spotted_spider_mite,0.9997118
6fb755724217e4a9ea1b6ff5adc37d5f,PV_data/Tomato___Spider_mites Two-spotted_spider_mite/36c530f3-b5e1-414b-ab82-198e8d66ebab___Com.G_SpM_FL 8460.JPG,15,15,Spider_mites Two-spotted_spider_mite,Spider_mites Two-spotted_spider_mite,0.99461573
d9134d96ef9b170e35f6a77bf95260f8,PV_data/Tomato___Spider_mites Two-spotted_spider_mite/3861fe05-3c70-4ca0-9729-30cbf67e475a___Com.G_SpM_FL 1564.JPG,15,15,Spider_mites Two-spotted_spider_mite,Spider_mites Two-spotted_spider_mite,0.99999666
eff56d900128a08a07f9b2e493549f64,PV_data/Tomato___Spider_mites Two-spotted_spider_mite/3893e563-9bd6-4df6-a8e5-1488a680bb8b___Com.G_SpM_FL 1572.JPG,15,15,Spider_mites Two-spotted_spider_mite,Spider_mites Two-spotted_spider_mite,0.9764723
e64f77d2693009f8a0a91aebb191a086,PV_data/Tomato___Spider_mites Two-spotted_spider_mite/39f1d7a1-98b3-48b8-91eb-3fed9bbbc6d4___Com.G_SpM_FL 1556.JPG,15,15,Spider_mites Two-spotted_spider_mite,Spider_mites Two-spotted_spider_mite,0.9999782
07effb482ff8d0dd8bca362f63b02510,PV_data/Tomato___Spider_mites Two-spotted_spider_mite/3bc0207a-406f-49e9-bf64-7082897ef2a4___Com.G_SpM_FL 1583.JPG,15,15,Spider_mites Two-spotted_spider_mite,Spider_mites Two-spotted_spider_mite,0.99999535
866cfed6b6ef743cda8437bce1e3cfec,PV_data/Tomato___Spider_mites Two-spotted_spider_mite/3c4379ee-ffcf-4387-bcc6-3e1bbb98c11e___Com.G_SpM_FL 9596.JPG,15,15,Spider_mites Two-spotted_spider_mite,Spider_mites Two-spotted_spider_mite,0.9999616
86e9595918a3f2651d1482b7c8eb5b2d,PV_data/Tomato___Spider_mites Two-spotted_spider_mite/3d240189-36f3-4468-be7e-c0db11af648b___Com.G_SpM_FL 1719.JPG,15,15,Spider_mites Two-spotted_spider_mite,Spider_mites Two-spotted_spider_mite,0.99999857
b4c258ad15bb8bb17b71414bc7106a1f,PV_data/Tomato___Spider_mites Two-spotted_spider_mite/3e20bc98-68a5-4afa-8a05-eb570630bfd4___Com.G_SpM_FL 1671.JPG,15,15,Spider_mites Two-spotted_spider_mite,Spider_mites Two-spotted_spider_mite,0.9998708
e1cd51f713bcd1003cc5663241c9acca,PV_data/Tomato___Spider_mites Two-spotted_spider_mite/3e2da864-f81f-4cd7-8152-744782a3c7c2___Com.G_SpM_FL 8997.JPG,15,15,Spider_mites Two-spotted_spider_mite,Spider_mites Two-spotted_spider_mite,0.9999815
064c5ef625e95c93a264fa4303d39305,PV_data/Tomato___Spider_mites Two-spotted_spider_mite/3e8c5090-c278-4726-80db-a1d21e6c7e06___Com.G_SpM_FL 8719.JPG,15,15,Spider_mites Two-spotted_spider_mite,Spider_mites Two-spotted_spider_mite,0.9999988
a99f78bd6fc061723769ffef060604c0,PV_data/Tomato___Spider_mites Two-spotted_spider_mite/3ef63475-d311-4af4-9a8d-48279238cba2___Com.G_SpM_FL 1580.JPG,15,15,Spider_mites Two-spotted_spider_mite,Spider_mites Two-spotted_spider_mite,0.99998486
1a8d20c54b4a5217d4dc5eeade658865,PV_data/Tomato___Spider_mites Two-spotted_spider_mite/410683ba-d91f-4494-b19c-1a39f142e54b___Com.G_SpM_FL 8556.JPG,15,15,Spider_mites Two-spotted_spider_mite,Spider_mites Two-spotted_spider_mite,0.99941844
a5009dd8c7beca403473443f44b1a83a,PV_data/Tomato___Spider_mites Two-spotted_spider_mite/416c7502-7038-43fb-a700-d11d8a54cafb___Com.G_SpM_FL 9025.JPG,15,15,Spider_mites Two-spotted_spider_mite,Spider_mites Two-spotted_spider_mite,0.99997175
6095324944a14fe705660d3ead5fdbbb,PV_data/Tomato___Spider_mites Two-spotted_spider_mite/42aab48c-ad58-42b6-adaa-2dc72364288a___Com.G_SpM_FL 1222.JPG,15,15,Spider_mites Two-spotted_spider_mite,Spider_mites Two-spotted_spider_mite,0.99995327
4b705331814f73cd312c77a1af1e6955,PV_data/Tomato___Spider_mites Two-spotted_spider_mite/434368e8-214e-4c1e-a1c1-aad66e7f069b___Com.G_SpM_FL 1570.JPG,15,15,Spider_mites Two-spotted_spider_mite,Spider_mites Two-spotted_spider_mite,0.9997342
c8c9c762dd5d9a27a13140310a1ebd5f,PV_data/Tomato___Spider_mites Two-spotted_spider_mite/442e4bab-52fd-4e8d-96bf-1f782facd8c6___Com.G_SpM_FL 1404.JPG,15,15,Spider_mites Two-spotted_spider_mite,Spider_mites Two-spotted_spider_mite,0.99998367
60efe5500a6b10f83509b3d5b989c21b,PV_data/Tomato___Spider_mites Two-spotted_spider_mite/466043c2-30e9-4ac4-a8c7-89b56a43fbbb___Com.G_SpM_FL 1275.JPG,15,15,Spider_mites Two-spotted_spider_mite,Spider_mites Two-spotted_spider_mite,0.9999964
b08bdd57c86200793104423454592e33,PV_data/Tomato___Spider_mites Two-spotted_spider_mite/47f32cb8-f809-408c-b6cb-2e9494e244a2___Com.G_SpM_FL 8490.JPG,15,15,Spider_mites Two-spotted_spider_mite,Spider_mites Two-spotted_spider_mite,0.9999821
80874482563b557cab3f32a5b636ff89,PV_data/Tomato___Spider_mites Two-spotted_spider_mite/48607635-07da-4682-893a-d163e7abc3ae___Com.G_SpM_FL 1402.JPG,15,15,Spider_mites Two-spotted_spider_mite,Spider_mites Two-spotted_spider_mite,0.99999905
7889a4f022088ec86d43262c977d5e3f,PV_data/Tomato___Spider_mites Two-spotted_spider_mite/486a0017-35ff-4326-9f2a-f33edc9fc31c___Com.G_SpM_FL 8426.JPG,15,15,Spider_mites Two-spotted_spider_mite,Spider_mites Two-spotted_spider_mite,0.9999964
ab84c811e62efd4ec08607d78d8363ed,PV_data/Tomato___Spider_mites Two-spotted_spider_mite/487fcd80-d74a-4e29-8959-7c02de6c5846___Com.G_SpM_FL 1240.JPG,15,15,Spider_mites Two-spotted_spider_mite,Spider_mites Two-spotted_spider_mite,0.9998828
250daceb44bd55efe360d8397c8f8ca0,PV_data/Tomato___Spider_mites Two-spotted_spider_mite/4999cf5b-f352-4a35-bf69-be772073b916___Com.G_SpM_FL 9485.JPG,15,15,Spider_mites Two-spotted_spider_mite,Spider_mites Two-spotted_spider_mite,0.99997735
d86d36aedec722d9bfdd8ba85e4e59e0,PV_data/Tomato___Spider_mites Two-spotted_spider_mite/4c41c67d-564c-44e2-98e0-b19bc3e10c7c___Com.G_SpM_FL 8887.JPG,15,15,Spider_mites Two-spotted_spider_mite,Spider_mites Two-spotted_spider_mite,0.99999964
0f9cc30584ad619696d4087274e305d3,PV_data/Tomato___Spider_mites Two-spotted_spider_mite/4d8c0ff0-fc0e-4c17-8047-55843cdf22bf___Com.G_SpM_FL 1410.JPG,15,15,Spider_mites Two-spotted_spider_mite,Spider_mites Two-spotted_spider_mite,0.9999999
153af80f47b19e0f3784dd78ba4f5ecd,PV_data/Tomato___Spider_mites Two-spotted_spider_mite/4dbc8d8b-4d1d-410f-927b-16556e2039c5___Com.G_SpM_FL 1447.JPG,15,15,Spider_mites Two-spotted_spider_mite,Spider_mites Two-spotted_spider_mite,0.9999999
7b2629e0a3ea481ede79272efa2abe65,PV_data/Tomato___Spider_mites Two-spotted_spider_mite/4f2684bf-6392-4ce6-9e5a-4b37f44483be___Com.G_SpM_FL 9406.JPG,15,15,Spider_mites Two-spotted_spider_mite,Spider_mites Two-spotted_spider_mite,0.9999188
078124e0a3f0b120baeaa372b116640f,PV_data/Tomato___Spider_mites Two-spotted_spider_mite/504b03b4-c056-4468-a6ce-19fa79243071___Com.G_SpM_FL 8965.JPG,15,15,Spider_mites Two-spotted_spider_mite,Spider_mites Two-spotted_spider_mite,0.9999975
ba3ab6ec9a10cccea7cc5d90ffe1015a,PV_data/Tomato___Spider_mites Two-spotted_spider_mite/50b4552e-8ef9-447f-bec0-06bc30de86e3___Com.G_SpM_FL 1686.JPG,15,15,Spider_mites Two-spotted_spider_mite,Spider_mites Two-spotted_spider_mite,0.9999963
ddc104cd24908d7963f5b7c4683ad48d,PV_data/Tomato___Spider_mites Two-spotted_spider_mite/53135776-95ce-433b-ba86-79b18856a676___Com.G_SpM_FL 8601.JPG,15,15,Spider_mites Two-spotted_spider_mite,Spider_mites Two-spotted_spider_mite,0.99991167
aebe318c7e1666621bf4337384a88ef8,PV_data/Tomato___Spider_mites Two-spotted_spider_mite/53884dab-82f0-4f78-b28e-c0fe64805316___Com.G_SpM_FL 9630.JPG,15,15,Spider_mites Two-spotted_spider_mite,Spider_mites Two-spotted_spider_mite,0.9999908
f1e2e9bf0ede6286bd70cde7edabf5ad,PV_data/Tomato___Spider_mites Two-spotted_spider_mite/54990f90-575c-4cfc-936d-6c898aeabc03___Com.G_SpM_FL 8948.JPG,15,15,Spider_mites Two-spotted_spider_mite,Spider_mites Two-spotted_spider_mite,0.9999989
f38f742be89885d8c2b0c61d6bfbd22e,PV_data/Tomato___Spider_mites Two-spotted_spider_mite/54d1ce9f-18f7-4875-b7fa-6bd9b5daa9ef___Com.G_SpM_FL 1345.JPG,15,15,Spider_mites Two-spotted_spider_mite,Spider_mites Two-spotted_spider_mite,0.9999995
682ef41d1a6c7737d1c4d7182cdd098b,PV_data/Tomato___Spider_mites Two-spotted_spider_mite/55b18d73-1233-4dc9-891a-a74a2995497b___Com.G_SpM_FL 8560.JPG,15,15,Spider_mites Two-spotted_spider_mite,Spider_mites Two-spotted_spider_mite,0.99992204
4ab46f166bf64bf22c5dddaa68e73ac5,PV_data/Tomato___Spider_mites Two-spotted_spider_mite/55d5e031-a28d-4f65-876d-79c39a3cb153___Com.G_SpM_FL 1209.JPG,15,15,Spider_mites Two-spotted_spider_mite,Spider_mites Two-spotted_spider_mite,0.99972874
3d044a91360c594cbd5afe09dc780dad,PV_data/Tomato___Spider_mites Two-spotted_spider_mite/569439e7-56a7-4978-b937-cc6e4ef5ef8e___Com.G_SpM_FL 1165.JPG,15,15,Spider_mites Two-spotted_spider_mite,Spider_mites Two-spotted_spider_mite,0.99999845
d229864c1eb015617844b88c5b7d16ee,PV_data/Tomato___Spider_mites Two-spotted_spider_mite/57c860fb-5102-433d-a7ec-09e540fb4866___Com.G_SpM_FL 1688.JPG,15,15,Spider_mites Two-spotted_spider_mite,Spider_mites Two-spotted_spider_mite,0.99999845
6c1a51fdd1eaf14f176ad554487459dd,PV_data/Tomato___Spider_mites Two-spotted_spider_mite/57e95bba-efa5-47e8-b069-a09fe0278146___Com.G_SpM_FL 8506.JPG,15,15,Spider_mites Two-spotted_spider_mite,Spider_mites Two-spotted_spider_mite,0.99999726
dda14c8ba22ec8248630093cff23ed92,PV_data/Tomato___Spider_mites Two-spotted_spider_mite/58d5cbab-162b-4091-8add-21a336398731___Com.G_SpM_FL 8933.JPG,15,15,Spider_mites Two-spotted_spider_mite,Spider_mites Two-spotted_spider_mite,0.99997866
350801152fc602fc2db05e236b3c0cc9,PV_data/Tomato___Spider_mites Two-spotted_spider_mite/5b7d7af1-b710-4d56-ac06-e4c413321f9c___Com.G_SpM_FL 1557.JPG,15,15,Spider_mites Two-spotted_spider_mite,Spider_mites Two-spotted_spider_mite,0.9999931
7d1790f28a4ccbcdf76e1824a21a4314,PV_data/Tomato___Spider_mites Two-spotted_spider_mite/5dead4dc-bc58-4470-9d86-3d5cb6be14b7___Com.G_SpM_FL 1471.JPG,15,15,Spider_mites Two-spotted_spider_mite,Spider_mites Two-spotted_spider_mite,0.9997645
f478b84a63c90ede77eeb142133e9511,PV_data/Tomato___Spider_mites Two-spotted_spider_mite/5f5d8312-b182-42a6-bba5-391335641e02___Com.G_SpM_FL 1479.JPG,15,15,Spider_mites Two-spotted_spider_mite,Spider_mites Two-spotted_spider_mite,0.9999989
6c19d51fc13575438975c2e5deddbb0c,PV_data/Tomato___Spider_mites Two-spotted_spider_mite/61d5d387-804b-4257-99fe-07d32a205f14___Com.G_SpM_FL 9554.JPG,15,15,Spider_mites Two-spotted_spider_mite,Spider_mites Two-spotted_spider_mite,0.9993431
54d515c25c064a6203b2d32bac4276ba,PV_data/Tomato___Spider_mites Two-spotted_spider_mite/64338ca4-e33c-473a-86b5-58a4e76149a9___Com.G_SpM_FL 8632.JPG,15,15,Spider_mites Two-spotted_spider_mite,Spider_mites Two-spotted_spider_mite,0.99999905
99732a455ce55d03b4a0afca0a8ec9d9,PV_data/Tomato___Spider_mites Two-spotted_spider_mite/6549382d-4588-46c9-8a3f-53666af6ba03___Com.G_SpM_FL 9374.JPG,15,15,Spider_mites Two-spotted_spider_mite,Spider_mites Two-spotted_spider_mite,0.99989307
a029894f7db57c8aa70056f5acf0e9d0,PV_data/Tomato___Spider_mites Two-spotted_spider_mite/67310f37-d48e-4a4f-ab4b-39035a584646___Com.G_SpM_FL 8660.JPG,15,15,Spider_mites Two-spotted_spider_mite,Spider_mites Two-spotted_spider_mite,0.999987
2732a60410e101228241370a9e1ef9fb,PV_data/Tomato___Spider_mites Two-spotted_spider_mite/673bfa4d-54b5-4fee-86d3-1ada11adca40___Com.G_SpM_FL 9498.JPG,15,15,Spider_mites Two-spotted_spider_mite,Spider_mites Two-spotted_spider_mite,0.9999144
061d103a504ed8e09e8f519de607ce29,PV_data/Tomato___Spider_mites Two-spotted_spider_mite/68399b92-e31b-47d1-a0c0-00bb1cd1d586___Com.G_SpM_FL 1212.JPG,15,15,Spider_mites Two-spotted_spider_mite,Spider_mites Two-spotted_spider_mite,0.99990296
52bc88f66c123ed74510d229d2f5cfea,PV_data/Tomato___Spider_mites Two-spotted_spider_mite/6875b9cf-a558-4b8f-9c85-bef8825c2a7a___Com.G_SpM_FL 1234.JPG,15,15,Spider_mites Two-spotted_spider_mite,Spider_mites Two-spotted_spider_mite,0.9999174
8ccbcd762c49e40453967afa64ca0981,PV_data/Tomato___Spider_mites Two-spotted_spider_mite/68ccf56d-4bd7-4538-ae95-9915fe8d5886___Com.G_SpM_FL 9500.JPG,15,15,Spider_mites Two-spotted_spider_mite,Spider_mites Two-spotted_spider_mite,0.99999774
85997629fee34f772678770443ad33f9,PV_data/Tomato___Spider_mites Two-spotted_spider_mite/6a62f7da-c954-45df-b6c0-a679787750fa___Com.G_SpM_FL 1139.JPG,15,15,Spider_mites Two-spotted_spider_mite,Spider_mites Two-spotted_spider_mite,0.99999416
d813be848a519ae3168cea3e6e7b9540,PV_data/Tomato___Spider_mites Two-spotted_spider_mite/6ae5f2cd-c609-4fe1-865f-2953dadd0953___Com.G_SpM_FL 1180.JPG,15,15,Spider_mites Two-spotted_spider_mite,Spider_mites Two-spotted_spider_mite,0.99999774
90d007f6bae33e2d3cac7978f8e8dbb4,PV_data/Tomato___Spider_mites Two-spotted_spider_mite/6eb5d1ea-faf3-4a41-8419-89158aef70a5___Com.G_SpM_FL 9432.JPG,15,15,Spider_mites Two-spotted_spider_mite,Spider_mites Two-spotted_spider_mite,0.9999746
277f38fc81adc17c55f745d30fd5c7b3,PV_data/Tomato___Spider_mites Two-spotted_spider_mite/71048e39-6d6e-4381-9113-f2b4bd71ab93___Com.G_SpM_FL 8749.JPG,15,15,Spider_mites Two-spotted_spider_mite,Spider_mites Two-spotted_spider_mite,0.99990106
011e9af0683ea3745d0f943f6c07d4f2,PV_data/Tomato___Spider_mites Two-spotted_spider_mite/717bd952-0dc6-4e7c-96b1-d0c30f208c58___Com.G_SpM_FL 9568.JPG,15,15,Spider_mites Two-spotted_spider_mite,Spider_mites Two-spotted_spider_mite,0.88535476
466eddeb705e06c4599937201445afb8,PV_data/Tomato___Spider_mites Two-spotted_spider_mite/7324a72f-2850-49f0-b33e-6e75c71fa7b2___Com.G_SpM_FL 1631.JPG,15,15,Spider_mites Two-spotted_spider_mite,Spider_mites Two-spotted_spider_mite,0.99999976
954c0f7e1c02dbee39550e8fbd12be94,PV_data/Tomato___Spider_mites Two-spotted_spider_mite/737e3c49-a2d9-46f4-8c40-bcc5bc7343d2___Com.G_SpM_FL 1767.JPG,15,15,Spider_mites Two-spotted_spider_mite,Spider_mites Two-spotted_spider_mite,0.9999925
2ee2951459fe8f24fcff86978863a774,PV_data/Tomato___Spider_mites Two-spotted_spider_mite/74888991-5de0-4851-affd-dd93d6fba9ce___Com.G_SpM_FL 1658.JPG,15,15,Spider_mites Two-spotted_spider_mite,Spider_mites Two-spotted_spider_mite,0.9999943
c1605453877f0f89539070fe210e01cb,PV_data/Tomato___Spider_mites Two-spotted_spider_mite/757bb0c9-1ccf-421d-b849-479add7e012e___Com.G_SpM_FL 1182.JPG,15,15,Spider_mites Two-spotted_spider_mite,Spider_mites Two-spotted_spider_mite,0.99987507
55fe780c781087db2bfa486432978c4b,PV_data/Tomato___Spider_mites Two-spotted_spider_mite/75c0988a-af10-4fd9-87d2-497f9773f4c7___Com.G_SpM_FL 1361.JPG,15,15,Spider_mites Two-spotted_spider_mite,Spider_mites Two-spotted_spider_mite,0.9961383
47ef9a1dee098f341d349cdbfaec744a,PV_data/Tomato___Spider_mites Two-spotted_spider_mite/76cdaf18-eb63-4007-a72d-95c9339430bb___Com.G_SpM_FL 1422.JPG,15,15,Spider_mites Two-spotted_spider_mite,Spider_mites Two-spotted_spider_mite,0.999997
31542ad6c80f7f582f9ecde1f522faf7,PV_data/Tomato___Spider_mites Two-spotted_spider_mite/77659538-6771-4e5d-95a5-be6c55c8f308___Com.G_SpM_FL 9614.JPG,15,15,Spider_mites Two-spotted_spider_mite,Spider_mites Two-spotted_spider_mite,0.9927867
37cf541e04dc477983aac76c21066dcd,PV_data/Tomato___Spider_mites Two-spotted_spider_mite/79a8cff2-90ac-4e47-ad56-014accc6e0e9___Com.G_SpM_FL 9537.JPG,15,15,Spider_mites Two-spotted_spider_mite,Spider_mites Two-spotted_spider_mite,0.999936
d3d080fd6a2a77cfb9402f4298e568c8,PV_data/Tomato___Spider_mites Two-spotted_spider_mite/79ae335e-dbb0-4bb0-8003-6dba7402cbd5___Com.G_SpM_FL 1302.JPG,15,15,Spider_mites Two-spotted_spider_mite,Spider_mites Two-spotted_spider_mite,0.9999938
69343feee5b0338f2508f212e60ab80c,PV_data/Tomato___Spider_mites Two-spotted_spider_mite/7a01961e-dd28-460b-928c-a656a8a6d018___Com.G_SpM_FL 8569.JPG,15,15,Spider_mites Two-spotted_spider_mite,Spider_mites Two-spotted_spider_mite,0.9999869
fef084f09f026a7bb6b1d710df799282,PV_data/Tomato___Spider_mites Two-spotted_spider_mite/7a8889b9-f108-4401-8c13-476f9a952161___Com.G_SpM_FL 9517.JPG,15,15,Spider_mites Two-spotted_spider_mite,Spider_mites Two-spotted_spider_mite,0.9999999
29061b9b3c565eba0cef808bceeb40c7,PV_data/Tomato___Spider_mites Two-spotted_spider_mite/7aa0221d-b673-413d-a089-05fe33d9d78a___Com.G_SpM_FL 8714.JPG,15,15,Spider_mites Two-spotted_spider_mite,Spider_mites Two-spotted_spider_mite,0.99996746
699a5aa4f3f3e0ad80c86ef6674384db,PV_data/Tomato___Spider_mites Two-spotted_spider_mite/7ceeca31-a339-4961-a7a3-5562bfc2ad5b___Com.G_SpM_FL 1355.JPG,15,15,Spider_mites Two-spotted_spider_mite,Spider_mites Two-spotted_spider_mite,0.99994624
6f88d29ff37fdda59aa3d0de30e48001,PV_data/Tomato___Spider_mites Two-spotted_spider_mite/7d7cc470-cbf2-479b-ad90-4a1a6180bafd___Com.G_SpM_FL 9544.JPG,15,15,Spider_mites Two-spotted_spider_mite,Spider_mites Two-spotted_spider_mite,0.9999813
c73b6b194d6bad30546afd88f592425c,PV_data/Tomato___Spider_mites Two-spotted_spider_mite/81a64bc5-d1d1-49bb-b9a7-0981f75613ce___Com.G_SpM_FL 8477.JPG,15,15,Spider_mites Two-spotted_spider_mite,Spider_mites Two-spotted_spider_mite,0.9999844
0dd863a9de392d31d067343b6c4706af,PV_data/Tomato___Spider_mites Two-spotted_spider_mite/81c9960e-8a75-45b3-8c50-fd40ced4118c___Com.G_SpM_FL 1266.JPG,15,15,Spider_mites Two-spotted_spider_mite,Spider_mites Two-spotted_spider_mite,0.9999974
d2c43546500fc031a0fcd91f248a724e,PV_data/Tomato___Spider_mites Two-spotted_spider_mite/82ba3fda-2d9e-43cf-85d6-c9af53f54370___Com.G_SpM_FL 8474.JPG,15,15,Spider_mites Two-spotted_spider_mite,Spider_mites Two-spotted_spider_mite,0.9999981
3dae9319f801343bbf346910b507b2bf,PV_data/Tomato___Spider_mites Two-spotted_spider_mite/83cb3d8b-8d4b-4669-8331-0d6be2a6176f___Com.G_SpM_FL 8537.JPG,15,15,Spider_mites Two-spotted_spider_mite,Spider_mites Two-spotted_spider_mite,0.9493722
bdd35c2f0c745b189810117bacb2a125,PV_data/Tomato___Spider_mites Two-spotted_spider_mite/8638b153-2ee6-471d-9eb6-8900fb80bd38___Com.G_SpM_FL 8899.JPG,15,15,Spider_mites Two-spotted_spider_mite,Spider_mites Two-spotted_spider_mite,0.98604506
d6f656b51f726b13b9fdff907f070e55,PV_data/Tomato___Spider_mites Two-spotted_spider_mite/87457821-e967-41c9-bda0-4e375fdeaa59___Com.G_SpM_FL 1609.JPG,15,15,Spider_mites Two-spotted_spider_mite,Spider_mites Two-spotted_spider_mite,1.0
60ea1d8a124d968d84306d06241beb1c,PV_data/Tomato___Spider_mites Two-spotted_spider_mite/878ca009-c79a-4449-b280-c9a48b8c2322___Com.G_SpM_FL 1502.JPG,15,15,Spider_mites Two-spotted_spider_mite,Spider_mites Two-spotted_spider_mite,0.9999964
12b910202e3c884aa41a2d2db3fef125,PV_data/Tomato___Spider_mites Two-spotted_spider_mite/87bfaf7d-a4ab-4303-915f-c1dc41663415___Com.G_SpM_FL 8480.JPG,15,15,Spider_mites Two-spotted_spider_mite,Spider_mites Two-spotted_spider_mite,0.9999982
6a7f08fcfb9723457504b19478094909,PV_data/Tomato___Spider_mites Two-spotted_spider_mite/89281d6e-f76e-4945-89b9-bec3c83e23bd___Com.G_SpM_FL 9355.JPG,15,15,Spider_mites Two-spotted_spider_mite,Spider_mites Two-spotted_spider_mite,0.99999464
d4513dbc9fda55f94914c615b1568c14,PV_data/Tomato___Spider_mites Two-spotted_spider_mite/89956d0e-2500-4ed8-87a5-8b221c5b8f6b___Com.G_SpM_FL 8914.JPG,15,15,Spider_mites Two-spotted_spider_mite,Spider_mites Two-spotted_spider_mite,0.99999344
9175e1f3fd1325c2dad6571931589c19,PV_data/Tomato___Spider_mites Two-spotted_spider_mite/8a9fbe5a-7158-4e10-bfdc-04138408a2f0___Com.G_SpM_FL 9470.JPG,15,15,Spider_mites Two-spotted_spider_mite,Spider_mites Two-spotted_spider_mite,0.98231035
6a7755f3d78f7fe2812a3863cf522eb5,PV_data/Tomato___Spider_mites Two-spotted_spider_mite/8b4b9281-cf1e-407e-acf7-5ead938e57d1___Com.G_SpM_FL 9597.JPG,15,15,Spider_mites Two-spotted_spider_mite,Spider_mites Two-spotted_spider_mite,0.99962914
aaef2dff9f30ae174549ebacd4c1f474,PV_data/Tomato___Spider_mites Two-spotted_spider_mite/8d52ddc8-e847-4b7b-9555-2a79830dfa55___Com.G_SpM_FL 9516.JPG,15,15,Spider_mites Two-spotted_spider_mite,Spider_mites Two-spotted_spider_mite,0.9999962
f76e38704841ff489cefde0280ffb067,PV_data/Tomato___Spider_mites Two-spotted_spider_mite/8e2bcfaf-0564-4d2b-966d-b69dc9492ed9___Com.G_SpM_FL 9436.JPG,15,15,Spider_mites Two-spotted_spider_mite,Spider_mites Two-spotted_spider_mite,0.99995387
990c330ac0a131f3323d5b576c7f3a09,PV_data/Tomato___Spider_mites Two-spotted_spider_mite/8ed14c2a-042c-419c-b215-3779e73cfbf9___Com.G_SpM_FL 8687.JPG,15,15,Spider_mites Two-spotted_spider_mite,Spider_mites Two-spotted_spider_mite,0.99998176
24ff23a51f72a4254ecf930bb34b525c,PV_data/Tomato___Spider_mites Two-spotted_spider_mite/8f95a0cc-1a3c-477d-8872-8638f1df5361___Com.G_SpM_FL 8833.JPG,15,15,Spider_mites Two-spotted_spider_mite,Spider_mites Two-spotted_spider_mite,0.99999666
b4402161a233f4eb1c7f4ce32912525f,PV_data/Tomato___Spider_mites Two-spotted_spider_mite/8fac3575-078a-4089-9b93-11003b2cf0e5___Com.G_SpM_FL 9490.JPG,15,15,Spider_mites Two-spotted_spider_mite,Spider_mites Two-spotted_spider_mite,0.99917156
3b170f9702f6bb29fc374aa886e223f4,PV_data/Tomato___Spider_mites Two-spotted_spider_mite/900402d8-2d24-4d8b-b7b2-556bf2124e1b___Com.G_SpM_FL 9437.JPG,15,15,Spider_mites Two-spotted_spider_mite,Spider_mites Two-spotted_spider_mite,0.99980843
c318a8c6369e7ad444b104f67cb952f8,PV_data/Tomato___Spider_mites Two-spotted_spider_mite/91e2b204-69a4-4170-82bd-fb9cb8b1407d___Com.G_SpM_FL 8973.JPG,15,15,Spider_mites Two-spotted_spider_mite,Spider_mites Two-spotted_spider_mite,0.9999975
34f360d69aa7a2d5e0a7c9866d058420,PV_data/Tomato___Spider_mites Two-spotted_spider_mite/92984828-1f93-49c5-89d4-039c434c5737___Com.G_SpM_FL 8500.JPG,15,15,Spider_mites Two-spotted_spider_mite,Spider_mites Two-spotted_spider_mite,0.9999862
f004cec45b0ddda7d09457ce794f7194,PV_data/Tomato___Spider_mites Two-spotted_spider_mite/931bb6c8-e235-440e-978c-7fed1d57926e___Com.G_SpM_FL 8421.JPG,15,15,Spider_mites Two-spotted_spider_mite,Spider_mites Two-spotted_spider_mite,0.9999566
aa8d6d694e8a753cadd12f8edd6fa73e,PV_data/Tomato___Spider_mites Two-spotted_spider_mite/93c217f5-43d5-454b-820a-e76a63993497___Com.G_SpM_FL 1181.JPG,15,15,Spider_mites Two-spotted_spider_mite,Spider_mites Two-spotted_spider_mite,0.99985623
46719a223dbbc902432e490ceb44dfe0,PV_data/Tomato___Spider_mites Two-spotted_spider_mite/95379b0d-f7b4-4f9c-8eb4-860556e2eabb___Com.G_SpM_FL 1621.JPG,15,15,Spider_mites Two-spotted_spider_mite,Spider_mites Two-spotted_spider_mite,0.9992403
d26f93e4fb274c86e86196fc00e30141,PV_data/Tomato___Spider_mites Two-spotted_spider_mite/96e7b508-9c87-4097-b16c-17b9fa045993___Com.G_SpM_FL 8869.JPG,15,15,Spider_mites Two-spotted_spider_mite,Spider_mites Two-spotted_spider_mite,0.999858
e2a5e90e595d8e62adfc59103aa7a5d3,PV_data/Tomato___Spider_mites Two-spotted_spider_mite/98c87686-b4a7-4dd4-a7fe-d9491e41a01f___Com.G_SpM_FL 9392.JPG,15,15,Spider_mites Two-spotted_spider_mite,Spider_mites Two-spotted_spider_mite,0.6452067
992b2cad8ea4a8e8526dde4b4c89bad6,PV_data/Tomato___Spider_mites Two-spotted_spider_mite/9a10c05b-c5ac-4cbf-bc11-5682700f8c4e___Com.G_SpM_FL 1474.JPG,15,15,Spider_mites Two-spotted_spider_mite,Spider_mites Two-spotted_spider_mite,0.9999559
4ba165013a058600f88125d31927c742,PV_data/Tomato___Spider_mites Two-spotted_spider_mite/9ab54b59-cf04-4f64-aab7-57b64de6ac44___Com.G_SpM_FL 1225.JPG,15,15,Spider_mites Two-spotted_spider_mite,Spider_mites Two-spotted_spider_mite,1.0
59133f549ce13a77296c2992898499f7,PV_data/Tomato___Spider_mites Two-spotted_spider_mite/9cd773ee-c072-4a61-bc6c-716826705904___Com.G_SpM_FL 1220.JPG,15,15,Spider_mites Two-spotted_spider_mite,Spider_mites Two-spotted_spider_mite,0.99937165
01d20e641dd245f5cabf9a7c5b2e0b8e,PV_data/Tomato___Spider_mites Two-spotted_spider_mite/9e4b3cc6-afd7-49a2-9609-ec1bbd92b92d___Com.G_SpM_FL 1683.JPG,15,15,Spider_mites Two-spotted_spider_mite,Spider_mites Two-spotted_spider_mite,0.9999989
0944df98a3ed7e601c4f9e5a5e254004,PV_data/Tomato___Spider_mites Two-spotted_spider_mite/9ed81c17-da8d-453d-8277-b5babd50e74d___Com.G_SpM_FL 1273.JPG,15,15,Spider_mites Two-spotted_spider_mite,Spider_mites Two-spotted_spider_mite,0.99999297
17b64d068cc77c3a47f569fcbb00357b,PV_data/Tomato___Spider_mites Two-spotted_spider_mite/a0120655-58c5-4e0d-820a-9ebc3ba45717___Com.G_SpM_FL 8925.JPG,15,15,Spider_mites Two-spotted_spider_mite,Spider_mites Two-spotted_spider_mite,0.9999956
e231bc14ad28ace56c839ffd4c93e28d,PV_data/Tomato___Spider_mites Two-spotted_spider_mite/a0900c57-a463-4412-a3bc-83b413d3eae3___Com.G_SpM_FL 1395.JPG,15,15,Spider_mites Two-spotted_spider_mite,Spider_mites Two-spotted_spider_mite,0.9999988
a700d48102b8ecdd6ad59b19ed984c53,PV_data/Tomato___Spider_mites Two-spotted_spider_mite/a2169123-c972-4ac8-8475-8550c681c80d___Com.G_SpM_FL 1782.JPG,15,15,Spider_mites Two-spotted_spider_mite,Spider_mites Two-spotted_spider_mite,1.0
3e69c7c913e20e29ba261b5d922ae72a,PV_data/Tomato___Spider_mites Two-spotted_spider_mite/a220e9d0-2c68-4692-8955-dc931924fa17___Com.G_SpM_FL 8452.JPG,15,15,Spider_mites Two-spotted_spider_mite,Spider_mites Two-spotted_spider_mite,0.9999907
a78008a05b0233c5c77522676a0ad6d1,PV_data/Tomato___Spider_mites Two-spotted_spider_mite/a3e550eb-e6e8-4ec5-a2c3-9e7f34fb6292___Com.G_SpM_FL 8540.JPG,15,15,Spider_mites Two-spotted_spider_mite,Spider_mites Two-spotted_spider_mite,0.9989511
b2bf9d9d21516f402bd3f7d1d18b5b78,PV_data/Tomato___Spider_mites Two-spotted_spider_mite/a46bbe0e-2964-41df-abe5-f9c9a6934c37___Com.G_SpM_FL 1599.JPG,15,15,Spider_mites Two-spotted_spider_mite,Spider_mites Two-spotted_spider_mite,0.9999975
b4dc038f87196ce7582aa5076512c909,PV_data/Tomato___Spider_mites Two-spotted_spider_mite/a4875bbb-41eb-440b-bb04-fb6549bfaff6___Com.G_SpM_FL 8794.JPG,15,15,Spider_mites Two-spotted_spider_mite,Spider_mites Two-spotted_spider_mite,0.9999988
b64a6651d50a75cedd09b5817c3c50c5,PV_data/Tomato___Spider_mites Two-spotted_spider_mite/a5ae43ce-cfd3-4106-80e0-46c96f201b7c___Com.G_SpM_FL 1264.JPG,15,15,Spider_mites Two-spotted_spider_mite,Spider_mites Two-spotted_spider_mite,0.9999845
4c42911e717b10eb410731e793387468,PV_data/Tomato___Spider_mites Two-spotted_spider_mite/a5c94846-a321-407d-b2d9-b29d18e24911___Com.G_SpM_FL 1555.JPG,15,15,Spider_mites Two-spotted_spider_mite,Spider_mites Two-spotted_spider_mite,0.9999995
02ac3942b8a93dbda93d0abc14eea141,PV_data/Tomato___Spider_mites Two-spotted_spider_mite/a641c588-7ab4-4a6c-8547-c0ae01ff944b___Com.G_SpM_FL 8502.JPG,15,15,Spider_mites Two-spotted_spider_mite,Spider_mites Two-spotted_spider_mite,0.99999714
62e7937311e00426d7c31bfb90123964,PV_data/Tomato___Spider_mites Two-spotted_spider_mite/a74561dc-37d9-407f-bb58-596344859fa3___Com.G_SpM_FL 8517.JPG,15,15,Spider_mites Two-spotted_spider_mite,Spider_mites Two-spotted_spider_mite,0.9997181
c57df9199c420f2bc5f124b305698777,PV_data/Tomato___Spider_mites Two-spotted_spider_mite/a8a96fef-22c8-45d9-971a-8211b91e72de___Com.G_SpM_FL 8520.JPG,15,15,Spider_mites Two-spotted_spider_mite,Spider_mites Two-spotted_spider_mite,0.9999951
c867479fd84e5c3d0e302ebaede06d56,PV_data/Tomato___Spider_mites Two-spotted_spider_mite/a9337752-672c-4de0-a21e-90d3fd3ce9dd___Com.G_SpM_FL 1340.JPG,15,15,Spider_mites Two-spotted_spider_mite,Spider_mites Two-spotted_spider_mite,0.9999863
d3ae285ce7bb6472cffff1ed835ed708,PV_data/Tomato___Spider_mites Two-spotted_spider_mite/a9f8dc74-80c2-47d5-98e9-ac83c003b2b0___Com.G_SpM_FL 1230.JPG,15,15,Spider_mites Two-spotted_spider_mite,Spider_mites Two-spotted_spider_mite,0.99999976
3f8224cfee992f0cba75d8b2c07f861b,PV_data/Tomato___Spider_mites Two-spotted_spider_mite/aaa06a44-93d3-4a3b-bfea-b3a6c0f3a229___Com.G_SpM_FL 1731.JPG,15,15,Spider_mites Two-spotted_spider_mite,Spider_mites Two-spotted_spider_mite,1.0
caa3713ab9f3a92328caf234cca03bcb,PV_data/Tomato___Spider_mites Two-spotted_spider_mite/aadcf7d6-56f1-495c-a099-8fca2f2e79e1___Com.G_SpM_FL 1392.JPG,15,15,Spider_mites Two-spotted_spider_mite,Spider_mites Two-spotted_spider_mite,0.9999813
af83d8a1b222bf9717252260c68a14d1,PV_data/Tomato___Spider_mites Two-spotted_spider_mite/ab58e633-4e84-48f1-a412-c8210940345d___Com.G_SpM_FL 1191.JPG,15,15,Spider_mites Two-spotted_spider_mite,Spider_mites Two-spotted_spider_mite,0.9999826
75454b7bbdbe5ba9cd2b5817e8a894ec,PV_data/Tomato___Spider_mites Two-spotted_spider_mite/ac81a4df-1cde-4752-837d-ad979ab48bb0___Com.G_SpM_FL 8570.JPG,15,15,Spider_mites Two-spotted_spider_mite,Spider_mites Two-spotted_spider_mite,0.99994683
102a94354c2c0ea839a58a6df73d4305,PV_data/Tomato___Spider_mites Two-spotted_spider_mite/ae4f0633-5636-47ef-9e69-0dbe2404f2c3___Com.G_SpM_FL 8888.JPG,15,15,Spider_mites Two-spotted_spider_mite,Spider_mites Two-spotted_spider_mite,0.99999964
537149ccfd4da91ef845d83be64426ec,PV_data/Tomato___Spider_mites Two-spotted_spider_mite/ae815daa-4243-42c9-95a1-a9764cfd8565___Com.G_SpM_FL 8693.JPG,15,15,Spider_mites Two-spotted_spider_mite,Spider_mites Two-spotted_spider_mite,0.99999225
afa64d268c670ba3d80af45399154917,PV_data/Tomato___Spider_mites Two-spotted_spider_mite/ae992747-4345-47c6-8499-3146eb18e4b1___Com.G_SpM_FL 9298.JPG,15,15,Spider_mites Two-spotted_spider_mite,Spider_mites Two-spotted_spider_mite,0.9960583
71b90c60785d97cf43575682a1fd3ddf,PV_data/Tomato___Spider_mites Two-spotted_spider_mite/aea2ebb0-d066-451a-8f0c-efb78efb1028___Com.G_SpM_FL 1335.JPG,15,15,Spider_mites Two-spotted_spider_mite,Spider_mites Two-spotted_spider_mite,0.99997985
bc1b56cdc44da07fdd3d8c12aa50db8d,PV_data/Tomato___Spider_mites Two-spotted_spider_mite/aeae9e3c-ec84-4fa5-8c52-ab488c6a81f7___Com.G_SpM_FL 8765.JPG,15,15,Spider_mites Two-spotted_spider_mite,Spider_mites Two-spotted_spider_mite,1.0
fb50c97039a453d404d2a551fb11cc8f,PV_data/Tomato___Spider_mites Two-spotted_spider_mite/aee44f04-6634-41ee-9208-56838fbbc822___Com.G_SpM_FL 9278.JPG,15,15,Spider_mites Two-spotted_spider_mite,Spider_mites Two-spotted_spider_mite,0.99990046
6c76702cc4230b053c7f9016ea0de1a4,PV_data/Tomato___Spider_mites Two-spotted_spider_mite/afeda664-8fb8-4b4e-a3c5-946993524a96___Com.G_SpM_FL 1372.JPG,15,15,Spider_mites Two-spotted_spider_mite,Spider_mites Two-spotted_spider_mite,0.99943656
58d6b06496b7ab5d84c58cde8b50f6ca,PV_data/Tomato___Spider_mites Two-spotted_spider_mite/b0b458de-2ce8-46a1-815f-db2e513130fc___Com.G_SpM_FL 1416.JPG,15,15,Spider_mites Two-spotted_spider_mite,Spider_mites Two-spotted_spider_mite,0.9999994
1662dd6a67060e88ce1866c7bb500c73,PV_data/Tomato___Spider_mites Two-spotted_spider_mite/b129abcf-f10f-49b0-8dc3-d5c3d4dbde16___Com.G_SpM_FL 8855.JPG,15,15,Spider_mites Two-spotted_spider_mite,Spider_mites Two-spotted_spider_mite,0.50174433
284a99a67f86fe51457188021b16805e,PV_data/Tomato___Spider_mites Two-spotted_spider_mite/b313c827-af8b-4b98-af86-a7b07bf20dc1___Com.G_SpM_FL 9307.JPG,15,15,Spider_mites Two-spotted_spider_mite,Spider_mites Two-spotted_spider_mite,0.9999213
8bc9d680bd0451a51b2745ddb5d94de6,PV_data/Tomato___Spider_mites Two-spotted_spider_mite/b3915c2b-190f-4258-ade1-8cb3bfcb15af___Com.G_SpM_FL 8786.JPG,15,15,Spider_mites Two-spotted_spider_mite,Spider_mites Two-spotted_spider_mite,0.99999976
f23bf01ca7d4c0251faf13fec243e2b3,PV_data/Tomato___Spider_mites Two-spotted_spider_mite/b42de0fa-b2b5-45f1-b1cf-e4cab918cf5d___Com.G_SpM_FL 9385.JPG,15,15,Spider_mites Two-spotted_spider_mite,Spider_mites Two-spotted_spider_mite,1.0
5bd421568bf7b95ee38902e2aa863641,PV_data/Tomato___Spider_mites Two-spotted_spider_mite/b44d8397-623a-4755-96d9-5e680df9a983___Com.G_SpM_FL 9607.JPG,15,15,Spider_mites Two-spotted_spider_mite,Spider_mites Two-spotted_spider_mite,0.99996924
fbe8e88fb85281af549e1e649191ad99,PV_data/Tomato___Spider_mites Two-spotted_spider_mite/b7fb98ad-68d6-46b9-9f17-9d3f111b20fb___Com.G_SpM_FL 1676.JPG,15,15,Spider_mites Two-spotted_spider_mite,Spider_mites Two-spotted_spider_mite,0.99999964
064a34a3806f2aa9deff416aff7c5894,PV_data/Tomato___Spider_mites Two-spotted_spider_mite/baee605d-65b3-4001-9bb5-05cd17855c78___Com.G_SpM_FL 8691.JPG,15,15,Spider_mites Two-spotted_spider_mite,Spider_mites Two-spotted_spider_mite,0.9999999
7772952a0aa92683cfc2966783fb157d,PV_data/Tomato___Spider_mites Two-spotted_spider_mite/bc948d02-7e65-4075-b2bc-cb0c29ebe90e___Com.G_SpM_FL 8416.JPG,15,15,Spider_mites Two-spotted_spider_mite,Spider_mites Two-spotted_spider_mite,0.9996961
391746679e3f6a89e65bf19eb5913d2c,PV_data/Tomato___Spider_mites Two-spotted_spider_mite/bcca5917-17c5-4b38-ac89-233eec6a4ddb___Com.G_SpM_FL 9540.JPG,15,15,Spider_mites Two-spotted_spider_mite,Spider_mites Two-spotted_spider_mite,0.9987987
261d3b510fda232d958279f092a9adbf,PV_data/Tomato___Spider_mites Two-spotted_spider_mite/bd95d780-e72d-4f21-a069-c2fbf63bcaf7___Com.G_SpM_FL 1724.JPG,15,15,Spider_mites Two-spotted_spider_mite,Spider_mites Two-spotted_spider_mite,0.99999917
9c17c3dbaa33e2a4ad1e7dc1255decec,PV_data/Tomato___Spider_mites Two-spotted_spider_mite/c095a7b6-3359-4458-9805-ecf15870f375___Com.G_SpM_FL 8709.JPG,15,15,Spider_mites Two-spotted_spider_mite,Spider_mites Two-spotted_spider_mite,0.9999987
ff7bd8d89f04fc8d957b4414ab16688d,PV_data/Tomato___Spider_mites Two-spotted_spider_mite/c0ca3321-6ed1-4c27-a887-a2ad75b1766b___Com.G_SpM_FL 9273.JPG,15,15,Spider_mites Two-spotted_spider_mite,Spider_mites Two-spotted_spider_mite,0.99997556
26ac88d93bdfd5200eb3e5768c421059,PV_data/Tomato___Spider_mites Two-spotted_spider_mite/c20016fd-1168-4ed8-85ee-4ceca04c2b21___Com.G_SpM_FL 8651.JPG,15,15,Spider_mites Two-spotted_spider_mite,Spider_mites Two-spotted_spider_mite,0.9999931
eeacb23b46bb8e8bdcdff8de08bafe02,PV_data/Tomato___Spider_mites Two-spotted_spider_mite/c217e737-77c7-4df5-baec-e451e47dc991___Com.G_SpM_FL 9580.JPG,15,15,Spider_mites Two-spotted_spider_mite,Spider_mites Two-spotted_spider_mite,0.9912937
3b26f892de595f717f7fb0a07c9397aa,PV_data/Tomato___Spider_mites Two-spotted_spider_mite/c2da4a64-db25-4881-85ef-9b6885e00fb2___Com.G_SpM_FL 9616.JPG,15,15,Spider_mites Two-spotted_spider_mite,Spider_mites Two-spotted_spider_mite,0.9568675
a216a337c2c37524caf208f8743a6a13,PV_data/Tomato___Spider_mites Two-spotted_spider_mite/c4888a9c-836d-4024-a44e-7e451470388d___Com.G_SpM_FL 9447.JPG,15,15,Spider_mites Two-spotted_spider_mite,Spider_mites Two-spotted_spider_mite,0.9999279
cdc4bc8f6fa825b4381f00cbde8988c7,PV_data/Tomato___Spider_mites Two-spotted_spider_mite/c52251d2-be10-4b22-8d88-53497d408b25___Com.G_SpM_FL 1672.JPG,15,15,Spider_mites Two-spotted_spider_mite,Spider_mites Two-spotted_spider_mite,0.9999993
36037e9e5d9ee8e93db7abe5f41b2c97,PV_data/Tomato___Spider_mites Two-spotted_spider_mite/c614b0c3-79eb-4818-ae01-336c79a27780___Com.G_SpM_FL 1618.JPG,15,15,Spider_mites Two-spotted_spider_mite,Spider_mites Two-spotted_spider_mite,0.9999995
c51eaff9ed142faeac4d9e54c12080ef,PV_data/Tomato___Spider_mites Two-spotted_spider_mite/c632fc41-93b2-4655-abee-cfba25000d1b___Com.G_SpM_FL 1476.JPG,15,15,Spider_mites Two-spotted_spider_mite,Spider_mites Two-spotted_spider_mite,1.0
a305aac3b713a4bcf3f0e2b2324d669d,PV_data/Tomato___Spider_mites Two-spotted_spider_mite/c6efd73a-20e6-4c01-888e-5ae96c5a29f5___Com.G_SpM_FL 1339.JPG,15,15,Spider_mites Two-spotted_spider_mite,Spider_mites Two-spotted_spider_mite,0.99999714
421cf7faae4472adc80f4d4a1b7d65b0,PV_data/Tomato___Spider_mites Two-spotted_spider_mite/c71a53bd-045e-48a2-a7a3-2032688619af___Com.G_SpM_FL 1549.JPG,15,15,Spider_mites Two-spotted_spider_mite,Spider_mites Two-spotted_spider_mite,0.99999225
084a2da6c333fc3a48ae39b03a591ce4,PV_data/Tomato___Spider_mites Two-spotted_spider_mite/c7f52fd0-9e7e-4b53-abfe-cf6cd7a21ca2___Com.G_SpM_FL 1530.JPG,15,15,Spider_mites Two-spotted_spider_mite,Spider_mites Two-spotted_spider_mite,0.9999896
84d26a63f1f006979188495d0ac32666,PV_data/Tomato___Spider_mites Two-spotted_spider_mite/ca6db98a-6847-4959-83ff-505210ad6ee5___Com.G_SpM_FL 1669.JPG,15,15,Spider_mites Two-spotted_spider_mite,Spider_mites Two-spotted_spider_mite,0.9999988
f14cfbf3298c62e290dff778b3dc6456,PV_data/Tomato___Spider_mites Two-spotted_spider_mite/cad4659e-efce-4151-8db9-5c2799c6fdb3___Com.G_SpM_FL 9475.JPG,15,15,Spider_mites Two-spotted_spider_mite,Spider_mites Two-spotted_spider_mite,0.9996412
6e7476bbfda5b02b529ab6defc362805,PV_data/Tomato___Spider_mites Two-spotted_spider_mite/cc76b3ae-c1e0-4f0a-b7a0-9696a18079e5___Com.G_SpM_FL 9531.JPG,15,15,Spider_mites Two-spotted_spider_mite,Spider_mites Two-spotted_spider_mite,0.9999267
f01863151ca93820eb8d7d6d84393baf,PV_data/Tomato___Spider_mites Two-spotted_spider_mite/cd69a28b-61e1-476c-8a44-9c584cde6c2a___Com.G_SpM_FL 9481.JPG,15,15,Spider_mites Two-spotted_spider_mite,Spider_mites Two-spotted_spider_mite,0.8951711
8477a99dcf7a04ba704e10310c5696b4,PV_data/Tomato___Spider_mites Two-spotted_spider_mite/ce0386c6-eef2-4746-8407-785b6be137f5___Com.G_SpM_FL 8778.JPG,15,15,Spider_mites Two-spotted_spider_mite,Spider_mites Two-spotted_spider_mite,0.9999329
3fa36e3d3e9886b040332c0bea3f5ea6,PV_data/Tomato___Spider_mites Two-spotted_spider_mite/cf7d951d-3a4b-4579-871a-9baf1ac7704c___Com.G_SpM_FL 1670.JPG,15,15,Spider_mites Two-spotted_spider_mite,Spider_mites Two-spotted_spider_mite,0.9973163
5003d82b37b43b5dd11537c0363320da,PV_data/Tomato___Spider_mites Two-spotted_spider_mite/cf840e2d-8847-44e4-9589-540aefa69895___Com.G_SpM_FL 8544.JPG,15,15,Spider_mites Two-spotted_spider_mite,Spider_mites Two-spotted_spider_mite,0.9532369
21b2448abf07c4157c5b83fc03367a60,PV_data/Tomato___Spider_mites Two-spotted_spider_mite/cf88c4af-4495-4f68-a654-67aaaf05b99a___Com.G_SpM_FL 1735.JPG,15,15,Spider_mites Two-spotted_spider_mite,Spider_mites Two-spotted_spider_mite,0.9999523
369a67d0007438f0d94ca4421d2ba919,PV_data/Tomato___Spider_mites Two-spotted_spider_mite/d1701437-5060-44d3-9feb-1436cdb28200___Com.G_SpM_FL 1140.JPG,15,15,Spider_mites Two-spotted_spider_mite,Spider_mites Two-spotted_spider_mite,0.9999552
9235509f739cbd7e6b786a3c68a4a1e7,PV_data/Tomato___Spider_mites Two-spotted_spider_mite/d2223d7d-d833-466f-9bda-c8c762cae44b___Com.G_SpM_FL 9031.JPG,15,15,Spider_mites Two-spotted_spider_mite,Spider_mites Two-spotted_spider_mite,0.9999987
ec3eddd4fcbf8acf23442d72166b70b5,PV_data/Tomato___Spider_mites Two-spotted_spider_mite/d3732d4c-b7a5-4a11-9290-d3faf28c204b___Com.G_SpM_FL 9023.JPG,15,15,Spider_mites Two-spotted_spider_mite,Spider_mites Two-spotted_spider_mite,0.9999994
7bdc0535dc5e564a7b33266b016bdea1,PV_data/Tomato___Spider_mites Two-spotted_spider_mite/d40c6c6f-396b-4032-ac0c-92d49b6ecea9___Com.G_SpM_FL 9457.JPG,15,15,Spider_mites Two-spotted_spider_mite,Spider_mites Two-spotted_spider_mite,0.99762124
ad1589f02f77b2b40318512c4d0d6eb1,PV_data/Tomato___Spider_mites Two-spotted_spider_mite/d4662c2b-94a2-4957-be81-b3a7d2f74032___Com.G_SpM_FL 8484.JPG,15,15,Spider_mites Two-spotted_spider_mite,Spider_mites Two-spotted_spider_mite,0.9999274
72350c1a09c5119a8fcf9ad85e2fdd8a,PV_data/Tomato___Spider_mites Two-spotted_spider_mite/d4ea7c9d-a3ff-4055-a150-77a5bf30c2b6___Com.G_SpM_FL 9299.JPG,15,15,Spider_mites Two-spotted_spider_mite,Spider_mites Two-spotted_spider_mite,0.9999764
7f9067ecded42e42d71961f61b02af43,PV_data/Tomato___Spider_mites Two-spotted_spider_mite/d55db937-a4ad-4a47-b15e-831437e51a17___Com.G_SpM_FL 1611.JPG,15,15,Spider_mites Two-spotted_spider_mite,Spider_mites Two-spotted_spider_mite,1.0
02994fbfadb1e37de5dbf2ca592b024c,PV_data/Tomato___Spider_mites Two-spotted_spider_mite/d58dce86-2332-4c60-92c7-d033ddb9d0ef___Com.G_SpM_FL 1709.JPG,15,15,Spider_mites Two-spotted_spider_mite,Spider_mites Two-spotted_spider_mite,0.9999994
558d26f69de5c5bb1efa4bdb40a53840,PV_data/Tomato___Spider_mites Two-spotted_spider_mite/d60456fc-4596-45b6-97bf-ea1c5855297e___Com.G_SpM_FL 9555.JPG,15,15,Spider_mites Two-spotted_spider_mite,Spider_mites Two-spotted_spider_mite,0.9986492
6472ec219a921b3c3d0522a34e2a47a5,PV_data/Tomato___Spider_mites Two-spotted_spider_mite/d6540905-ccfd-4b5e-b08d-0dadf7b28215___Com.G_SpM_FL 1280.JPG,15,15,Spider_mites Two-spotted_spider_mite,Spider_mites Two-spotted_spider_mite,0.99997187
8cd8b22be02545b49d6f4595a11ae5c3,PV_data/Tomato___Spider_mites Two-spotted_spider_mite/d6a2b5de-e264-4038-bbee-18e64b5ee1a4___Com.G_SpM_FL 9382.JPG,15,15,Spider_mites Two-spotted_spider_mite,Spider_mites Two-spotted_spider_mite,0.999926
c32f677d11a9ef93b2b794c36717cb6b,PV_data/Tomato___Spider_mites Two-spotted_spider_mite/d7c5cad4-147a-4dc9-9973-e35bfe0e1e8d___Com.G_SpM_FL 8442.JPG,15,15,Spider_mites Two-spotted_spider_mite,Spider_mites Two-spotted_spider_mite,0.9998063
9123ba68458ef33ef7138059ffbf711b,PV_data/Tomato___Spider_mites Two-spotted_spider_mite/d85caca5-875f-42c6-94c9-15c58e22fe64___Com.G_SpM_FL 9354.JPG,15,15,Spider_mites Two-spotted_spider_mite,Spider_mites Two-spotted_spider_mite,0.9999676
7e6bce162c6cd45ea1c9f12e4bb2831e,PV_data/Tomato___Spider_mites Two-spotted_spider_mite/d8c4f4fd-92b9-4e04-9b76-66285d2cd703___Com.G_SpM_FL 9611.JPG,15,15,Spider_mites Two-spotted_spider_mite,Spider_mites Two-spotted_spider_mite,0.9971503
931aa35dc1a67caeeccd1bacec9a6003,PV_data/Tomato___Spider_mites Two-spotted_spider_mite/d90a9ec7-89f8-4c31-855e-368a5b66be3d___Com.G_SpM_FL 1626.JPG,15,15,Spider_mites Two-spotted_spider_mite,Spider_mites Two-spotted_spider_mite,0.99999964
8173ad7fa29631322f40ab34eb6a7202,PV_data/Tomato___Spider_mites Two-spotted_spider_mite/d9af9077-47e3-428c-bd9e-89e57a2f551b___Com.G_SpM_FL 8859.JPG,15,15,Spider_mites Two-spotted_spider_mite,Spider_mites Two-spotted_spider_mite,0.99988675
bbf8b4674db1d8a301a95cbb48db1ba8,PV_data/Tomato___Spider_mites Two-spotted_spider_mite/dbc0310f-d3e8-44d2-9565-c77cdf1bda7d___Com.G_SpM_FL 8626.JPG,15,15,Spider_mites Two-spotted_spider_mite,Spider_mites Two-spotted_spider_mite,0.99931395
6c297e6dffda1a23f55211c6ffa45a4d,PV_data/Tomato___Spider_mites Two-spotted_spider_mite/dbdc03e7-aed5-415b-9b93-2e47ef27f1c3___Com.G_SpM_FL 8498.JPG,15,15,Spider_mites Two-spotted_spider_mite,Spider_mites Two-spotted_spider_mite,0.9999753
73807c6a8345535ea1dbcf67e5d5d0a1,PV_data/Tomato___Spider_mites Two-spotted_spider_mite/dc961b68-8eb5-4444-ac18-2ec9dc8f0501___Com.G_SpM_FL 8720.JPG,15,15,Spider_mites Two-spotted_spider_mite,Spider_mites Two-spotted_spider_mite,0.9999815
4d827989cb7a540dea225eb253cad490,PV_data/Tomato___Spider_mites Two-spotted_spider_mite/e02d4707-0a24-441a-a866-a0a0af33a091___Com.G_SpM_FL 8529.JPG,15,15,Spider_mites Two-spotted_spider_mite,Spider_mites Two-spotted_spider_mite,0.9998574
09e24bc1347631f0348b09f35d6e5a38,PV_data/Tomato___Spider_mites Two-spotted_spider_mite/e0a5a6b3-85f0-4d3c-89f6-b3680f8e7378___Com.G_SpM_FL 8561.JPG,15,15,Spider_mites Two-spotted_spider_mite,Spider_mites Two-spotted_spider_mite,0.99996483
44e02c64f668ced67e77717b0e7bb88a,PV_data/Tomato___Spider_mites Two-spotted_spider_mite/e19615f6-e276-4685-9777-e7bd1122aaaf___Com.G_SpM_FL 9015.JPG,15,15,Spider_mites Two-spotted_spider_mite,Spider_mites Two-spotted_spider_mite,0.9999658
994da32bade3cbfc648927f8a20701cb,PV_data/Tomato___Spider_mites Two-spotted_spider_mite/e1d723d5-d1dc-4116-9940-1b3e68d7e14b___Com.G_SpM_FL 1553.JPG,15,15,Spider_mites Two-spotted_spider_mite,Spider_mites Two-spotted_spider_mite,0.99999106
bd9bb51e8f2602ea39c63a359bf99c88,PV_data/Tomato___Spider_mites Two-spotted_spider_mite/e2aa2f14-9b4e-4b25-aa44-797be70717f4___Com.G_SpM_FL 1620.JPG,15,15,Spider_mites Two-spotted_spider_mite,Spider_mites Two-spotted_spider_mite,0.9999889
b19ae73d86b679e89d7c8050de6f967b,PV_data/Tomato___Spider_mites Two-spotted_spider_mite/e346d87d-cd42-425f-a7a0-8fca01cb6f75___Com.G_SpM_FL 8550.JPG,15,15,Spider_mites Two-spotted_spider_mite,Spider_mites Two-spotted_spider_mite,0.9910654
6af9003f3bbff880a2ebb094e578ec82,PV_data/Tomato___Spider_mites Two-spotted_spider_mite/e6f7952e-cf7e-4d1e-8dd5-4853d5fcc4ee___Com.G_SpM_FL 8543.JPG,15,15,Spider_mites Two-spotted_spider_mite,Spider_mites Two-spotted_spider_mite,0.9998182
e17246cbacb913c1f18720427174e399,PV_data/Tomato___Spider_mites Two-spotted_spider_mite/e90ba377-d69d-47ef-808c-c6ba488da79f___Com.G_SpM_FL 8958.JPG,15,15,Spider_mites Two-spotted_spider_mite,Spider_mites Two-spotted_spider_mite,0.99999106
139d9f1b222cbbcbd16902d8c32becb1,PV_data/Tomato___Spider_mites Two-spotted_spider_mite/e917a630-3b61-4737-8adf-88c04baf2153___Com.G_SpM_FL 8881.JPG,15,15,Spider_mites Two-spotted_spider_mite,Spider_mites Two-spotted_spider_mite,0.99997556
9fbea98e59709f11f8783cbcae13f365,PV_data/Tomato___Spider_mites Two-spotted_spider_mite/eafccf05-17e8-4f79-8016-ddcf30e51589___Com.G_SpM_FL 8616.JPG,15,15,Spider_mites Two-spotted_spider_mite,Spider_mites Two-spotted_spider_mite,0.9999932
296f253850b35d21b4c925b6e2037623,PV_data/Tomato___Spider_mites Two-spotted_spider_mite/ecf28797-b8ea-4ea9-a665-72db94f13ba8___Com.G_SpM_FL 1678.JPG,15,15,Spider_mites Two-spotted_spider_mite,Spider_mites Two-spotted_spider_mite,0.9999949
020376d799b6f5868bb3e43e70b57ec4,PV_data/Tomato___Spider_mites Two-spotted_spider_mite/edd90a56-3a0f-4b3c-a55e-0e0a73bdf18d___Com.G_SpM_FL 1689.JPG,15,15,Spider_mites Two-spotted_spider_mite,Spider_mites Two-spotted_spider_mite,0.99999964
52c7734f4faa6c3d1fd8781a38e111d4,PV_data/Tomato___Spider_mites Two-spotted_spider_mite/efb18527-9be4-4ac4-83fc-9bb30c078cc6___Com.G_SpM_FL 1136.JPG,15,15,Spider_mites Two-spotted_spider_mite,Spider_mites Two-spotted_spider_mite,0.99802846
613b3e8affd50cd53efd22ec5d4cb41a,PV_data/Tomato___Spider_mites Two-spotted_spider_mite/f03d3d30-cc06-48e0-9a8f-978f705cc2e8___Com.G_SpM_FL 1278.JPG,15,15,Spider_mites Two-spotted_spider_mite,Spider_mites Two-spotted_spider_mite,0.9995208
45dcde92251672e2f3875d8d0597bbe0,PV_data/Tomato___Spider_mites Two-spotted_spider_mite/f20dd5c4-0df6-46bf-91a5-12ef264326f0___Com.G_SpM_FL 1367.JPG,15,15,Spider_mites Two-spotted_spider_mite,Spider_mites Two-spotted_spider_mite,0.99951255
ecec1101c5fc674f5962fc99d82f5973,PV_data/Tomato___Spider_mites Two-spotted_spider_mite/f2d3fadc-0142-4425-b731-6d95464a211d___Com.G_SpM_FL 8612.JPG,15,15,Spider_mites Two-spotted_spider_mite,Spider_mites Two-spotted_spider_mite,0.9999989
6605c17997e2b2b9882e18788bd71ba3,PV_data/Tomato___Spider_mites Two-spotted_spider_mite/f2fecaa6-8c39-4163-be6f-ecd456c7b74d___Com.G_SpM_FL 1197.JPG,15,15,Spider_mites Two-spotted_spider_mite,Spider_mites Two-spotted_spider_mite,0.9999865
cc6c86180e45df38cda825ca3ec11d80,PV_data/Tomato___Spider_mites Two-spotted_spider_mite/f30a97b5-ab4e-430e-8abe-217aca9532ce___Com.G_SpM_FL 9384.JPG,15,15,Spider_mites Two-spotted_spider_mite,Spider_mites Two-spotted_spider_mite,0.99999976
bf94d3baf5f150221f994acafc894576,PV_data/Tomato___Spider_mites Two-spotted_spider_mite/f37fc8a7-0bb1-40e4-9ab1-d2a0479c1d59___Com.G_SpM_FL 8853.JPG,15,15,Spider_mites Two-spotted_spider_mite,Spider_mites Two-spotted_spider_mite,0.9984017
4c2849fcb6467814d648919fe092e499,PV_data/Tomato___Spider_mites Two-spotted_spider_mite/f4788089-544c-42c7-ac09-9ede28bca5f4___Com.G_SpM_FL 8799.JPG,15,15,Spider_mites Two-spotted_spider_mite,Spider_mites Two-spotted_spider_mite,0.9999759
f865c219300d798012662ce148c385fe,PV_data/Tomato___Spider_mites Two-spotted_spider_mite/f598ab69-e947-4664-9df0-0ba133e40b30___Com.G_SpM_FL 9504.JPG,15,15,Spider_mites Two-spotted_spider_mite,Spider_mites Two-spotted_spider_mite,0.9999999
b1d7efc15042aacd5d9841ff7133efb6,PV_data/Tomato___Spider_mites Two-spotted_spider_mite/f69ce7ec-7ce3-4123-becf-efea9f9bfd48___Com.G_SpM_FL 9541.JPG,15,15,Spider_mites Two-spotted_spider_mite,Spider_mites Two-spotted_spider_mite,0.9999951
de021ee7f2fe120074dec6a4d9a88616,PV_data/Tomato___Spider_mites Two-spotted_spider_mite/f718db12-7a16-437d-905c-f804e21383c8___Com.G_SpM_FL 1353.JPG,15,15,Spider_mites Two-spotted_spider_mite,Spider_mites Two-spotted_spider_mite,0.99963593
076e4da9ed64b02f0f39956af4e2ac70,PV_data/Tomato___Spider_mites Two-spotted_spider_mite/f83250d9-6b08-4a6c-b135-8d80cc4f258e___Com.G_SpM_FL 1170.JPG,15,15,Spider_mites Two-spotted_spider_mite,Spider_mites Two-spotted_spider_mite,0.9991277
700865c36b658021344ca7d3c1081e5e,PV_data/Tomato___Spider_mites Two-spotted_spider_mite/f8ffac77-3323-4fdb-814b-4a1967048978___Com.G_SpM_FL 9275.JPG,15,15,Spider_mites Two-spotted_spider_mite,Spider_mites Two-spotted_spider_mite,0.9991999
4add58f36b1f1b950628f4dbef338cfb,PV_data/Tomato___Spider_mites Two-spotted_spider_mite/f9493a24-68a7-4c75-b943-0fe5b69405df___Com.G_SpM_FL 8648.JPG,15,15,Spider_mites Two-spotted_spider_mite,Spider_mites Two-spotted_spider_mite,0.9998814
d03793e1be5f8da843911e2754286ab8,PV_data/Tomato___Spider_mites Two-spotted_spider_mite/fa0f71aa-5583-4376-ab17-a755cf065aaf___Com.G_SpM_FL 1520.JPG,15,15,Spider_mites Two-spotted_spider_mite,Spider_mites Two-spotted_spider_mite,0.99984264
25c4f779e06ac6ad6b4003c0cecbb912,PV_data/Tomato___Spider_mites Two-spotted_spider_mite/fb798dfa-5365-4180-b4ce-e46ce5aa9de7___Com.G_SpM_FL 9034.JPG,15,15,Spider_mites Two-spotted_spider_mite,Spider_mites Two-spotted_spider_mite,0.97141176
f224fac607652b271dc5cd8f91da0c0a,PV_data/Tomato___Spider_mites Two-spotted_spider_mite/fbabfa17-0b7e-4c83-bb10-ebcf80515ce7___Com.G_SpM_FL 8741.JPG,15,15,Spider_mites Two-spotted_spider_mite,Spider_mites Two-spotted_spider_mite,0.99997747
ae5462f490dbc71bbaadc20230bf3527,PV_data/Tomato___Spider_mites Two-spotted_spider_mite/fbd9d6dd-1141-42e8-84d5-7ca48ba4632c___Com.G_SpM_FL 9377.JPG,15,15,Spider_mites Two-spotted_spider_mite,Spider_mites Two-spotted_spider_mite,0.999846
4fc5eef0d1002ce77c2dbb02c344a107,PV_data/Tomato___Spider_mites Two-spotted_spider_mite/fd3b6292-6d21-4f4a-969f-9ed064e2c451___Com.G_SpM_FL 1415.JPG,15,15,Spider_mites Two-spotted_spider_mite,Spider_mites Two-spotted_spider_mite,0.99999976
18e4a9a61ce8ca06285647d0025313d7,PV_data/Tomato___Spider_mites Two-spotted_spider_mite/fd5d5849-18dc-4850-8432-10fa95e9cf33___Com.G_SpM_FL 8417.JPG,15,15,Spider_mites Two-spotted_spider_mite,Spider_mites Two-spotted_spider_mite,0.9966479
b373ede33a9e26b960b2a2a5b3131908,PV_data/Tomato___Spider_mites Two-spotted_spider_mite/fd71ebe5-4ce6-4b19-b71e-cb66b034c123___Com.G_SpM_FL 1282.JPG,15,15,Spider_mites Two-spotted_spider_mite,Spider_mites Two-spotted_spider_mite,0.9999999
623a7e790e44614c54512571400f0a3f,PV_data/Tomato___Spider_mites Two-spotted_spider_mite/fdd972d8-a61e-4ae6-b2ae-08c2e3db0900___Com.G_SpM_FL 8856.JPG,15,15,Spider_mites Two-spotted_spider_mite,Spider_mites Two-spotted_spider_mite,0.9999144
7c471d8d7ed2fae55b0ae182c355ff03,PV_data/Tomato___Spider_mites Two-spotted_spider_mite/fe1c35cf-8f9d-4986-b8b3-6d116bc8b388___Com.G_SpM_FL 8633.JPG,15,15,Spider_mites Two-spotted_spider_mite,Spider_mites Two-spotted_spider_mite,0.9999993
2910225864f1185478ec663941e05d9b,PV_data/Tomato___Spider_mites Two-spotted_spider_mite/ff6346ca-227b-4cb4-a350-0941048744fa___Com.G_SpM_FL 9338.JPG,15,15,Spider_mites Two-spotted_spider_mite,Spider_mites Two-spotted_spider_mite,0.97199434
ab45307ecf4bfdd6c051153fecc0805a,PV_data/Tomato___Spider_mites Two-spotted_spider_mite/fff3aeaf-d4ae-4f3a-86d9-79237d07270f___Com.G_SpM_FL 9349.JPG,15,15,Spider_mites Two-spotted_spider_mite,Spider_mites Two-spotted_spider_mite,0.9999069
e215cf6ae561f211c002d1804940685b,PV_data/Tomato___Target_Spot/0118ed61-b135-45be-ad81-7e2d54203be4___Com.G_TgS_FL 8241.JPG,16,16,Target_Spot,Target_Spot,0.99477965
92c3ce85ecb47bb0abc3dee9ab9a41d3,PV_data/Tomato___Target_Spot/02da8ab6-7510-4bf7-a0e3-457f14b6adad___Com.G_TgS_FL 1022.JPG,16,16,Target_Spot,Target_Spot,0.9999924
858197e1e73cf2a88caba67df9583fe6,PV_data/Tomato___Target_Spot/03e19a2b-91f1-4404-a803-9a713c2ee618___Com.G_TgS_FL 9940.JPG,16,16,Target_Spot,Target_Spot,0.9998926
cc6cf8605feed21b57b08be84f1d58cb,PV_data/Tomato___Target_Spot/03ffc2bf-ec6a-43d4-b349-9fd4138467bc___Com.G_TgS_FL 0738.JPG,16,16,Target_Spot,Target_Spot,0.99881774
2aeee77e1d6a03a151f0b9157c56ab4c,PV_data/Tomato___Target_Spot/098d910d-90dd-45c4-9949-dd7b181aed32___Com.G_TgS_FL 0651.JPG,16,16,Target_Spot,Target_Spot,0.9999745
271ea315350ab9d18d512235a327cd9a,PV_data/Tomato___Target_Spot/0c80eea7-7c6f-4f3c-be3d-6cca9ec30c1b___Com.G_TgS_FL 0991.JPG,16,16,Target_Spot,Target_Spot,0.9999994
6b81acf3ed593b072e088e9802a73eb3,PV_data/Tomato___Target_Spot/0e763e60-8821-4484-9793-f8ee4f515127___Com.G_TgS_FL 8135.JPG,16,16,Target_Spot,Target_Spot,0.9999958
6fe8d53bf7729ecbdbe0854f16da447d,PV_data/Tomato___Target_Spot/0ed61d9f-3301-4088-a020-ccc9ebed8b21___Com.G_TgS_FL 8399.JPG,16,16,Target_Spot,Target_Spot,0.99999976
86382b82c05d154250943a8c3f30cf83,PV_data/Tomato___Target_Spot/0fe0ad25-e48a-4b91-bd06-bdd5799944e5___Com.G_TgS_FL 8351.JPG,16,16,Target_Spot,Target_Spot,0.99891895
64ba7d929a567f7f444fd4fbdd7b1f5a,PV_data/Tomato___Target_Spot/100058f3-57c8-4237-b57b-b46a48db3730___Com.G_TgS_FL 7973.JPG,16,16,Target_Spot,Target_Spot,0.99999917
5e601fff7486893735323bc6a0aa8a07,PV_data/Tomato___Target_Spot/109ac0d6-8530-42dc-9dce-8242f839c61f___Com.G_TgS_FL 1105.JPG,16,16,Target_Spot,Target_Spot,0.9999697
d9c6f6b93a604de190fa56e0145dde5b,PV_data/Tomato___Target_Spot/10d8b093-8309-4a2c-b801-4be4809aad2e___Com.G_TgS_FL 1034.JPG,16,16,Target_Spot,Target_Spot,0.98720884
a9e382fa542797242b3017ee475990c8,PV_data/Tomato___Target_Spot/112db582-127e-455c-8ee4-b0ab6bb3e075___Com.G_TgS_FL 8346.JPG,16,16,Target_Spot,Target_Spot,0.9999429
13ea48d07aba4c31708b87ba65bc1bea,PV_data/Tomato___Target_Spot/11d94c10-2699-48ee-b3fb-27d4ac60aeaf___Com.G_TgS_FL 9894.JPG,16,16,Target_Spot,Target_Spot,0.9911408
c148c6219b79118c2d4450b0439dfdf7,PV_data/Tomato___Target_Spot/15f2395b-7130-456a-8ad6-858481c5bf77___Com.G_TgS_FL 0960.JPG,16,16,Target_Spot,Target_Spot,0.99997234
4a3a9b2368a3af7a6605ef667e103bfe,PV_data/Tomato___Target_Spot/1618e9b6-dbf3-4d92-a9bb-0460f121015b___Com.G_TgS_FL 9754.JPG,16,16,Target_Spot,Target_Spot,0.99999964
5c8195f0295bcb459ddaba3a260de09f,PV_data/Tomato___Target_Spot/16bead56-f62b-4b0a-8e90-6840f54f224a___Com.G_TgS_FL 0815.JPG,16,16,Target_Spot,Target_Spot,0.99971193
c6a7ab4371f64653a04c27a04b6f7b47,PV_data/Tomato___Target_Spot/1a3fba97-a09e-48f3-b74e-fe060a03f39b___Com.G_TgS_FL 0856.JPG,16,16,Target_Spot,Target_Spot,0.9999416
544e9cfff518cae1b2022d913b924288,PV_data/Tomato___Target_Spot/1bd1e7a3-614e-4ae4-8707-effd2b0e42fb___Com.G_TgS_FL 0688.JPG,16,16,Target_Spot,Target_Spot,0.9999913
bcae2ec3992654dfe21ee4d374159b5a,PV_data/Tomato___Target_Spot/1c4677d0-4d19-490a-8b7a-5894806174fb___Com.G_TgS_FL 0965.JPG,16,16,Target_Spot,Target_Spot,0.9999628
b895114d51a816e34a7a7e0a6f6883ea,PV_data/Tomato___Target_Spot/1c980f09-7e37-4e57-96e5-d18783691134___Com.G_TgS_FL 9908.JPG,16,6,Target_Spot,Early_blight,0.9179517
2808741d1f4bc5fef5fc7faaf9c4b6bb,PV_data/Tomato___Target_Spot/1d4b2b39-04ca-4921-b824-52c7062f4efb___Com.G_TgS_FL 9810.JPG,16,16,Target_Spot,Target_Spot,0.9974324
73183752ca5270acf63a8fe23c162f51,PV_data/Tomato___Target_Spot/1d51081c-bd57-42aa-9a2b-c394912e87c7___Com.G_TgS_FL 9740.JPG,16,16,Target_Spot,Target_Spot,0.99999833
872458227e5ab74d4a7cff1cbf838545,PV_data/Tomato___Target_Spot/1e5f36a1-69fd-4256-be5d-ae451546b94c___Com.G_TgS_FL 8094.JPG,16,16,Target_Spot,Target_Spot,0.9999857
ee7456364452ae4eef32f5cbff8d9cb2,PV_data/Tomato___Target_Spot/1ea4741f-c01c-486e-a4b4-c77bce536f95___Com.G_TgS_FL 9821.JPG,16,16,Target_Spot,Target_Spot,0.9995493
2443b7a9134f6ed598986f7beff75c1b,PV_data/Tomato___Target_Spot/1f2808be-4fd7-4711-b2dd-5dcc765ef22f___Com.G_TgS_FL 8307.JPG,16,16,Target_Spot,Target_Spot,0.99999845
e5223f0d5b3363d80e66601f3ad3b199,PV_data/Tomato___Target_Spot/1f315135-8b90-4b79-ac61-c71a06ab141e___Com.G_TgS_FL 8080.JPG,16,16,Target_Spot,Target_Spot,0.99997485
b2a47e317648c66aef78fe2593276102,PV_data/Tomato___Target_Spot/1fb2795b-4c60-405e-873b-e3dd3fe6563e___Com.G_TgS_FL 0043.JPG,16,16,Target_Spot,Target_Spot,0.9960656
46bf53c3655beff44f073a5c1c832dc4,PV_data/Tomato___Target_Spot/225b37a6-449f-4436-92be-ae3299f968a4___Com.G_TgS_FL 8197.JPG,16,16,Target_Spot,Target_Spot,0.99999917
77fb3c05b68694536253c1011446216a,PV_data/Tomato___Target_Spot/2334031d-35e6-4e99-bfee-e21c5fa1a75f___Com.G_TgS_FL 8334.JPG,16,16,Target_Spot,Target_Spot,0.99997425
7d273a0631b0c72a5ac5158efdbe6659,PV_data/Tomato___Target_Spot/252b0f54-737e-4622-960c-2196803b6a00___Com.G_TgS_FL 0974.JPG,16,16,Target_Spot,Target_Spot,0.9997384
7fa48a05d8ba0281d13949b59dc05098,PV_data/Tomato___Target_Spot/25f5dde8-4c91-46d6-b2e9-b818a12e3618___Com.G_TgS_FL 0822.JPG,16,16,Target_Spot,Target_Spot,0.9998311
72e7ca4ed959d51799bed98dd4d38dd2,PV_data/Tomato___Target_Spot/26150f8e-52df-4b1e-b37c-01f3cfc8d746___Com.G_TgS_FL 9958.JPG,16,16,Target_Spot,Target_Spot,0.99999905
9df95db38bd63eec1d2f15af11afd756,PV_data/Tomato___Target_Spot/2685b528-885d-4ee4-b525-2d4c10ec2d21___Com.G_TgS_FL 0045.JPG,16,16,Target_Spot,Target_Spot,0.9998025
e5f1ab293f5f148c65297a073bea90d9,PV_data/Tomato___Target_Spot/26b14c4b-b293-41bb-aabb-4a36346f5e8c___Com.G_TgS_FL 1101.JPG,16,16,Target_Spot,Target_Spot,0.99999905
2c4264d4043e7c443555c87694277213,PV_data/Tomato___Target_Spot/2761adc9-bf8f-4362-87a6-7619ecf0dbbe___Com.G_TgS_FL 9681.JPG,16,15,Target_Spot,Spider_mites Two-spotted_spider_mite,0.96392065
5a987410d5e5e59e1489e0f784f35b8b,PV_data/Tomato___Target_Spot/2a1190a6-0661-4066-a05d-2b6486788f10___Com.G_TgS_FL 8239.JPG,16,16,Target_Spot,Target_Spot,0.9999031
50d696a9d676030ba314161dec2660c7,PV_data/Tomato___Target_Spot/2a955c94-cc01-416d-ae86-6ea06af3c253___Com.G_TgS_FL 8056.JPG,16,16,Target_Spot,Target_Spot,0.99999535
89088981078a0b0202f1fcc2dbbc9b0d,PV_data/Tomato___Target_Spot/2b2c841a-f3e8-4861-83d4-c00eaace0049___Com.G_TgS_FL 9897.JPG,16,16,Target_Spot,Target_Spot,0.99954575
8a30aade446bbdf2c1d5f66de4b61324,PV_data/Tomato___Target_Spot/31dff38a-b7d1-47b7-af46-2dcef29f4e0e___Com.G_TgS_FL 1077.JPG,16,16,Target_Spot,Target_Spot,0.99999654
593526c864cdf2a67fb6cc97956310d4,PV_data/Tomato___Target_Spot/3217392a-7b5c-456e-980a-f89aab458a15___Com.G_TgS_FL 8327.JPG,16,16,Target_Spot,Target_Spot,0.9997296
0adbb67786c7c6c640cce882e2136d32,PV_data/Tomato___Target_Spot/32a507e6-d184-43bc-85d9-75f8e6cce8b9___Com.G_TgS_FL 9887.JPG,16,16,Target_Spot,Target_Spot,0.99999714
e3799b3f57ac455c9c922a318a225a3d,PV_data/Tomato___Target_Spot/33af0d83-bbdd-4617-b5ba-e30b1f2f1101___Com.G_TgS_FL 9976.JPG,16,16,Target_Spot,Target_Spot,0.99846596
eec1b59a993a48e9e3d720f13f2e199a,PV_data/Tomato___Target_Spot/34c49f9c-0733-44d6-ad40-d97d7d655d0d___Com.G_TgS_FL 0714.JPG,16,16,Target_Spot,Target_Spot,0.9915248
62b55ebc74877f9a6018ef00a1629ff9,PV_data/Tomato___Target_Spot/356ff048-7937-4c55-b0d4-f831c7cb80e4___Com.G_TgS_FL 0680.JPG,16,16,Target_Spot,Target_Spot,0.9980586
bd35e8100fed6297f9d2b1eb04f3cba2,PV_data/Tomato___Target_Spot/35b0ec56-80f9-4fee-bbf4-b80f782ad37b___Com.G_TgS_FL 9985.JPG,16,16,Target_Spot,Target_Spot,0.9625748
158ea4cf44045cdc2c9a01e6afe23209,PV_data/Tomato___Target_Spot/35fc2de1-f8e1-4ceb-b3fd-6cead6562333___Com.G_TgS_FL 8143.JPG,16,16,Target_Spot,Target_Spot,0.9999902
0b90e0b6e308dda2f9b14e16e5a78bcc,PV_data/Tomato___Target_Spot/363a6f1d-d0d7-4991-9e07-643fd9d4631b___Com.G_TgS_FL 8196.JPG,16,16,Target_Spot,Target_Spot,0.99998415
e02596b00f37af32c24da3d03ae363ba,PV_data/Tomato___Target_Spot/37fcd2fc-3377-49cf-8844-b92818f8ffec___Com.G_TgS_FL 8347.JPG,16,16,Target_Spot,Target_Spot,0.9999962
87d3ff2f1dab70076659f44e176619c4,PV_data/Tomato___Target_Spot/38063538-ea4f-4af0-a1e4-91e45db0f6e8___Com.G_TgS_FL 8189.JPG,16,16,Target_Spot,Target_Spot,0.98252964
a81b7d6324a09492f9f887f1ae5c1da5,PV_data/Tomato___Target_Spot/3919bfe9-902a-439d-b3db-3027ef2f59f2___Com.G_TgS_FL 0849.JPG,16,16,Target_Spot,Target_Spot,0.9956846
ef0df6d7dfae71d4234d278fc1c11874,PV_data/Tomato___Target_Spot/39c2047a-9d7b-489e-b790-45bf9340ee97___Com.G_TgS_FL 8331.JPG,16,16,Target_Spot,Target_Spot,0.999998
7bc0184330c4af1825a10dc42563f96c,PV_data/Tomato___Target_Spot/39f19b15-fe5c-427f-8f5b-e4f78ae9bfa8___Com.G_TgS_FL 0821.JPG,16,16,Target_Spot,Target_Spot,0.9999027
3c5a672550fa0a3e7a2d979ff04a6c11,PV_data/Tomato___Target_Spot/3a72a7cf-4406-4bad-9bf2-582ce0daaf86___Com.G_TgS_FL 8336.JPG,16,16,Target_Spot,Target_Spot,0.9999993
6c1f6bb7fc670bb7b3db4303c6c80c6b,PV_data/Tomato___Target_Spot/3b50f482-3728-49e8-942a-f0b4abba2214___Com.G_TgS_FL 9798.JPG,16,16,Target_Spot,Target_Spot,0.99997747
527645ac5dc1cdd9c8a07d540b169992,PV_data/Tomato___Target_Spot/3d608528-d4b1-4821-8e8f-d952742e0178___Com.G_TgS_FL 7878.JPG,16,16,Target_Spot,Target_Spot,0.99992085
5776c9f101addfbd4c3c4f77a0ec80c6,PV_data/Tomato___Target_Spot/3e436577-550f-47ba-bbf8-eef291a3aed0___Com.G_TgS_FL 0987.JPG,16,16,Target_Spot,Target_Spot,0.99633336
652e00bcdc0933d0603b4dcbfe9e8fae,PV_data/Tomato___Target_Spot/406a0d2c-eab7-4800-9d07-72ae4239e463___Com.G_TgS_FL 8058.JPG,16,16,Target_Spot,Target_Spot,0.9999869
1cd6a3b146bbc9c1ea0aa8b20e4b8943,PV_data/Tomato___Target_Spot/41076904-8726-4e01-9448-dd036863ddb9___Com.G_TgS_FL 9737.JPG,16,16,Target_Spot,Target_Spot,0.99999845
dc3dc23abaff1968f2e2a5b23b92d5cc,PV_data/Tomato___Target_Spot/44e04c0e-4bcd-40c0-9f3c-33078bf398b0___Com.G_TgS_FL 0832.JPG,16,16,Target_Spot,Target_Spot,0.94906485
c12ea74549b9f1ab5e03b17f78a6b1e7,PV_data/Tomato___Target_Spot/484d73fa-4049-4c52-8468-32dcb884f889___Com.G_TgS_FL 7932.JPG,16,16,Target_Spot,Target_Spot,0.99996257
78df454217be121ac93b8cc7eb4f7134,PV_data/Tomato___Target_Spot/4930dce4-8e0b-49ea-9f8c-dd5d0bcda1a1___Com.G_TgS_FL 1018.JPG,16,16,Target_Spot,Target_Spot,0.99953157
1e82fb70a77659badf467ea8bbc08784,PV_data/Tomato___Target_Spot/4986da32-0e00-4837-966a-0c4e0643ef16___Com.G_TgS_FL 9995.JPG,16,16,Target_Spot,Target_Spot,0.9980215
2c85ceaa144104c79f20029b8835f2ad,PV_data/Tomato___Target_Spot/4d1a4a12-f8e4-4ff1-bdba-362f986600e2___Com.G_TgS_FL 1064.JPG,16,16,Target_Spot,Target_Spot,0.99986434
79c3afdc31dda5bd09f3b85b80459780,PV_data/Tomato___Target_Spot/4e0ced8b-16a8-45e9-8c2f-b39000230d90___Com.G_TgS_FL 0902.JPG,16,16,Target_Spot,Target_Spot,0.99995697
aac59f9dc7a6cb498136c6f1c342ff3e,PV_data/Tomato___Target_Spot/4f72435f-b379-4954-8c28-27e8ec20bc76___Com.G_TgS_FL 0011.JPG,16,16,Target_Spot,Target_Spot,0.99999964
6d7696f5a101070ed50986f5d0216224,PV_data/Tomato___Target_Spot/4f72eec5-805e-462f-b32a-06c70bac3351___Com.G_TgS_FL 9711.JPG,16,16,Target_Spot,Target_Spot,0.99962187
22c07468be78a20b66bdbf8bc26986c3,PV_data/Tomato___Target_Spot/50d1f78e-2d2d-41f4-ae65-c0888b4f6c1a___Com.G_TgS_FL 0914.JPG,16,16,Target_Spot,Target_Spot,0.99998224
d1c138fd50462601efd8151de976edda,PV_data/Tomato___Target_Spot/5553c138-0dd3-440b-b6b7-06847298450e___Com.G_TgS_FL 0977.JPG,16,16,Target_Spot,Target_Spot,0.9794963
965aada9e0ce1004debe6fff1f83364a,PV_data/Tomato___Target_Spot/55bda748-2593-42ff-b928-f6cf4f066940___Com.G_TgS_FL 8389.JPG,16,16,Target_Spot,Target_Spot,0.9999939
b1562dbd7bb34a0b44c85ba83ec43474,PV_data/Tomato___Target_Spot/561035d5-0c4e-4705-a1b3-d0e46192d8b0___Com.G_TgS_FL 1097.JPG,16,16,Target_Spot,Target_Spot,0.99999976
da02382a454de9b9ce1920b3248d7039,PV_data/Tomato___Target_Spot/56292fd3-f213-48db-9255-0e5db12840e8___Com.G_TgS_FL 0794.JPG,16,16,Target_Spot,Target_Spot,0.99978125
60e49f8260d433f550ee84667857c04e,PV_data/Tomato___Target_Spot/57e21b61-a295-4a80-a499-a52e29546eb2___Com.G_TgS_FL 8087.JPG,16,16,Target_Spot,Target_Spot,1.0
eaece5b25046756dd8c036d95604d5be,PV_data/Tomato___Target_Spot/586a0ee5-3dec-49b2-b1d0-0eb71b166f9e___Com.G_TgS_FL 0681.JPG,16,16,Target_Spot,Target_Spot,0.999967
0ab673405a3a7bbc303e1d255391b47f,PV_data/Tomato___Target_Spot/592fd013-93fa-442e-9fe0-89a455544285___Com.G_TgS_FL 9701.JPG,16,16,Target_Spot,Target_Spot,0.99941605
c16de408504b11941d08adcaaa3ffd12,PV_data/Tomato___Target_Spot/5a084ee2-7a6d-445e-a269-a26e50bd8883___Com.G_TgS_FL 9673.JPG,16,16,Target_Spot,Target_Spot,0.99594843
681fa0f429b9817f614febf25a4af90d,PV_data/Tomato___Target_Spot/5b92f4fe-d960-4507-8ee3-9b98382d43c6___Com.G_TgS_FL 7965.JPG,16,16,Target_Spot,Target_Spot,0.9999999
b101379dcc49276129623355bed4411e,PV_data/Tomato___Target_Spot/5bf7dbbf-dc6f-4793-a43d-4b678f6eef91___Com.G_TgS_FL 8096.JPG,16,16,Target_Spot,Target_Spot,0.9999958
a386d41ca7e0e4a73c5ed0ddf0ba6d05,PV_data/Tomato___Target_Spot/5ce0b479-d41a-48e0-8615-e6421bff0cbd___Com.G_TgS_FL 9872.JPG,16,16,Target_Spot,Target_Spot,0.99999976
7dd60de6384778789ad3a0be2f843854,PV_data/Tomato___Target_Spot/5d1140f5-ce1e-457a-b62b-3872b985eedd___Com.G_TgS_FL 0042.JPG,16,16,Target_Spot,Target_Spot,0.9997353
223f7f36a62632b1b6501bf46d7b5f7e,PV_data/Tomato___Target_Spot/5d55ddf1-3cd2-48ce-9312-0cffb3f59a3f___Com.G_TgS_FL 9676.JPG,16,16,Target_Spot,Target_Spot,0.99986196
a3fc891fa1c8c9574c441b7a41aee2b4,PV_data/Tomato___Target_Spot/5f373f4a-5bf8-49d2-98f0-fd0a6375e18b___Com.G_TgS_FL 8323.JPG,16,16,Target_Spot,Target_Spot,1.0
7f0eaebe1327de1318cf3c83729be59d,PV_data/Tomato___Target_Spot/5ff8d4fa-6b88-42da-ac4d-2ad7f681441f___Com.G_TgS_FL 8397.JPG,16,16,Target_Spot,Target_Spot,0.99999785
00d5e479c9f910d7d8cc2271c4556e90,PV_data/Tomato___Target_Spot/613ecdcf-3895-498b-b095-76eab9dacb58___Com.G_TgS_FL 0698.JPG,16,16,Target_Spot,Target_Spot,0.9997347
78736f61ab7c27d657e74fa433808bf5,PV_data/Tomato___Target_Spot/633c93b0-3373-4732-9ee9-6f5dc1f4bb99___Com.G_TgS_FL 9748.JPG,16,16,Target_Spot,Target_Spot,0.99995196
147bff874c936002d03f84ee901273db,PV_data/Tomato___Target_Spot/651129cc-a2d0-4fe6-9d19-87295852ea79___Com.G_TgS_FL 9670.JPG,16,16,Target_Spot,Target_Spot,0.9999685
c884df25d0487ab41db6726bb99a86c7,PV_data/Tomato___Target_Spot/651ba9d5-2137-4810-a3ef-afd5fa51d793___Com.G_TgS_FL 0874.JPG,16,16,Target_Spot,Target_Spot,0.99997795
5f55891cb6cba3b07548dc930e1f5289,PV_data/Tomato___Target_Spot/65d70d57-0ba6-4ccb-a5ab-a21a6ac54ec4___Com.G_TgS_FL 0668.JPG,16,16,Target_Spot,Target_Spot,0.99985194
51eccb31f000210fb43aef8a01349571,PV_data/Tomato___Target_Spot/6733bfc5-dea6-45de-ae97-bdc9a44b1d61___Com.G_TgS_FL 0863.JPG,16,16,Target_Spot,Target_Spot,0.9984151
955cd96d68f5df979b45f32dad9f1caf,PV_data/Tomato___Target_Spot/67b9617a-ee0c-4846-9fef-cd89b55d68c2___Com.G_TgS_FL 7984.JPG,16,16,Target_Spot,Target_Spot,0.9999616
a7776efdb067bb169ed48768cf056bbb,PV_data/Tomato___Target_Spot/69cc6a36-f4c0-4c05-a0ab-cd3bb3ab2b50___Com.G_TgS_FL 8216.JPG,16,16,Target_Spot,Target_Spot,0.99973196
e0b13c438803bac36d13d2a367a2b8ff,PV_data/Tomato___Target_Spot/6a512ebc-696c-43a8-b03a-23acabaa5b52___Com.G_TgS_FL 9738.JPG,16,16,Target_Spot,Target_Spot,0.99999964
bec8aae95aab439c9a5600788856536e,PV_data/Tomato___Target_Spot/6bd21bee-4648-43fc-b481-dc4913a8c9be___Com.G_TgS_FL 0841.JPG,16,16,Target_Spot,Target_Spot,0.99999523
414e84ca51f029b128e1f38057debed6,PV_data/Tomato___Target_Spot/6d6769c2-371e-4de1-ac82-9df516a5543f___Com.G_TgS_FL 9763.JPG,16,15,Target_Spot,Spider_mites Two-spotted_spider_mite,0.83730423
16d586478974b67c2fb51e055e158e2d,PV_data/Tomato___Target_Spot/6e99cd8d-2f43-4800-b75f-459974469a26___Com.G_TgS_FL 1069.JPG,16,16,Target_Spot,Target_Spot,0.9999958
0fb4aca59e50c0dbedf12a6bf91869fd,PV_data/Tomato___Target_Spot/6f7becd5-4b98-490a-b929-926d75053295___Com.G_TgS_FL 0881.JPG,16,16,Target_Spot,Target_Spot,0.99973065
30db1c19a5d39adbaddba73c745c8af3,PV_data/Tomato___Target_Spot/717e5866-371a-469a-8242-f2df34d8fa30___Com.G_TgS_FL 8339.JPG,16,16,Target_Spot,Target_Spot,0.9999988
602d9d2d2bca9b35b5f0bc1f3ce48fb3,PV_data/Tomato___Target_Spot/71e6574c-3c0b-4091-aa23-27abd39a8849___Com.G_TgS_FL 9770.JPG,16,16,Target_Spot,Target_Spot,0.99998164
30c065baa201eb32c61b89675d52e406,PV_data/Tomato___Target_Spot/739aeace-c05e-4cca-93e6-3bf96c7c6b44___Com.G_TgS_FL 0820.JPG,16,16,Target_Spot,Target_Spot,0.999805
c841f4b916b55081264ed2c0855a99c5,PV_data/Tomato___Target_Spot/7427608f-e981-4d2a-8683-c6ff0d0be911___Com.G_TgS_FL 1030.JPG,16,16,Target_Spot,Target_Spot,0.9990987
1a6662afab6b143219fb445ae1f9081c,PV_data/Tomato___Target_Spot/7990bb22-2130-498a-95d4-b6213e9e8ac6___Com.G_TgS_FL 1056.JPG,16,16,Target_Spot,Target_Spot,0.9760123
b940d3c76d8147ce4b8a8e602562d2e5,PV_data/Tomato___Target_Spot/7aa8db67-c148-4c40-8ccc-54fc86fdf1ab___Com.G_TgS_FL 9994.JPG,16,16,Target_Spot,Target_Spot,0.9995622
7998244ab1208d4ad8eb434c8e0c252d,PV_data/Tomato___Target_Spot/7cd468c6-69dd-43a2-a5b5-b9b38fffd6b3___Com.G_TgS_FL 0732.JPG,16,16,Target_Spot,Target_Spot,0.9991124
e3adbbabbf764a9b9dc8dec392751117,PV_data/Tomato___Target_Spot/7e65af9a-c384-4674-a069-d4df8cd2c85e___Com.G_TgS_FL 1117.JPG,16,16,Target_Spot,Target_Spot,0.9965023
d11a1e350ffa98bee91176aa7fea0b96,PV_data/Tomato___Target_Spot/8123aa86-c88b-428b-8fa5-f4ebbe16a60b___Com.G_TgS_FL 0834.JPG,16,16,Target_Spot,Target_Spot,0.9916619
8cd282fc484a1ab0eb4e7a881b1c9c43,PV_data/Tomato___Target_Spot/82358168-b9f4-499b-8a19-b5dcf8796b61___Com.G_TgS_FL 0997.JPG,16,16,Target_Spot,Target_Spot,0.99997675
41cee85967dac0d2b05afc5cae540467,PV_data/Tomato___Target_Spot/833f130d-b119-478a-b458-82aa1d78f559___Com.G_TgS_FL 0800.JPG,16,16,Target_Spot,Target_Spot,0.9999776
b7eb0aae02ec97e8b17fbdcc59b6c248,PV_data/Tomato___Target_Spot/83bd6f9a-d5d3-4f7a-a370-089aada223b4___Com.G_TgS_FL 0771.JPG,16,16,Target_Spot,Target_Spot,0.9999951
5bb291831bf34503a36cb293225db1a5,PV_data/Tomato___Target_Spot/840b8b43-83aa-43fa-a275-f917ae86198a___Com.G_TgS_FL 7992.JPG,16,16,Target_Spot,Target_Spot,0.9999999
e2b7e30a9f4e0d7d0c6d21cb4e8ac7d6,PV_data/Tomato___Target_Spot/841b9730-7ea0-4cae-8735-49f057be9d11___Com.G_TgS_FL 8062.JPG,16,16,Target_Spot,Target_Spot,0.99992275
e8f835f75e6b5319383481498f206413,PV_data/Tomato___Target_Spot/8493ccf9-30c9-4fa9-8162-9933b8682db8___Com.G_TgS_FL 7882.JPG,16,16,Target_Spot,Target_Spot,0.99930954
3ef745389f7b296fe8d2e3d91337222a,PV_data/Tomato___Target_Spot/84df451c-1844-4379-ab86-bc61f6b0a343___Com.G_TgS_FL 8128.JPG,16,16,Target_Spot,Target_Spot,0.9999931
b178ca59d5dab23347bedcce5399f59d,PV_data/Tomato___Target_Spot/84f66c02-0aa0-40e8-997f-bda251f7979e___Com.G_TgS_FL 7987.JPG,16,16,Target_Spot,Target_Spot,0.9999981
61ea1a3fe7eb9a5524bdf8b18e8d5806,PV_data/Tomato___Target_Spot/8522865e-5380-428c-a365-059030389ad8___Com.G_TgS_FL 0766.JPG,16,16,Target_Spot,Target_Spot,0.99999547
a4fd99c3a2a135a0d99f85f08ac539bd,PV_data/Tomato___Target_Spot/8775dff7-94da-4c38-91f0-d28ad12b1610___Com.G_TgS_FL 9971.JPG,16,16,Target_Spot,Target_Spot,0.9999932
bac7b9a8e6a1c1f59892e2142bf2e0da,PV_data/Tomato___Target_Spot/87e11f81-b582-488c-8191-ff82b487badc___Com.G_TgS_FL 8305.JPG,16,16,Target_Spot,Target_Spot,0.9999974
ed7659a2dab1385b94806e5e714d6923,PV_data/Tomato___Target_Spot/8a4784b3-5780-4fe1-8158-9eff6f987d1b___Com.G_TgS_FL 8349.JPG,16,16,Target_Spot,Target_Spot,0.9997496
4f659b512f6a1cfe02a7f070104c0c2a,PV_data/Tomato___Target_Spot/8b0db49a-127f-47e5-b942-a869a028903a___Com.G_TgS_FL 0717.JPG,16,16,Target_Spot,Target_Spot,0.99999404
ac4dbe42b140343d73a13ee6c745b086,PV_data/Tomato___Target_Spot/8bf33883-751c-4b5c-b50f-a955a4e0d8b7___Com.G_TgS_FL 1116.JPG,16,16,Target_Spot,Target_Spot,0.9783905
ccadb567f60658090221a88e5d87195b,PV_data/Tomato___Target_Spot/8c06b690-c804-4471-873f-e19f84d49fc7___Com.G_TgS_FL 8242.JPG,16,16,Target_Spot,Target_Spot,0.9999703
ae746043ee90f988beff2ae58443856b,PV_data/Tomato___Target_Spot/8dd3f665-f683-427d-9435-2e62a2650cfd___Com.G_TgS_FL 9879.JPG,16,16,Target_Spot,Target_Spot,0.99968225
4b36d2d66bc2a156a88ea0db483722f3,PV_data/Tomato___Target_Spot/904ba0d5-9070-496a-8983-1eb75cd4149c___Com.G_TgS_FL 0049.JPG,16,16,Target_Spot,Target_Spot,0.9999702
a4c888f440badd8db819bfa35e4d27db,PV_data/Tomato___Target_Spot/90cc8935-7782-41f6-b7ba-61e8f19f3dd2___Com.G_TgS_FL 0644.JPG,16,16,Target_Spot,Target_Spot,0.9999989
13c945dfbac1c7b690594f1f1c5b9172,PV_data/Tomato___Target_Spot/915d8bb1-5ea3-4f00-abdc-dda166e93d3d___Com.G_TgS_FL 8037.JPG,16,16,Target_Spot,Target_Spot,0.99999976
f23ff8bdc5732b3ce08c777d6f81e758,PV_data/Tomato___Target_Spot/942dbcb4-7c9e-4ec7-beea-cd11383c7d83___Com.G_TgS_FL 0835.JPG,16,16,Target_Spot,Target_Spot,0.9984484
a58a88dcaad5218e335b6e397f14b0ee,PV_data/Tomato___Target_Spot/970f236d-e002-4393-b65d-f763feba78e2___Com.G_TgS_FL 9698.JPG,16,16,Target_Spot,Target_Spot,0.9997111
3eb2e9b11dd42e7ccf0805c761126b01,PV_data/Tomato___Target_Spot/9a0f94b8-4255-4d33-8f87-879b960f3471___Com.G_TgS_FL 0031.JPG,16,16,Target_Spot,Target_Spot,0.9999939
1c83f332ef941b3e6ec93237b1b294ce,PV_data/Tomato___Target_Spot/9abdb77e-d5dd-4474-9909-a522106b9790___Com.G_TgS_FL 9968.JPG,16,16,Target_Spot,Target_Spot,0.99997616
18282f5ce814623f29e45b35d94ae8d1,PV_data/Tomato___Target_Spot/9bcca2b9-103b-49bd-ab07-54c810d4c932___Com.G_TgS_FL 9684.JPG,16,16,Target_Spot,Target_Spot,0.96932137
5addf2326be54468ed6f98f4890c2502,PV_data/Tomato___Target_Spot/9ee33eba-abc6-4f16-a292-46d0ded8e88d___Com.G_TgS_FL 9797.JPG,16,16,Target_Spot,Target_Spot,0.99999785
7f68c65adc55127de5123e16da4f3458,PV_data/Tomato___Target_Spot/a04bbb04-5455-4a67-b5fa-4ae4f3df34ef___Com.G_TgS_FL 8074.JPG,16,16,Target_Spot,Target_Spot,0.9999994
4762995c17cd2e59891eaed8649bd516,PV_data/Tomato___Target_Spot/a06e2b19-8e8d-4803-b78a-91c6b0ffd868___Com.G_TgS_FL 0020.JPG,16,16,Target_Spot,Target_Spot,0.99990475
60d705806b9eea15bd9b87eda0970aa3,PV_data/Tomato___Target_Spot/a3185675-e571-4754-b06e-96466c1d3bfc___Com.G_TgS_FL 7885.JPG,16,16,Target_Spot,Target_Spot,0.99991083
7d3518a01c47a2e0123287a8a53164b5,PV_data/Tomato___Target_Spot/a3c5254d-d70f-4523-abe4-8f5f9977db27___Com.G_TgS_FL 8243.JPG,16,16,Target_Spot,Target_Spot,0.9993263
23356ba94fd57e4cbfaac1468483616d,PV_data/Tomato___Target_Spot/a489da29-b369-4bae-a001-f9fe8f2348cc___Com.G_TgS_FL 0735.JPG,16,16,Target_Spot,Target_Spot,0.99975723
fcb45f77aa66395741e0e4998468339e,PV_data/Tomato___Target_Spot/a5afdb8f-fc49-47c9-b3fa-7e1beb24777e___Com.G_TgS_FL 7929.JPG,16,16,Target_Spot,Target_Spot,0.99999976
32675c3ff2a9501f11b84ca1c12338a7,PV_data/Tomato___Target_Spot/a873d860-abf2-4cce-8661-034d87ca61af___Com.G_TgS_FL 0964.JPG,16,16,Target_Spot,Target_Spot,0.99999654
eb38b991aaaf8d293c05c2cd86c93c0b,PV_data/Tomato___Target_Spot/ab2bb1d8-ae76-4522-8933-8137c9b3ff61___Com.G_TgS_FL 7982.JPG,16,16,Target_Spot,Target_Spot,0.99998915
6099615378644d3b320d4cd6d20a40fd,PV_data/Tomato___Target_Spot/ab2f57d3-2cd1-492e-8785-111b062792c6___Com.G_TgS_FL 9984.JPG,16,16,Target_Spot,Target_Spot,0.90896094
e2ef053bd794781c715f25e4d49c1786,PV_data/Tomato___Target_Spot/ab7126ed-6e91-4175-b552-e26756c54b3e___Com.G_TgS_FL 8341.JPG,16,16,Target_Spot,Target_Spot,0.99999416
b52af2700ee09d1326f6f0be16cd15e8,PV_data/Tomato___Target_Spot/acddceed-ecf8-44e5-acfc-8d48897f675f___Com.G_TgS_FL 7970.JPG,16,16,Target_Spot,Target_Spot,0.99999297
a779c07494fc6f01d296b9edabdb054c,PV_data/Tomato___Target_Spot/ad5a2a34-2d92-42e8-a11e-5c473b65e77a___Com.G_TgS_FL 9890.JPG,16,16,Target_Spot,Target_Spot,0.9999784
d003ad3a415dd2fb9380962bba717225,PV_data/Tomato___Target_Spot/ae240844-37fa-4111-86e0-7d7def9416b6___Com.G_TgS_FL 8322.JPG,16,16,Target_Spot,Target_Spot,1.0
001560b86e0f61d7f4fa67364d1cbe93,PV_data/Tomato___Target_Spot/ae469f42-3e92-4082-a652-fa220d0beac6___Com.G_TgS_FL 0904.JPG,16,16,Target_Spot,Target_Spot,0.99999595
e6c0d86543eb9d7272cee8f889db9590,PV_data/Tomato___Target_Spot/b0e42bb8-f979-4fc3-a261-a964e3dd5e5a___Com.G_TgS_FL 8296.JPG,16,16,Target_Spot,Target_Spot,0.99999785
2f7b8cf361c0e93c3b32196da690473c,PV_data/Tomato___Target_Spot/b13c290b-1113-44a9-967b-5c1eeb280a42___Com.G_TgS_FL 8053.JPG,16,16,Target_Spot,Target_Spot,0.99999905
df7c26f5cd76ee008694046a0e1af212,PV_data/Tomato___Target_Spot/b30be12e-1b74-41d9-8ecc-1db3e52cf94c___Com.G_TgS_FL 1060.JPG,16,16,Target_Spot,Target_Spot,0.99981916
4f5003f0f7d8b07bab64a859cdfa74d1,PV_data/Tomato___Target_Spot/b49ac002-7dfe-44c4-8041-c4564b77420c___Com.G_TgS_FL 8366.JPG,16,16,Target_Spot,Target_Spot,0.9999901
207eeb474536dad6d99dab94d4b1ebf6,PV_data/Tomato___Target_Spot/b5a65c31-c375-4c50-b18d-7e2691c5bfa3___Com.G_TgS_FL 9959.JPG,16,16,Target_Spot,Target_Spot,0.99998426
4f132669b173c465b824656342569542,PV_data/Tomato___Target_Spot/b648c02d-081a-4511-8f1f-f24c7f21093f___Com.G_TgS_FL 0806.JPG,16,16,Target_Spot,Target_Spot,0.99882835
8443a9c4f78c8dd1b018dd9ea1d6ed5e,PV_data/Tomato___Target_Spot/b7cef00a-0e11-46e6-ab6f-31d4fd4bb7cd___Com.G_TgS_FL 0740.JPG,16,16,Target_Spot,Target_Spot,0.9997922
5b1c60d8fae1fc5dae5c59a4f008bd21,PV_data/Tomato___Target_Spot/be295ff6-6efd-417a-900d-ad44a2823ded___Com.G_TgS_FL 0025.JPG,16,16,Target_Spot,Target_Spot,0.9998822
182fe98e14ba0a8b98071a7328b62670,PV_data/Tomato___Target_Spot/bfd0d33e-8230-4571-8e53-7059a4759653___Com.G_TgS_FL 0787.JPG,16,16,Target_Spot,Target_Spot,0.9983936
92a7613e59fc233328b95a63b05a3137,PV_data/Tomato___Target_Spot/c40646bd-ba9b-4f8b-a922-2694ee148482___Com.G_TgS_FL 8233.JPG,16,16,Target_Spot,Target_Spot,0.99994624
d13511257882122e0abe92e40709e44e,PV_data/Tomato___Target_Spot/c413ab97-c72d-4e20-a7de-c6faddd64bc1___Com.G_TgS_FL 7947.JPG,16,16,Target_Spot,Target_Spot,0.99999976
47bb3c67d68a251aaa551e81f77dae5a,PV_data/Tomato___Target_Spot/c47c2e46-e1ec-4359-ae0b-5e8b89dbd32f___Com.G_TgS_FL 9795.JPG,16,16,Target_Spot,Target_Spot,0.9999963
0bd437fee851601799f9da2fa1e483fe,PV_data/Tomato___Target_Spot/c4b227e7-9318-4ff3-a816-a9b9dd0469ad___Com.G_TgS_FL 9759.JPG,16,16,Target_Spot,Target_Spot,0.99996185
092deacedc354d6bc878b7d0e7b97d11,PV_data/Tomato___Target_Spot/c5af6691-91a3-41a3-85ad-4b9bf717819e___Com.G_TgS_FL 9712.JPG,16,16,Target_Spot,Target_Spot,0.99997234
d0cf5fa77e6964069b1b97a3d74b927a,PV_data/Tomato___Target_Spot/c60f807c-c094-4fd0-bd34-ccc329d146e9___Com.G_TgS_FL 0675.JPG,16,16,Target_Spot,Target_Spot,0.9964787
83981e483389223522476dbd9b9987f2,PV_data/Tomato___Target_Spot/c696d345-948b-4d5e-8185-13ec8c2b42fa___Com.G_TgS_FL 1037.JPG,16,16,Target_Spot,Target_Spot,0.86907613
831ea01f42ea923e1f7705c622e097d6,PV_data/Tomato___Target_Spot/c6bb63a5-8698-4a14-8f32-195b355cc9dd___Com.G_TgS_FL 9801.JPG,16,16,Target_Spot,Target_Spot,0.99981403
55c1a0fb79bad7e531fc25d7d1375778,PV_data/Tomato___Target_Spot/c77e7d66-adfe-4ef1-b34a-62703d1e4748___Com.G_TgS_FL 1049.JPG,16,16,Target_Spot,Target_Spot,0.9983676
a45429b02b97dbd12e6191cc2dbea67f,PV_data/Tomato___Target_Spot/c820113d-4e8a-46d2-bd86-2504147a0d0d___Com.G_TgS_FL 8026.JPG,16,16,Target_Spot,Target_Spot,0.9997735
c726abbca37c49cb34ee8c21eefe8f60,PV_data/Tomato___Target_Spot/c83ff0f8-5747-4a29-a562-63fd4c21385a___Com.G_TgS_FL 9951.JPG,16,16,Target_Spot,Target_Spot,0.9995036
017b45dd0cbd60b2a7e32cb4b2e306a0,PV_data/Tomato___Target_Spot/c84b010c-4743-4ec9-a22b-8bd6c2b74b69___Com.G_TgS_FL 0888.JPG,16,16,Target_Spot,Target_Spot,0.99999344
ae4ca9b77d370b7b53a175ad9fc1d462,PV_data/Tomato___Target_Spot/c883bf3a-7ad1-428c-aaa7-cecc51ddbd5d___Com.G_TgS_FL 9702.JPG,16,16,Target_Spot,Target_Spot,0.9998113
139e1aaff50f96d2a3ca2b1b01afca57,PV_data/Tomato___Target_Spot/c9ab967a-4bf7-4a19-bab0-8b5a616be23c___Com.G_TgS_FL 9914.JPG,16,16,Target_Spot,Target_Spot,0.99879134
6a149dc74a6b8a69e55b2b8788ff1867,PV_data/Tomato___Target_Spot/ca7de317-7f03-4223-a880-b4e37f5be25a___Com.G_TgS_FL 8203.JPG,16,16,Target_Spot,Target_Spot,0.9999937
86a312170512afe23644cb1591ebeb94,PV_data/Tomato___Target_Spot/cb6ab433-8af6-480f-889a-e5e53df5992c___Com.G_TgS_FL 8184.JPG,16,16,Target_Spot,Target_Spot,0.9999796
66abd99186d904a1f0bbb2eeb28b4d44,PV_data/Tomato___Target_Spot/cd658831-2663-4cec-a968-824cc3325950___Com.G_TgS_FL 8045.JPG,16,16,Target_Spot,Target_Spot,0.99999464
7a7dc34881e2620d372d0d28c103181b,PV_data/Tomato___Target_Spot/cda3b0ec-ee7d-4616-95d4-d8064c30e376___Com.G_TgS_FL 0928.JPG,16,16,Target_Spot,Target_Spot,0.99999857
89b6ab4823c0a8f5e92d49a2c236018a,PV_data/Tomato___Target_Spot/cf9bf5c6-41b2-4802-87ac-84850e57d51a___Com.G_TgS_FL 9948.JPG,16,16,Target_Spot,Target_Spot,0.9999716
b40a7231f3a57b57e633a6aeade1e65f,PV_data/Tomato___Target_Spot/cf9fe78f-ac49-4015-9e7e-c456aed16778___Com.G_TgS_FL 8250.JPG,16,16,Target_Spot,Target_Spot,0.9978434
53feea2cf7228d932e9567c814b092ad,PV_data/Tomato___Target_Spot/d0c861e0-aae7-4847-84cc-880ecc5a8aa1___Com.G_TgS_FL 8005.JPG,16,16,Target_Spot,Target_Spot,0.9998895
61874401ba89f60fdff6f49f8e1fdfa9,PV_data/Tomato___Target_Spot/d1d9b1b4-ec57-4a50-8797-326b452d68cc___Com.G_TgS_FL 8310.JPG,16,16,Target_Spot,Target_Spot,0.9999943
fe83eedbb37fa786de99c13fdbb0ce78,PV_data/Tomato___Target_Spot/d2fbf6aa-07fb-4ae1-8e82-2980be399705___Com.G_TgS_FL 0767.JPG,16,16,Target_Spot,Target_Spot,0.9996424
608373b0af66af1c931766553e667458,PV_data/Tomato___Target_Spot/d3d9fe25-5624-4799-8632-bd52bfa759f5___Com.G_TgS_FL 8185.JPG,16,16,Target_Spot,Target_Spot,0.9999976
8715f33fb172587d69056ff4932127bc,PV_data/Tomato___Target_Spot/d4d1505c-7798-4961-a44a-c190c3dd2b55___Com.G_TgS_FL 9997.JPG,16,16,Target_Spot,Target_Spot,0.82725286
0e23a412f2e285b015c852198f55531b,PV_data/Tomato___Target_Spot/d55566ba-9716-42ea-a474-9850db0811d6___Com.G_TgS_FL 0895.JPG,16,16,Target_Spot,Target_Spot,0.99999976
a8292e3bf61669294c002ee24ddd2aa8,PV_data/Tomato___Target_Spot/d7b1af5a-c818-4ab0-afde-b67124b21f63___Com.G_TgS_FL 0973.JPG,16,16,Target_Spot,Target_Spot,0.99994457
ae65086b0c42785f8829108005abb78b,PV_data/Tomato___Target_Spot/d8a564f9-8139-4119-9a1a-c89e0cfa4e83___Com.G_TgS_FL 8311.JPG,16,16,Target_Spot,Target_Spot,0.999995
25c2a86a38b5c84e338b31f82b87ab6e,PV_data/Tomato___Target_Spot/d8d78885-7101-4e1a-b1fb-e2dc4a61b976___Com.G_TgS_FL 9783.JPG,16,16,Target_Spot,Target_Spot,0.9999976
7b858f5b2f14fa0d9719b6725aac0f81,PV_data/Tomato___Target_Spot/d8dd0e85-7719-43e2-b886-052356deb7ff___Com.G_TgS_FL 0661.JPG,16,16,Target_Spot,Target_Spot,0.9753635
27151ba8801e413e1dd6ece972b58a10,PV_data/Tomato___Target_Spot/dcf6c4a4-e342-4bb5-a2ad-1468560927eb___Com.G_TgS_FL 0030.JPG,16,16,Target_Spot,Target_Spot,0.99979234
61d767d58a1b4493ea6b0ee49e8f4b65,PV_data/Tomato___Target_Spot/dd4d1232-9a04-417d-9551-16bc8aeca9b8___Com.G_TgS_FL 8292.JPG,16,16,Target_Spot,Target_Spot,0.9917991
1f0844a410ab89356f5af82876b74aa3,PV_data/Tomato___Target_Spot/de6e0561-337d-4d7a-8253-bc93e7a40e20___Com.G_TgS_FL 1070.JPG,16,16,Target_Spot,Target_Spot,0.9997063
e54e94b258a1263176a38cee9da1c74e,PV_data/Tomato___Target_Spot/df938a0c-2264-42ed-9f35-41ae0dd86659___Com.G_TgS_FL 9918.JPG,16,16,Target_Spot,Target_Spot,0.99999845
26ef8c21f56adb7ec618e447e8764abb,PV_data/Tomato___Target_Spot/dfce437f-eb6d-4551-986a-ca8b87300c8a___Com.G_TgS_FL 8287.JPG,16,16,Target_Spot,Target_Spot,0.9999933
4b58be3d6cb77daacbd98e670c88dcc3,PV_data/Tomato___Target_Spot/e1b0584e-fa68-446c-85e1-1658252585db___Com.G_TgS_FL 1125.JPG,16,16,Target_Spot,Target_Spot,0.999905
51bbafb9d293fb11d3cba840e189c84c,PV_data/Tomato___Target_Spot/e463ac05-4bd5-45a2-9739-79517670017a___Com.G_TgS_FL 9991.JPG,16,16,Target_Spot,Target_Spot,0.9995385
e6d2b9a54890e0c31c5aa6c2d12ebb0a,PV_data/Tomato___Target_Spot/e56c1e39-3815-4735-bf2b-2b3fa8747235___Com.G_TgS_FL 0012.JPG,16,16,Target_Spot,Target_Spot,0.99998474
a84696c2227bb23315f18b893df942bc,PV_data/Tomato___Target_Spot/e6c089fa-5b16-46e6-a8d9-f742377b43a8___Com.G_TgS_FL 8352.JPG,16,16,Target_Spot,Target_Spot,0.9999927
15b03d69d7975f040d3462e33d921b97,PV_data/Tomato___Target_Spot/ea2f32ba-1bc3-4f8b-abbf-64902bce680d___Com.G_TgS_FL 0823.JPG,16,16,Target_Spot,Target_Spot,0.99919647
99dc3658ca64315b587de8c531a41cc8,PV_data/Tomato___Target_Spot/eae8c73e-0407-4765-a73c-b3d9cdc407b6___Com.G_TgS_FL 8348.JPG,16,16,Target_Spot,Target_Spot,0.9999976
d9bd5f26e87e0ceb8b6fc1878dc5c603,PV_data/Tomato___Target_Spot/eb7ad835-1ca0-4a70-8398-53cc93aaaeaa___Com.G_TgS_FL 7884.JPG,16,16,Target_Spot,Target_Spot,0.99999976
e758a600af64168874980e46cfd2e240,PV_data/Tomato___Target_Spot/ecf38e2a-45b6-452a-aec3-a2c0c5c20a8d___Com.G_TgS_FL 8317.JPG,16,16,Target_Spot,Target_Spot,0.99990404
d05c9e37bba3352e5e631a46b663b225,PV_data/Tomato___Target_Spot/ed0b8513-0a43-4ce8-a4fc-0268ad5fcb12___Com.G_TgS_FL 8111.JPG,16,16,Target_Spot,Target_Spot,0.99979115
0687f74dcfa1069109235bd6abcfabac,PV_data/Tomato___Target_Spot/ee3e7aed-3223-4911-aa80-3ec36732a47a___Com.G_TgS_FL 8089.JPG,16,16,Target_Spot,Target_Spot,0.9999995
2c218029506d0b007cfa932d12c4807d,PV_data/Tomato___Target_Spot/ef38c38e-afcd-44f4-9f48-d69d05eec0cd___Com.G_TgS_FL 9833.JPG,16,16,Target_Spot,Target_Spot,0.99999976
65449d5ddab24b0be776c782e4bceb81,PV_data/Tomato___Target_Spot/f1a05e94-cd30-4b45-ade7-2c82f3b3640b___Com.G_TgS_FL 0839.JPG,16,16,Target_Spot,Target_Spot,0.9999889
1242ec0524d7dca739bc7e2f3a5431d4,PV_data/Tomato___Target_Spot/f22b524e-5e3d-4515-ae40-0683eb629cf5___Com.G_TgS_FL 0670.JPG,16,16,Target_Spot,Target_Spot,0.9998771
ef062ce6aaf93f1cdf7a01e2d43c2cee,PV_data/Tomato___Target_Spot/f36508ae-5375-40da-b127-17f3ee0fd837___Com.G_TgS_FL 8369.JPG,16,16,Target_Spot,Target_Spot,0.9999994
7bf732210af84b61f42ae6c3aa9f9757,PV_data/Tomato___Target_Spot/f3878705-b6ce-448d-868c-5c8016047e57___Com.G_TgS_FL 9736.JPG,16,16,Target_Spot,Target_Spot,0.99996936
a924dcba67ec8085e2590a8d22488310,PV_data/Tomato___Target_Spot/f42d69f6-2f43-4f5f-9363-a8c8d3264336___Com.G_TgS_FL 7988.JPG,16,16,Target_Spot,Target_Spot,0.9999994
ff346d4e64f1ca5f743a731b46e11c51,PV_data/Tomato___Target_Spot/f5b4a026-a578-4dac-a3ba-fc960a573590___Com.G_TgS_FL 0811.JPG,16,16,Target_Spot,Target_Spot,0.99934167
0a8736131dca73d4570db5684686e2b8,PV_data/Tomato___Target_Spot/f76c81a2-941e-4a7b-8ce1-ae366c83d87e___Com.G_TgS_FL 0708.JPG,16,16,Target_Spot,Target_Spot,0.9999894
4c99463c25356a03a8790d66a5197b10,PV_data/Tomato___Target_Spot/f845018e-06b9-43d7-afb1-a67ec0748a79___Com.G_TgS_FL 1089.JPG,16,16,Target_Spot,Target_Spot,0.99967176
17881d2aa87a6c32955eb034e4de6a75,PV_data/Tomato___Target_Spot/f8ce0b9d-9cae-41d3-af49-2872493f3d47___Com.G_TgS_FL 0903.JPG,16,16,Target_Spot,Target_Spot,0.9999987
30ad4a2101702418d8bc1d5de02d0111,PV_data/Tomato___Target_Spot/fa98bbb6-2231-4489-ab05-1eeb55bae882___Com.G_TgS_FL 8105.JPG,16,16,Target_Spot,Target_Spot,0.9999815
6562bef881ced60d410e8f50be4ac397,PV_data/Tomato___Target_Spot/fd5fba19-588d-4053-beef-c77be7b3db95___Com.G_TgS_FL 8044.JPG,16,16,Target_Spot,Target_Spot,0.9999089
04c0eda4efb3720c6f71261d7b3e3a10,PV_data/Tomato___Tomato_Yellow_Leaf_Curl_Virus/003bce78-28c9-4612-b148-f621e9a23bd4___YLCV_GCREC 5154.JPG,17,17,Tomato_Yellow_Leaf_Curl_Virus,Tomato_Yellow_Leaf_Curl_Virus,1.0
8f4c72cf12bfbf21d012d5bb98e010ba,PV_data/Tomato___Tomato_Yellow_Leaf_Curl_Virus/006c18c6-2486-412b-8113-956819390392___YLCV_NREC 2629.JPG,17,17,Tomato_Yellow_Leaf_Curl_Virus,Tomato_Yellow_Leaf_Curl_Virus,0.99999976
ff38682fc849227153fea1e927f90083,PV_data/Tomato___Tomato_Yellow_Leaf_Curl_Virus/00b41556-fe22-41fb-93aa-76b0c45d923a___UF.GRC_YLCV_Lab 02644.JPG,17,17,Tomato_Yellow_Leaf_Curl_Virus,Tomato_Yellow_Leaf_Curl_Virus,1.0
44ce1d109b85d16d0762b78014dea2cd,PV_data/Tomato___Tomato_Yellow_Leaf_Curl_Virus/01512b8e-6589-41ce-82f1-e16a24da38e7___YLCV_GCREC 2099.JPG,17,17,Tomato_Yellow_Leaf_Curl_Virus,Tomato_Yellow_Leaf_Curl_Virus,0.999997
72bcb34291bcdda1b818a4a7f8e5ea08,PV_data/Tomato___Tomato_Yellow_Leaf_Curl_Virus/0172fce9-ee7c-4bb8-9a46-7fc0050438b5___UF.GRC_YLCV_Lab 03161.JPG,17,17,Tomato_Yellow_Leaf_Curl_Virus,Tomato_Yellow_Leaf_Curl_Virus,1.0
67380a84d2976a33ec3a281b032537e0,PV_data/Tomato___Tomato_Yellow_Leaf_Curl_Virus/018c6768-6da7-4aa8-8285-52290d8bffab___UF.GRC_YLCV_Lab 02344.JPG,17,17,Tomato_Yellow_Leaf_Curl_Virus,Tomato_Yellow_Leaf_Curl_Virus,1.0
075f54594d9169572a28df24efffcc35,PV_data/Tomato___Tomato_Yellow_Leaf_Curl_Virus/01f7eeb8-19c7-4c7b-9789-00538abf46fe___UF.GRC_YLCV_Lab 09492.JPG,17,17,Tomato_Yellow_Leaf_Curl_Virus,Tomato_Yellow_Leaf_Curl_Virus,1.0
9b22f177586e93e8b8437d08490d3a1e,PV_data/Tomato___Tomato_Yellow_Leaf_Curl_Virus/01fa2c83-fffb-4aad-a456-e991aeb93f3e___UF.GRC_YLCV_Lab 02154.JPG,17,17,Tomato_Yellow_Leaf_Curl_Virus,Tomato_Yellow_Leaf_Curl_Virus,1.0
174041bc449de6eca065b3e8394beb56,PV_data/Tomato___Tomato_Yellow_Leaf_Curl_Virus/021c4cd6-30ea-465e-9396-515520ead6b2___YLCV_GCREC 2422.JPG,17,17,Tomato_Yellow_Leaf_Curl_Virus,Tomato_Yellow_Leaf_Curl_Virus,1.0
925ef572c644be295110827bbb478458,PV_data/Tomato___Tomato_Yellow_Leaf_Curl_Virus/02aabe96-31be-42a5-a825-261d854e15be___YLCV_GCREC 2894.JPG,17,17,Tomato_Yellow_Leaf_Curl_Virus,Tomato_Yellow_Leaf_Curl_Virus,1.0
8e90fa26aca2ca5b66861ae07be784dc,PV_data/Tomato___Tomato_Yellow_Leaf_Curl_Virus/02affd71-1fe6-48f7-bef4-3d5a59ec7814___UF.GRC_YLCV_Lab 01517.JPG,17,17,Tomato_Yellow_Leaf_Curl_Virus,Tomato_Yellow_Leaf_Curl_Virus,1.0
04cf5514b80827007989a37cef96fe3e,PV_data/Tomato___Tomato_Yellow_Leaf_Curl_Virus/03028d07-fabb-4524-af78-8919980ed2ac___UF.GRC_YLCV_Lab 03170.JPG,17,17,Tomato_Yellow_Leaf_Curl_Virus,Tomato_Yellow_Leaf_Curl_Virus,1.0
6808a4fdbc17676d3af27b09f6d44254,PV_data/Tomato___Tomato_Yellow_Leaf_Curl_Virus/0320cf63-ce16-4c8d-bef4-7fda66f36741___UF.GRC_YLCV_Lab 02599.JPG,17,17,Tomato_Yellow_Leaf_Curl_Virus,Tomato_Yellow_Leaf_Curl_Virus,1.0
0d0a3453beea365f8159cc51ab815167,PV_data/Tomato___Tomato_Yellow_Leaf_Curl_Virus/03bbea43-5a47-4c6a-b036-9a29152c8f09___UF.GRC_YLCV_Lab 01900.JPG,17,17,Tomato_Yellow_Leaf_Curl_Virus,Tomato_Yellow_Leaf_Curl_Virus,1.0
aca330ce7f1f50d2f2cc4a999fdb1088,PV_data/Tomato___Tomato_Yellow_Leaf_Curl_Virus/0402077e-1231-48b4-8aa6-3a9c492dc7e6___YLCV_GCREC 2163.JPG,17,17,Tomato_Yellow_Leaf_Curl_Virus,Tomato_Yellow_Leaf_Curl_Virus,0.9999646
908104642f1cdc9ec089bb7344286a49,PV_data/Tomato___Tomato_Yellow_Leaf_Curl_Virus/0464962a-0f2c-45bc-855a-06bfe656577a___UF.GRC_YLCV_Lab 01858.JPG,17,17,Tomato_Yellow_Leaf_Curl_Virus,Tomato_Yellow_Leaf_Curl_Virus,1.0
1522366b7145145c44f898373905e045,PV_data/Tomato___Tomato_Yellow_Leaf_Curl_Virus/04a49853-05df-44c6-ad25-c90adddd9bcb___YLCV_NREC 2192.JPG,17,17,Tomato_Yellow_Leaf_Curl_Virus,Tomato_Yellow_Leaf_Curl_Virus,0.9999999
a58e40078f376573f58e0acd8d3d1330,PV_data/Tomato___Tomato_Yellow_Leaf_Curl_Virus/050c429f-7779-4952-8911-d4d255e00295___YLCV_GCREC 2868.JPG,17,17,Tomato_Yellow_Leaf_Curl_Virus,Tomato_Yellow_Leaf_Curl_Virus,0.9999807
b7d8de89860161caf33146ed42d981e7,PV_data/Tomato___Tomato_Yellow_Leaf_Curl_Virus/055e33e8-dc46-4cf0-a5f9-ce404a5647fd___YLCV_NREC 0150.JPG,17,17,Tomato_Yellow_Leaf_Curl_Virus,Tomato_Yellow_Leaf_Curl_Virus,0.9999995
0668de0bc34cc843320d81b7e8e27b59,PV_data/Tomato___Tomato_Yellow_Leaf_Curl_Virus/0563dce6-95ce-4ce1-a2b7-95f923b09d26___UF.GRC_YLCV_Lab 01993.JPG,17,17,Tomato_Yellow_Leaf_Curl_Virus,Tomato_Yellow_Leaf_Curl_Virus,1.0
a2eca0af864cd77fb3986ec221a87456,PV_data/Tomato___Tomato_Yellow_Leaf_Curl_Virus/06af6068-b0d7-4dec-b4d5-5ba2fe1753cb___YLCV_NREC 2321.JPG,17,17,Tomato_Yellow_Leaf_Curl_Virus,Tomato_Yellow_Leaf_Curl_Virus,0.9999851
55fd5c8bf807239d3eb8abbc2fbdf872,PV_data/Tomato___Tomato_Yellow_Leaf_Curl_Virus/074c64b5-426e-400b-9895-4f23794880b7___YLCV_NREC 2734.JPG,17,17,Tomato_Yellow_Leaf_Curl_Virus,Tomato_Yellow_Leaf_Curl_Virus,0.9999975
ff596699e6b2f7011a2a0171849671fb,PV_data/Tomato___Tomato_Yellow_Leaf_Curl_Virus/076ee062-20b2-4128-bd95-2acb66c2c838___UF.GRC_YLCV_Lab 01369.JPG,17,17,Tomato_Yellow_Leaf_Curl_Virus,Tomato_Yellow_Leaf_Curl_Virus,1.0
652573c0b418c734ca228391255a6bd7,PV_data/Tomato___Tomato_Yellow_Leaf_Curl_Virus/07cd23b4-48dd-4ae0-be4a-dfe529e3779a___YLCV_NREC 2930.JPG,17,17,Tomato_Yellow_Leaf_Curl_Virus,Tomato_Yellow_Leaf_Curl_Virus,0.99999833
bfa2b6bbd9d701c2e42673fc0ddec4db,PV_data/Tomato___Tomato_Yellow_Leaf_Curl_Virus/07d50744-753e-41f2-b637-99f2ff6c186d___UF.GRC_YLCV_Lab 01558.JPG,17,17,Tomato_Yellow_Leaf_Curl_Virus,Tomato_Yellow_Leaf_Curl_Virus,1.0
ef1ec0d94d82fcc8e9f0836324ca6c8b,PV_data/Tomato___Tomato_Yellow_Leaf_Curl_Virus/080aacff-a429-4f33-958f-64291169f702___UF.GRC_YLCV_Lab 02786.JPG,17,17,Tomato_Yellow_Leaf_Curl_Virus,Tomato_Yellow_Leaf_Curl_Virus,1.0
589143d3d44ce131e4bb9c209963aa06,PV_data/Tomato___Tomato_Yellow_Leaf_Curl_Virus/08166dc1-9f39-4086-bcc9-f0dc0f0e85a6___UF.GRC_YLCV_Lab 02812.JPG,17,17,Tomato_Yellow_Leaf_Curl_Virus,Tomato_Yellow_Leaf_Curl_Virus,0.9999995
ea3a568c89208aadaea02ac925eab732,PV_data/Tomato___Tomato_Yellow_Leaf_Curl_Virus/0823b64f-0025-4995-a7ae-a15297c221bd___UF.GRC_YLCV_Lab 03332.JPG,17,17,Tomato_Yellow_Leaf_Curl_Virus,Tomato_Yellow_Leaf_Curl_Virus,1.0
7f2fdea5232b855fdb4524f2f8f1f9b8,PV_data/Tomato___Tomato_Yellow_Leaf_Curl_Virus/087a92c4-5479-4cea-85f1-f0c3cc67a5a7___YLCV_GCREC 5399.JPG,17,17,Tomato_Yellow_Leaf_Curl_Virus,Tomato_Yellow_Leaf_Curl_Virus,0.99986184
b0a8f070f086af3cc7ae67fb15e78ea4,PV_data/Tomato___Tomato_Yellow_Leaf_Curl_Virus/09b590da-39d7-43fc-8bf8-1d27633afa7d___UF.GRC_YLCV_Lab 02476.JPG,17,17,Tomato_Yellow_Leaf_Curl_Virus,Tomato_Yellow_Leaf_Curl_Virus,1.0
42283dc8abab56d07c8dd6e081d5afbe,PV_data/Tomato___Tomato_Yellow_Leaf_Curl_Virus/0a24f0eb-982d-4611-8a0c-088ef1ac8cb5___YLCV_GCREC 5454.JPG,17,17,Tomato_Yellow_Leaf_Curl_Virus,Tomato_Yellow_Leaf_Curl_Virus,1.0
f756d82506f89b02a0e67c772db0a1a2,PV_data/Tomato___Tomato_Yellow_Leaf_Curl_Virus/0a9560c4-1430-4514-93c4-7036f6fee43d___UF.GRC_YLCV_Lab 01280.JPG,17,17,Tomato_Yellow_Leaf_Curl_Virus,Tomato_Yellow_Leaf_Curl_Virus,1.0
777b24bedc1aae8af17a5cf07c4e8381,PV_data/Tomato___Tomato_Yellow_Leaf_Curl_Virus/0b496439-e920-4d79-97dd-cfbbd491b895___UF.GRC_YLCV_Lab 01276.JPG,17,17,Tomato_Yellow_Leaf_Curl_Virus,Tomato_Yellow_Leaf_Curl_Virus,1.0
d51b937c8ad621dcabd6beadb95e5241,PV_data/Tomato___Tomato_Yellow_Leaf_Curl_Virus/0b4f1295-fb19-4541-afa5-271800914460___UF.GRC_YLCV_Lab 03030.JPG,17,17,Tomato_Yellow_Leaf_Curl_Virus,Tomato_Yellow_Leaf_Curl_Virus,1.0
4c7759f0bf9f81c25837dfa006311901,PV_data/Tomato___Tomato_Yellow_Leaf_Curl_Virus/0c29886e-37b9-4468-b1ca-71e9c6c37414___YLCV_GCREC 2234.JPG,17,17,Tomato_Yellow_Leaf_Curl_Virus,Tomato_Yellow_Leaf_Curl_Virus,1.0
9d2dcacbd452ef73ca90f916ea3b996a,PV_data/Tomato___Tomato_Yellow_Leaf_Curl_Virus/0c88eee3-dc38-42ff-b834-a406d3275208___UF.GRC_YLCV_Lab 01762.JPG,17,17,Tomato_Yellow_Leaf_Curl_Virus,Tomato_Yellow_Leaf_Curl_Virus,1.0
801329e338820a46cfa2119d4893a897,PV_data/Tomato___Tomato_Yellow_Leaf_Curl_Virus/0c9f5882-6af4-4472-8504-0987cdb4048a___UF.GRC_YLCV_Lab 01610.JPG,17,17,Tomato_Yellow_Leaf_Curl_Virus,Tomato_Yellow_Leaf_Curl_Virus,1.0
3b56e5ff29364c233742868bd731f662,PV_data/Tomato___Tomato_Yellow_Leaf_Curl_Virus/0d173b50-c743-4422-99d1-48a0069518db___UF.GRC_YLCV_Lab 03204.JPG,17,17,Tomato_Yellow_Leaf_Curl_Virus,Tomato_Yellow_Leaf_Curl_Virus,1.0
efb0dbfe5f736c05fc8436e53f77b2b7,PV_data/Tomato___Tomato_Yellow_Leaf_Curl_Virus/0d27f2d1-65b1-4b6c-a5ee-fb8538f2ff46___YLCV_NREC 0073.JPG,17,17,Tomato_Yellow_Leaf_Curl_Virus,Tomato_Yellow_Leaf_Curl_Virus,0.994797
edc6a4dc9287ce0b1823de6bdbe1fc56,PV_data/Tomato___Tomato_Yellow_Leaf_Curl_Virus/0d4ba6a2-e8a6-49b0-8f94-ab63ab5c5d3c___YLCV_NREC 2030.JPG,17,17,Tomato_Yellow_Leaf_Curl_Virus,Tomato_Yellow_Leaf_Curl_Virus,0.99043196
8f4c36ea8965080dc88cc49f72f2c217,PV_data/Tomato___Tomato_Yellow_Leaf_Curl_Virus/0d4d2931-d063-4f29-8190-9c624e42f561___YLCV_NREC 2649.JPG,17,17,Tomato_Yellow_Leaf_Curl_Virus,Tomato_Yellow_Leaf_Curl_Virus,0.9999995
c04c020ea99f48e8a3baef307e13f064,PV_data/Tomato___Tomato_Yellow_Leaf_Curl_Virus/0d84c5c2-beed-4122-898f-db2ca354de95___YLCV_GCREC 1914.JPG,17,17,Tomato_Yellow_Leaf_Curl_Virus,Tomato_Yellow_Leaf_Curl_Virus,0.9999975
a45e5b5ba66bf3c120cf4c10b83ec37c,PV_data/Tomato___Tomato_Yellow_Leaf_Curl_Virus/0d95d4d3-9623-4c1a-a30d-9128a6d04b81___UF.GRC_YLCV_Lab 09449.JPG,17,17,Tomato_Yellow_Leaf_Curl_Virus,Tomato_Yellow_Leaf_Curl_Virus,1.0
ebd6b477bd8a4ac32aa92cb968b97030,PV_data/Tomato___Tomato_Yellow_Leaf_Curl_Virus/0fe8e176-9806-44bb-9dbd-394e47305776___UF.GRC_YLCV_Lab 02654.JPG,17,17,Tomato_Yellow_Leaf_Curl_Virus,Tomato_Yellow_Leaf_Curl_Virus,1.0
c13cfa0134f575d99df5f87e8578a30f,PV_data/Tomato___Tomato_Yellow_Leaf_Curl_Virus/0ffb7a14-85d7-4b84-afde-59ed5d86b0e1___YLCV_NREC 2945.JPG,17,17,Tomato_Yellow_Leaf_Curl_Virus,Tomato_Yellow_Leaf_Curl_Virus,0.9943708
450e0c18b86686235d7eedd245f7e057,PV_data/Tomato___Tomato_Yellow_Leaf_Curl_Virus/103210e0-a963-4d63-a23f-0e1bbe7f2f58___UF.GRC_YLCV_Lab 01639.JPG,17,17,Tomato_Yellow_Leaf_Curl_Virus,Tomato_Yellow_Leaf_Curl_Virus,0.9999995
cd421cbf462f38735b44de465b19d610,PV_data/Tomato___Tomato_Yellow_Leaf_Curl_Virus/115c36f2-2c97-4a9a-a091-3c6e976a5e79___UF.GRC_YLCV_Lab 01829.JPG,17,17,Tomato_Yellow_Leaf_Curl_Virus,Tomato_Yellow_Leaf_Curl_Virus,1.0
cb5023225f29418550508b82d65c2d74,PV_data/Tomato___Tomato_Yellow_Leaf_Curl_Virus/119b516b-277b-47ae-bf89-5a61a54f7cd3___YLCV_GCREC 1969.JPG,17,17,Tomato_Yellow_Leaf_Curl_Virus,Tomato_Yellow_Leaf_Curl_Virus,1.0
d1178501b6e202ada78257e6a2a6d44c,PV_data/Tomato___Tomato_Yellow_Leaf_Curl_Virus/11e8ed90-0a9b-4730-b239-7eac7a93fcc2___YLCV_NREC 2741.JPG,17,17,Tomato_Yellow_Leaf_Curl_Virus,Tomato_Yellow_Leaf_Curl_Virus,0.99999666
facc6f40f7e765e9cdc997d30dc964a9,PV_data/Tomato___Tomato_Yellow_Leaf_Curl_Virus/11fce96d-194a-473b-b982-9ec7e2b8d092___YLCV_GCREC 2083.JPG,17,17,Tomato_Yellow_Leaf_Curl_Virus,Tomato_Yellow_Leaf_Curl_Virus,1.0
e204ca43d0b4462c08f9f771c4a7f910,PV_data/Tomato___Tomato_Yellow_Leaf_Curl_Virus/12d0b182-d0a1-45e9-bf99-7e061bf0d83b___YLCV_GCREC 5452.JPG,17,17,Tomato_Yellow_Leaf_Curl_Virus,Tomato_Yellow_Leaf_Curl_Virus,1.0
525765e1998b0ca65ee60f1b6dff28a9,PV_data/Tomato___Tomato_Yellow_Leaf_Curl_Virus/13037cc9-ffd8-4b9a-9077-f29346e47b9d___YLCV_NREC 2176.JPG,17,17,Tomato_Yellow_Leaf_Curl_Virus,Tomato_Yellow_Leaf_Curl_Virus,1.0
29f9d4447f6ed0a6840cb100dffc4282,PV_data/Tomato___Tomato_Yellow_Leaf_Curl_Virus/13364b53-0b4d-43da-8543-6e17de421712___UF.GRC_YLCV_Lab 01665.JPG,17,17,Tomato_Yellow_Leaf_Curl_Virus,Tomato_Yellow_Leaf_Curl_Virus,0.99989045
35968f5713b0377d4b21198adfae635e,PV_data/Tomato___Tomato_Yellow_Leaf_Curl_Virus/139008b7-e1be-4de4-84b1-763758c94f5f___UF.GRC_YLCV_Lab 02561.JPG,17,17,Tomato_Yellow_Leaf_Curl_Virus,Tomato_Yellow_Leaf_Curl_Virus,1.0
5a28414f7061ce04124af74ae1de9fde,PV_data/Tomato___Tomato_Yellow_Leaf_Curl_Virus/1396357a-c61b-4be6-af3e-f79080f509fd___UF.GRC_YLCV_Lab 03319.JPG,17,17,Tomato_Yellow_Leaf_Curl_Virus,Tomato_Yellow_Leaf_Curl_Virus,1.0
d44af03dbca00c907802dd6684917ec1,PV_data/Tomato___Tomato_Yellow_Leaf_Curl_Virus/13af4744-9e18-4571-a288-4ebd8fa1a7be___UF.GRC_YLCV_Lab 08585.JPG,17,17,Tomato_Yellow_Leaf_Curl_Virus,Tomato_Yellow_Leaf_Curl_Virus,0.999908
f5730b938240a69d3bbbdfdbee33c732,PV_data/Tomato___Tomato_Yellow_Leaf_Curl_Virus/143d243b-b214-4998-9c9a-d35bddf3a943___UF.GRC_YLCV_Lab 02474.JPG,17,17,Tomato_Yellow_Leaf_Curl_Virus,Tomato_Yellow_Leaf_Curl_Virus,1.0
b41ecc45c02f5abc9ca2e4c252b84f16,PV_data/Tomato___Tomato_Yellow_Leaf_Curl_Virus/14cfb657-506c-4691-aad2-019a2249362e___YLCV_GCREC 2007.JPG,17,17,Tomato_Yellow_Leaf_Curl_Virus,Tomato_Yellow_Leaf_Curl_Virus,1.0
75ef12a3b0695400ad995d1503664c82,PV_data/Tomato___Tomato_Yellow_Leaf_Curl_Virus/153097bc-9f23-4558-8203-68a283e83c2c___UF.GRC_YLCV_Lab 01952.JPG,17,17,Tomato_Yellow_Leaf_Curl_Virus,Tomato_Yellow_Leaf_Curl_Virus,1.0
10bcc13d280e689f9a734d957c143e65,PV_data/Tomato___Tomato_Yellow_Leaf_Curl_Virus/15ea913f-a400-4a72-9595-63c2f9c168ce___YLCV_GCREC 2828.JPG,17,17,Tomato_Yellow_Leaf_Curl_Virus,Tomato_Yellow_Leaf_Curl_Virus,1.0
a1bc735c0d5065b2df67022befa6cebd,PV_data/Tomato___Tomato_Yellow_Leaf_Curl_Virus/167adedc-42b2-4101-a013-ab905f874abe___YLCV_NREC 2341.JPG,17,17,Tomato_Yellow_Leaf_Curl_Virus,Tomato_Yellow_Leaf_Curl_Virus,0.9999753
79f27ce6ae21470a3aa3930b5de2d486,PV_data/Tomato___Tomato_Yellow_Leaf_Curl_Virus/16951e1f-de33-4572-96f9-4be312c55d6b___UF.GRC_YLCV_Lab 03213.JPG,17,17,Tomato_Yellow_Leaf_Curl_Virus,Tomato_Yellow_Leaf_Curl_Virus,1.0
56d2599fa9eace3828324b5cd4cf6c36,PV_data/Tomato___Tomato_Yellow_Leaf_Curl_Virus/16c50b7b-852d-483c-9103-c5940019aa15___YLCV_NREC 2014.JPG,17,17,Tomato_Yellow_Leaf_Curl_Virus,Tomato_Yellow_Leaf_Curl_Virus,0.99999774
05082c83965ac987f312944ea02474f6,PV_data/Tomato___Tomato_Yellow_Leaf_Curl_Virus/16fd1a50-5fbc-42e3-9b6c-46af87dd424c___YLCV_GCREC 2870.JPG,17,17,Tomato_Yellow_Leaf_Curl_Virus,Tomato_Yellow_Leaf_Curl_Virus,0.99973255
f65a12c2898adef1179e4495b43b1890,PV_data/Tomato___Tomato_Yellow_Leaf_Curl_Virus/1769b9d8-5077-4d78-ac4a-623abc2b17d5___YLCV_GCREC 2619.JPG,17,17,Tomato_Yellow_Leaf_Curl_Virus,Tomato_Yellow_Leaf_Curl_Virus,0.99999976
1c43ecf35ff6351500639ae83559a7ab,PV_data/Tomato___Tomato_Yellow_Leaf_Curl_Virus/177dc2af-d1a0-4f62-a8a3-c5b0d1bbbaa6___UF.GRC_YLCV_Lab 02628.JPG,17,17,Tomato_Yellow_Leaf_Curl_Virus,Tomato_Yellow_Leaf_Curl_Virus,1.0
f3f5647d888a0cee45c7b69da90cee34,PV_data/Tomato___Tomato_Yellow_Leaf_Curl_Virus/1799820c-7e9b-4aa9-9bd8-1f30bc03a020___UF.GRC_YLCV_Lab 01522.JPG,17,17,Tomato_Yellow_Leaf_Curl_Virus,Tomato_Yellow_Leaf_Curl_Virus,1.0
d632605f9408724ba2d23d36010d5f52,PV_data/Tomato___Tomato_Yellow_Leaf_Curl_Virus/17e22e2c-e795-49f8-82c3-58b048b1b4c3___UF.GRC_YLCV_Lab 03366.JPG,17,17,Tomato_Yellow_Leaf_Curl_Virus,Tomato_Yellow_Leaf_Curl_Virus,1.0
c0b77a028d4d795cb8e82d2e323ce65f,PV_data/Tomato___Tomato_Yellow_Leaf_Curl_Virus/1812a48c-9d53-464d-ab42-2089895036ab___UF.GRC_YLCV_Lab 01984.JPG,17,17,Tomato_Yellow_Leaf_Curl_Virus,Tomato_Yellow_Leaf_Curl_Virus,1.0
ced8cb5330ca28ba38a9444118072065,PV_data/Tomato___Tomato_Yellow_Leaf_Curl_Virus/1845b2ba-6148-4a10-8f95-51f032893c37___YLCV_NREC 2703.JPG,17,17,Tomato_Yellow_Leaf_Curl_Virus,Tomato_Yellow_Leaf_Curl_Virus,0.9998734
8053c6fdccee12a78d8f6c1e7295aac6,PV_data/Tomato___Tomato_Yellow_Leaf_Curl_Virus/18b0cd56-fade-43b0-8668-c04d62075956___UF.GRC_YLCV_Lab 02211.JPG,17,17,Tomato_Yellow_Leaf_Curl_Virus,Tomato_Yellow_Leaf_Curl_Virus,0.9999925
e907c829a19aa907fc099cc595b5206a,PV_data/Tomato___Tomato_Yellow_Leaf_Curl_Virus/18b6a9b7-6d7a-4479-bbf3-8190a742cdc8___YLCV_GCREC 5185.JPG,17,17,Tomato_Yellow_Leaf_Curl_Virus,Tomato_Yellow_Leaf_Curl_Virus,1.0
91eacbc92efdefb0cd8cfcb1173b0eda,PV_data/Tomato___Tomato_Yellow_Leaf_Curl_Virus/18c35b61-fc0b-47ba-a0fa-d012f5562904___YLCV_GCREC 2908.JPG,17,17,Tomato_Yellow_Leaf_Curl_Virus,Tomato_Yellow_Leaf_Curl_Virus,0.9999999
19a84b8c1d25d91e6c664a9dbfd61d92,PV_data/Tomato___Tomato_Yellow_Leaf_Curl_Virus/18d740ae-e2cc-40cf-8c03-530a8f2dc4cb___YLCV_GCREC 2905.JPG,17,17,Tomato_Yellow_Leaf_Curl_Virus,Tomato_Yellow_Leaf_Curl_Virus,0.9999981
311c0d270df25771900bde9970a7e438,PV_data/Tomato___Tomato_Yellow_Leaf_Curl_Virus/18fd42c2-368e-43a4-8937-251ddadc3ce6___UF.GRC_YLCV_Lab 02155.JPG,17,17,Tomato_Yellow_Leaf_Curl_Virus,Tomato_Yellow_Leaf_Curl_Virus,1.0
20ec1e1c86345a1efd56dc8b4b40f711,PV_data/Tomato___Tomato_Yellow_Leaf_Curl_Virus/190e5d27-784d-4261-8704-51e4767b4835___YLCV_GCREC 2310.JPG,17,17,Tomato_Yellow_Leaf_Curl_Virus,Tomato_Yellow_Leaf_Curl_Virus,1.0
9747d0d85ab5fee95fb15ef4fa59671b,PV_data/Tomato___Tomato_Yellow_Leaf_Curl_Virus/192b4508-033d-4304-aaae-3cc2b36b172e___YLCV_GCREC 5411.JPG,17,17,Tomato_Yellow_Leaf_Curl_Virus,Tomato_Yellow_Leaf_Curl_Virus,1.0
c910e725fad53a5d9645a69a50fbc4f7,PV_data/Tomato___Tomato_Yellow_Leaf_Curl_Virus/1977e58e-440d-4331-b1e3-d7a7a7af587f___UF.GRC_YLCV_Lab 01404.JPG,17,17,Tomato_Yellow_Leaf_Curl_Virus,Tomato_Yellow_Leaf_Curl_Virus,1.0
3a31951bda1ff01a2338c5c8b7fdb6d9,PV_data/Tomato___Tomato_Yellow_Leaf_Curl_Virus/1a1f95f6-bfed-4a4e-a2c2-f9fb45611631___YLCV_GCREC 5131.JPG,17,17,Tomato_Yellow_Leaf_Curl_Virus,Tomato_Yellow_Leaf_Curl_Virus,0.99999285
b7a4f5c2bcfb384591ba8390186cc386,PV_data/Tomato___Tomato_Yellow_Leaf_Curl_Virus/1a5c3b6d-82ff-4f9b-9ba9-575a493ed3d9___UF.GRC_YLCV_Lab 02684.JPG,17,17,Tomato_Yellow_Leaf_Curl_Virus,Tomato_Yellow_Leaf_Curl_Virus,1.0
a8d3ad7988129c67aa16b298b5f2ac88,PV_data/Tomato___Tomato_Yellow_Leaf_Curl_Virus/1ab21ded-952d-40a5-9c27-7161c11a6eba___UF.GRC_YLCV_Lab 08517.JPG,17,17,Tomato_Yellow_Leaf_Curl_Virus,Tomato_Yellow_Leaf_Curl_Virus,0.99999523
f4d0040aa219eb5d03b807eeb677910c,PV_data/Tomato___Tomato_Yellow_Leaf_Curl_Virus/1ad9445f-f1aa-43ee-b0b6-e811fb120bcb___UF.GRC_YLCV_Lab 02600.JPG,17,17,Tomato_Yellow_Leaf_Curl_Virus,Tomato_Yellow_Leaf_Curl_Virus,1.0
3403e2ab7454f2f8034a4451c4b1bdfb,PV_data/Tomato___Tomato_Yellow_Leaf_Curl_Virus/1af07f2b-027b-4792-80c5-2c20a4ed538c___YLCV_NREC 0179.JPG,17,17,Tomato_Yellow_Leaf_Curl_Virus,Tomato_Yellow_Leaf_Curl_Virus,0.9999994
8d2570732e66cb2df023ca964553ad43,PV_data/Tomato___Tomato_Yellow_Leaf_Curl_Virus/1af87bdf-0bd0-4146-93e5-cc5f97d98b05___UF.GRC_YLCV_Lab 01968.JPG,17,17,Tomato_Yellow_Leaf_Curl_Virus,Tomato_Yellow_Leaf_Curl_Virus,1.0
e083febab2459fc3890759816d7f9a4c,PV_data/Tomato___Tomato_Yellow_Leaf_Curl_Virus/1b2e12ce-3b2e-4747-85f8-de80a3d5dd35___UF.GRC_YLCV_Lab 08565.JPG,17,17,Tomato_Yellow_Leaf_Curl_Virus,Tomato_Yellow_Leaf_Curl_Virus,0.99999845
50314f6a3d01d80f4eacb4c43c3bd9bf,PV_data/Tomato___Tomato_Yellow_Leaf_Curl_Virus/1b4ded19-b85b-4916-a158-6d8203062996___YLCV_GCREC 2230.JPG,17,17,Tomato_Yellow_Leaf_Curl_Virus,Tomato_Yellow_Leaf_Curl_Virus,1.0
83f0e207676a42c87f1b2aadfc66a00f,PV_data/Tomato___Tomato_Yellow_Leaf_Curl_Virus/1b94c436-a664-4e2a-af62-8e4d3761754a___YLCV_GCREC 2343.JPG,17,17,Tomato_Yellow_Leaf_Curl_Virus,Tomato_Yellow_Leaf_Curl_Virus,1.0
9d3e2ff581a2acdb41f4838585638a93,PV_data/Tomato___Tomato_Yellow_Leaf_Curl_Virus/1be94ab9-681b-4cbb-9304-e4f4178a74e9___UF.GRC_YLCV_Lab 02822.JPG,17,17,Tomato_Yellow_Leaf_Curl_Virus,Tomato_Yellow_Leaf_Curl_Virus,0.9999981
c199685509b5cc9f6460811b9e05fb1c,PV_data/Tomato___Tomato_Yellow_Leaf_Curl_Virus/1bf89324-315f-4267-9009-fe116526a0b5___UF.GRC_YLCV_Lab 02379.JPG,17,17,Tomato_Yellow_Leaf_Curl_Virus,Tomato_Yellow_Leaf_Curl_Virus,1.0
b74e48d8887e8e18ffc700fb21ff2222,PV_data/Tomato___Tomato_Yellow_Leaf_Curl_Virus/1c1e1887-c9f8-4498-8ed5-4b09931946e0___UF.GRC_YLCV_Lab 03400.JPG,17,17,Tomato_Yellow_Leaf_Curl_Virus,Tomato_Yellow_Leaf_Curl_Virus,1.0
af22b7c26fb5064894012d2776ef8b77,PV_data/Tomato___Tomato_Yellow_Leaf_Curl_Virus/1c8981d8-e6f5-4b26-b1ed-b0dea1a622d1___YLCV_NREC 2240.JPG,17,17,Tomato_Yellow_Leaf_Curl_Virus,Tomato_Yellow_Leaf_Curl_Virus,0.9999994
ba4d13f156a17ee098135930ae0ea4bc,PV_data/Tomato___Tomato_Yellow_Leaf_Curl_Virus/1d1d75b8-9cf7-4df5-be43-47aedb745b6a___YLCV_GCREC 2000.JPG,17,17,Tomato_Yellow_Leaf_Curl_Virus,Tomato_Yellow_Leaf_Curl_Virus,0.9999999
b82767cae4d6b2d10cc930f0b3496a6a,PV_data/Tomato___Tomato_Yellow_Leaf_Curl_Virus/1d2c329f-db43-4e47-b3bc-93f84ec812cc___YLCV_NREC 2310.JPG,17,17,Tomato_Yellow_Leaf_Curl_Virus,Tomato_Yellow_Leaf_Curl_Virus,0.9999896
73223b1749796aeb02e86bcca3c2c6ba,PV_data/Tomato___Tomato_Yellow_Leaf_Curl_Virus/1d389f4a-ac40-4233-8b73-5bbf4428fda2___UF.GRC_YLCV_Lab 01279.JPG,17,17,Tomato_Yellow_Leaf_Curl_Virus,Tomato_Yellow_Leaf_Curl_Virus,1.0
4700950d736cca51bcaec7891f0eda7a,PV_data/Tomato___Tomato_Yellow_Leaf_Curl_Virus/1d4fd3e9-0b14-4eb4-8034-699cf0c4ca3e___YLCV_NREC 2583.JPG,17,17,Tomato_Yellow_Leaf_Curl_Virus,Tomato_Yellow_Leaf_Curl_Virus,0.99999356
27f87a6ce085ab93c5a2cf8724a56dec,PV_data/Tomato___Tomato_Yellow_Leaf_Curl_Virus/1d71aaf7-0c50-4668-818f-1481a1c367cd___YLCV_GCREC 2857.JPG,17,17,Tomato_Yellow_Leaf_Curl_Virus,Tomato_Yellow_Leaf_Curl_Virus,1.0
4db2a29ce107670e8b50ff662c764986,PV_data/Tomato___Tomato_Yellow_Leaf_Curl_Virus/1da2cd46-6067-4b47-a453-e02754962329___UF.GRC_YLCV_Lab 01728.JPG,17,17,Tomato_Yellow_Leaf_Curl_Virus,Tomato_Yellow_Leaf_Curl_Virus,1.0
47e46fff99732fab6e8a11374b32e18c,PV_data/Tomato___Tomato_Yellow_Leaf_Curl_Virus/1da5a1f0-7b30-4984-869e-ecc7a618eb29___YLCV_NREC 2840.JPG,17,17,Tomato_Yellow_Leaf_Curl_Virus,Tomato_Yellow_Leaf_Curl_Virus,0.9999958
3341b7e1f4470ce9006403db34f29ccb,PV_data/Tomato___Tomato_Yellow_Leaf_Curl_Virus/1da736d4-1d24-47f8-9989-bfed656a7e9d___YLCV_NREC 1989.JPG,17,17,Tomato_Yellow_Leaf_Curl_Virus,Tomato_Yellow_Leaf_Curl_Virus,0.99948955
2f54c802028f9f47a7df3af0da6f67ba,PV_data/Tomato___Tomato_Yellow_Leaf_Curl_Virus/1dc30471-999e-4b74-a775-c85fc2c7ab89___UF.GRC_YLCV_Lab 02134.JPG,17,17,Tomato_Yellow_Leaf_Curl_Virus,Tomato_Yellow_Leaf_Curl_Virus,0.9999999
118802f335255f67e6e2834a38adae25,PV_data/Tomato___Tomato_Yellow_Leaf_Curl_Virus/1dfb7895-5477-4ad0-b02e-bbdfab409cf6___YLCV_NREC 0240.JPG,17,17,Tomato_Yellow_Leaf_Curl_Virus,Tomato_Yellow_Leaf_Curl_Virus,0.9999975
a685b59826506bc8cf835254a3e5bee5,PV_data/Tomato___Tomato_Yellow_Leaf_Curl_Virus/1dfbb58c-b33a-4b2e-a5fa-5df40246e7e8___UF.GRC_YLCV_Lab 01421.JPG,17,17,Tomato_Yellow_Leaf_Curl_Virus,Tomato_Yellow_Leaf_Curl_Virus,1.0
0735d695761f44fdbf26a2f8298d079c,PV_data/Tomato___Tomato_Yellow_Leaf_Curl_Virus/1e23b687-67ac-466c-b14e-49f0fe717ac0___UF.GRC_YLCV_Lab 01647.JPG,17,17,Tomato_Yellow_Leaf_Curl_Virus,Tomato_Yellow_Leaf_Curl_Virus,0.9999999
cc4a2267201762c19cb6a445b602e519,PV_data/Tomato___Tomato_Yellow_Leaf_Curl_Virus/1ee40690-2367-4a13-92ae-32b308b9533f___YLCV_NREC 2548.JPG,17,17,Tomato_Yellow_Leaf_Curl_Virus,Tomato_Yellow_Leaf_Curl_Virus,0.99993503
e4f8842cb116bf1464db51c8368d3c6b,PV_data/Tomato___Tomato_Yellow_Leaf_Curl_Virus/1eeab195-9373-4dfc-b4f7-b3198c542b08___YLCV_NREC 2141.JPG,17,17,Tomato_Yellow_Leaf_Curl_Virus,Tomato_Yellow_Leaf_Curl_Virus,0.99999964
3f98e109f8b02a90d0f13fa48e97d3fa,PV_data/Tomato___Tomato_Yellow_Leaf_Curl_Virus/1f2608c7-0a2b-4687-93fd-ec25e7a45dd4___UF.GRC_YLCV_Lab 01683.JPG,17,17,Tomato_Yellow_Leaf_Curl_Virus,Tomato_Yellow_Leaf_Curl_Virus,0.9999969
16ad6032ceef02d0aab5235370954464,PV_data/Tomato___Tomato_Yellow_Leaf_Curl_Virus/1f3cf528-4e4e-4df7-936f-10c527a549da___UF.GRC_YLCV_Lab 01559.JPG,17,17,Tomato_Yellow_Leaf_Curl_Virus,Tomato_Yellow_Leaf_Curl_Virus,1.0
fc02f9229649eb3644fcfa62e93a587e,PV_data/Tomato___Tomato_Yellow_Leaf_Curl_Virus/1ff39e2a-e4e5-4090-a87d-245171c14f5b___UF.GRC_YLCV_Lab 01340.JPG,17,17,Tomato_Yellow_Leaf_Curl_Virus,Tomato_Yellow_Leaf_Curl_Virus,1.0
d4ebfb032bada9ac4dfde568f85fe1b1,PV_data/Tomato___Tomato_Yellow_Leaf_Curl_Virus/207fc955-4430-4829-b860-d3044662115a___UF.GRC_YLCV_Lab 01930.JPG,17,17,Tomato_Yellow_Leaf_Curl_Virus,Tomato_Yellow_Leaf_Curl_Virus,1.0
85610fa665a3d629e227bbf69b4f3346,PV_data/Tomato___Tomato_Yellow_Leaf_Curl_Virus/211eb7f6-3b10-4e02-9c39-94c6670ff89e___YLCV_NREC 2480.JPG,17,17,Tomato_Yellow_Leaf_Curl_Virus,Tomato_Yellow_Leaf_Curl_Virus,0.9999995
dc9613a053102a83ee58dd632f3106d6,PV_data/Tomato___Tomato_Yellow_Leaf_Curl_Virus/215dc59b-8b01-4d24-b9a3-50381c85dc68___UF.GRC_YLCV_Lab 08516.JPG,17,17,Tomato_Yellow_Leaf_Curl_Virus,Tomato_Yellow_Leaf_Curl_Virus,0.9999969
67268a528c495572b5d6242324c157f1,PV_data/Tomato___Tomato_Yellow_Leaf_Curl_Virus/21ba34bc-59e1-4ecf-9cad-fed76e711b45___YLCV_GCREC 2885.JPG,17,17,Tomato_Yellow_Leaf_Curl_Virus,Tomato_Yellow_Leaf_Curl_Virus,1.0
2424f0188ba7e253cfa60a529a95f496,PV_data/Tomato___Tomato_Yellow_Leaf_Curl_Virus/21c74488-b442-4f56-8bc7-80fc49bda969___UF.GRC_YLCV_Lab 09500.JPG,17,17,Tomato_Yellow_Leaf_Curl_Virus,Tomato_Yellow_Leaf_Curl_Virus,1.0
8e3e45854b79e4fc4aee7821130a4d36,PV_data/Tomato___Tomato_Yellow_Leaf_Curl_Virus/21d82d98-597b-4fba-83e4-e14a53e498a9___YLCV_GCREC 2512.JPG,17,17,Tomato_Yellow_Leaf_Curl_Virus,Tomato_Yellow_Leaf_Curl_Virus,1.0
5a0b2215fd08efccce2f89abd451b96d,PV_data/Tomato___Tomato_Yellow_Leaf_Curl_Virus/221a54ec-fb87-4352-a76e-bd9516106855___UF.GRC_YLCV_Lab 01436.JPG,17,17,Tomato_Yellow_Leaf_Curl_Virus,Tomato_Yellow_Leaf_Curl_Virus,1.0
334495262bc9908c9c6a496b65550683,PV_data/Tomato___Tomato_Yellow_Leaf_Curl_Virus/225b13bb-77a2-44bd-b745-cae8adcb834d___YLCV_GCREC 2136.JPG,17,17,Tomato_Yellow_Leaf_Curl_Virus,Tomato_Yellow_Leaf_Curl_Virus,1.0
ef9c5a3c8cebb7639fe274f81fe364f2,PV_data/Tomato___Tomato_Yellow_Leaf_Curl_Virus/23504c14-516b-4fe1-9a5e-2eb4061a69cc___UF.GRC_YLCV_Lab 02272.JPG,17,17,Tomato_Yellow_Leaf_Curl_Virus,Tomato_Yellow_Leaf_Curl_Virus,0.9999759
b1862d87d1948a9c9904b78d18cf1634,PV_data/Tomato___Tomato_Yellow_Leaf_Curl_Virus/23db1556-5a40-4ef7-9531-ef935ba9dd8d___UF.GRC_YLCV_Lab 09390.JPG,17,17,Tomato_Yellow_Leaf_Curl_Virus,Tomato_Yellow_Leaf_Curl_Virus,1.0
ddb324fbe31d74107d067259e7edb0f6,PV_data/Tomato___Tomato_Yellow_Leaf_Curl_Virus/24465d56-2ed5-458e-86f8-b79baf8f129c___YLCV_GCREC 2917.JPG,17,17,Tomato_Yellow_Leaf_Curl_Virus,Tomato_Yellow_Leaf_Curl_Virus,0.9999999
dc76508ac1133e19bcb9218100577cc9,PV_data/Tomato___Tomato_Yellow_Leaf_Curl_Virus/247bac90-bceb-449e-b30f-3d23b435395c___UF.GRC_YLCV_Lab 01326.JPG,17,17,Tomato_Yellow_Leaf_Curl_Virus,Tomato_Yellow_Leaf_Curl_Virus,1.0
bbc76e610023ec1c413581de4f193455,PV_data/Tomato___Tomato_Yellow_Leaf_Curl_Virus/24bd6cc6-b172-4ea5-955b-b6b03e7b53a7___UF.GRC_YLCV_Lab 01289.JPG,17,17,Tomato_Yellow_Leaf_Curl_Virus,Tomato_Yellow_Leaf_Curl_Virus,1.0
67045651cf95de3ad6272e104a64f025,PV_data/Tomato___Tomato_Yellow_Leaf_Curl_Virus/24e68d61-7f48-413c-b72e-6df8267d608f___UF.GRC_YLCV_Lab 01399.JPG,17,17,Tomato_Yellow_Leaf_Curl_Virus,Tomato_Yellow_Leaf_Curl_Virus,1.0
4538e852f63be7ad192eaf89d2027084,PV_data/Tomato___Tomato_Yellow_Leaf_Curl_Virus/2532b703-2998-466b-b9c2-4ef6f7a2bbc8___UF.GRC_YLCV_Lab 02737.JPG,17,17,Tomato_Yellow_Leaf_Curl_Virus,Tomato_Yellow_Leaf_Curl_Virus,1.0
bd0a71f7106f1635e28cb55c3b41ce4e,PV_data/Tomato___Tomato_Yellow_Leaf_Curl_Virus/2567dfac-4dbf-4ad8-a538-e239f15cefb0___YLCV_NREC 2337.JPG,17,17,Tomato_Yellow_Leaf_Curl_Virus,Tomato_Yellow_Leaf_Curl_Virus,0.99999785
8fff2cb3e3c786afe1282dc38f8d1acc,PV_data/Tomato___Tomato_Yellow_Leaf_Curl_Virus/25dabdac-3c5c-4c0b-93cd-908b561e1adc___YLCV_GCREC 2547.JPG,17,17,Tomato_Yellow_Leaf_Curl_Virus,Tomato_Yellow_Leaf_Curl_Virus,1.0
5e031f6028f090327de3a991ecbc72af,PV_data/Tomato___Tomato_Yellow_Leaf_Curl_Virus/261eaa37-c66d-4cf5-bb3d-9d3d132fd7bf___UF.GRC_YLCV_Lab 09554.JPG,17,17,Tomato_Yellow_Leaf_Curl_Virus,Tomato_Yellow_Leaf_Curl_Virus,1.0
f3144303c72491e17a16ad32563a155b,PV_data/Tomato___Tomato_Yellow_Leaf_Curl_Virus/269ed18b-98b6-48db-896c-c1281e13586b___UF.GRC_YLCV_Lab 02846.JPG,17,17,Tomato_Yellow_Leaf_Curl_Virus,Tomato_Yellow_Leaf_Curl_Virus,1.0
3140dc38212937bf00b38f0fd6aaa740,PV_data/Tomato___Tomato_Yellow_Leaf_Curl_Virus/26d30da3-8034-4676-9600-04bd349075cd___YLCV_GCREC 2053.JPG,17,17,Tomato_Yellow_Leaf_Curl_Virus,Tomato_Yellow_Leaf_Curl_Virus,0.9999999
71c6d1d9e5eae9cb49e70ca9e94de5d1,PV_data/Tomato___Tomato_Yellow_Leaf_Curl_Virus/279f7a3f-2c27-4698-8fb9-b40dfd311ba0___UF.GRC_YLCV_Lab 01671.JPG,17,17,Tomato_Yellow_Leaf_Curl_Virus,Tomato_Yellow_Leaf_Curl_Virus,0.99999905
662746b5edbc9b2fbcdd7414581ffca0,PV_data/Tomato___Tomato_Yellow_Leaf_Curl_Virus/286116e9-d8d7-4b2d-b0c8-1323638d25be___UF.GRC_YLCV_Lab 08588.JPG,17,17,Tomato_Yellow_Leaf_Curl_Virus,Tomato_Yellow_Leaf_Curl_Virus,0.99949026
83f12171284023090ab9ca7f449217cd,PV_data/Tomato___Tomato_Yellow_Leaf_Curl_Virus/289149ff-3482-4aad-a4d8-9da766a02650___YLCV_GCREC 2693.JPG,17,17,Tomato_Yellow_Leaf_Curl_Virus,Tomato_Yellow_Leaf_Curl_Virus,1.0
6d777d4b11b871c1ed357ec1f8545b86,PV_data/Tomato___Tomato_Yellow_Leaf_Curl_Virus/28c54a50-7744-4549-8eae-64a435aa1775___YLCV_NREC 2892.JPG,17,17,Tomato_Yellow_Leaf_Curl_Virus,Tomato_Yellow_Leaf_Curl_Virus,0.99997914
3db71465bc9d751c93898153d9cbb5bd,PV_data/Tomato___Tomato_Yellow_Leaf_Curl_Virus/28e6031f-e23e-451b-9f44-12bec70ca2eb___YLCV_NREC 2070.JPG,17,17,Tomato_Yellow_Leaf_Curl_Virus,Tomato_Yellow_Leaf_Curl_Virus,1.0
2cf2f850f1af02d2843c2793f3ca48b7,PV_data/Tomato___Tomato_Yellow_Leaf_Curl_Virus/291ee93a-1f02-4d58-b376-54999cb136da___YLCV_GCREC 5217.JPG,17,17,Tomato_Yellow_Leaf_Curl_Virus,Tomato_Yellow_Leaf_Curl_Virus,0.99999774
443a823858b136d890d897729d2f0d7e,PV_data/Tomato___Tomato_Yellow_Leaf_Curl_Virus/292880f6-581b-43c3-9093-da727e219c1a___UF.GRC_YLCV_Lab 02129.JPG,17,17,Tomato_Yellow_Leaf_Curl_Virus,Tomato_Yellow_Leaf_Curl_Virus,1.0
6178b8b214c85e6a805eb3bf9e7d980c,PV_data/Tomato___Tomato_Yellow_Leaf_Curl_Virus/292911d9-012e-422d-93ba-3e8ef50a749f___YLCV_NREC 0141.JPG,17,17,Tomato_Yellow_Leaf_Curl_Virus,Tomato_Yellow_Leaf_Curl_Virus,1.0
c6f38e8ada8736d5e7b82c4953f6bdac,PV_data/Tomato___Tomato_Yellow_Leaf_Curl_Virus/297a2a8a-d9fe-4c30-8904-55a1086763d0___YLCV_GCREC 5405.JPG,17,17,Tomato_Yellow_Leaf_Curl_Virus,Tomato_Yellow_Leaf_Curl_Virus,1.0
0c3fbe96f71ffd5a5dddbad159318e96,PV_data/Tomato___Tomato_Yellow_Leaf_Curl_Virus/29e2d4fc-01ad-4da0-8b2c-dfd51fcc294c___UF.GRC_YLCV_Lab 03280.JPG,17,17,Tomato_Yellow_Leaf_Curl_Virus,Tomato_Yellow_Leaf_Curl_Virus,1.0
211b851fa217c8d73ae9f6ba921c0f7a,PV_data/Tomato___Tomato_Yellow_Leaf_Curl_Virus/29f63a5e-06f8-48bd-a753-0ca7bc927ea6___UF.GRC_YLCV_Lab 09621.JPG,17,17,Tomato_Yellow_Leaf_Curl_Virus,Tomato_Yellow_Leaf_Curl_Virus,0.9999999
e86f93b02da25e90f62353c43a4fc6ff,PV_data/Tomato___Tomato_Yellow_Leaf_Curl_Virus/2a32769b-1352-43fb-889d-612c4395848c___UF.GRC_YLCV_Lab 02713.JPG,17,17,Tomato_Yellow_Leaf_Curl_Virus,Tomato_Yellow_Leaf_Curl_Virus,1.0
de2e5f0a03fb4e03e1b6b9165a047957,PV_data/Tomato___Tomato_Yellow_Leaf_Curl_Virus/2a5c3393-6cae-46be-a715-c5e475d1b3e9___UF.GRC_YLCV_Lab 09405.JPG,17,17,Tomato_Yellow_Leaf_Curl_Virus,Tomato_Yellow_Leaf_Curl_Virus,1.0
1851683b7dc93625fd24ae279373b653,PV_data/Tomato___Tomato_Yellow_Leaf_Curl_Virus/2a67b51d-1ad6-4ab9-8a1d-db599f8593f3___YLCV_NREC 0081.JPG,17,17,Tomato_Yellow_Leaf_Curl_Virus,Tomato_Yellow_Leaf_Curl_Virus,0.9999993
c9f417ae6563d3280a2973644c811ad2,PV_data/Tomato___Tomato_Yellow_Leaf_Curl_Virus/2a893d80-fce2-4a58-b33e-de1e4d15cca3___UF.GRC_YLCV_Lab 01792.JPG,17,17,Tomato_Yellow_Leaf_Curl_Virus,Tomato_Yellow_Leaf_Curl_Virus,1.0
2c3a18f55bd907d64b2a274ccd8a98b9,PV_data/Tomato___Tomato_Yellow_Leaf_Curl_Virus/2acea156-8e71-4851-9f34-f9842978bb24___YLCV_GCREC 1933.JPG,17,17,Tomato_Yellow_Leaf_Curl_Virus,Tomato_Yellow_Leaf_Curl_Virus,0.99999785
8f0a5f9a72b6fc1c25fd6abb4febf644,PV_data/Tomato___Tomato_Yellow_Leaf_Curl_Virus/2bbe6fb5-d83b-427e-a757-06b0aa54df99___YLCV_NREC 2089.JPG,17,17,Tomato_Yellow_Leaf_Curl_Virus,Tomato_Yellow_Leaf_Curl_Virus,1.0
2dad6b836dec59c0b16f6df88cbc3684,PV_data/Tomato___Tomato_Yellow_Leaf_Curl_Virus/2be8c906-36de-4290-9003-cc717511cab9___YLCV_GCREC 2334.JPG,17,17,Tomato_Yellow_Leaf_Curl_Virus,Tomato_Yellow_Leaf_Curl_Virus,1.0
d923e0e6dea17ff3bbd5f08ca55a90ab,PV_data/Tomato___Tomato_Yellow_Leaf_Curl_Virus/2c127696-2214-42d3-b957-54a5362ce2b0___YLCV_GCREC 2320.JPG,17,17,Tomato_Yellow_Leaf_Curl_Virus,Tomato_Yellow_Leaf_Curl_Virus,0.99971586
418ae2953dc02bd27a31e9801f3942ea,PV_data/Tomato___Tomato_Yellow_Leaf_Curl_Virus/2c63abde-6c3f-422f-861d-ef78dce24a3c___UF.GRC_YLCV_Lab 02630.JPG,17,17,Tomato_Yellow_Leaf_Curl_Virus,Tomato_Yellow_Leaf_Curl_Virus,1.0
a0d4667b8fc47e92c382b18c8c9bef1c,PV_data/Tomato___Tomato_Yellow_Leaf_Curl_Virus/2ce6e1ab-1743-44f9-b3c2-d70304eb9366___YLCV_GCREC 5255.JPG,17,17,Tomato_Yellow_Leaf_Curl_Virus,Tomato_Yellow_Leaf_Curl_Virus,1.0
41cb8654525114bd9cd297a2a4c05514,PV_data/Tomato___Tomato_Yellow_Leaf_Curl_Virus/2cf77de4-b5cd-404b-8949-53c5687d3936___UF.GRC_YLCV_Lab 09541.JPG,17,17,Tomato_Yellow_Leaf_Curl_Virus,Tomato_Yellow_Leaf_Curl_Virus,1.0
b9382c553833511e3beadd3dc57d0088,PV_data/Tomato___Tomato_Yellow_Leaf_Curl_Virus/2d3999dd-3b1a-4c6c-80bd-1deadf491737___UF.GRC_YLCV_Lab 03361.JPG,17,17,Tomato_Yellow_Leaf_Curl_Virus,Tomato_Yellow_Leaf_Curl_Virus,1.0
b1757fc4a329604c3294a6f377e02aa6,PV_data/Tomato___Tomato_Yellow_Leaf_Curl_Virus/2dfcaad2-0257-46da-8a5f-3684d6ff6d0b___YLCV_NREC 2381.JPG,17,17,Tomato_Yellow_Leaf_Curl_Virus,Tomato_Yellow_Leaf_Curl_Virus,1.0
447ebb172c51d7051d9640b4cb16030f,PV_data/Tomato___Tomato_Yellow_Leaf_Curl_Virus/2e35da7f-b86b-4298-b15c-bfaf24f93356___YLCV_GCREC 5280.JPG,17,17,Tomato_Yellow_Leaf_Curl_Virus,Tomato_Yellow_Leaf_Curl_Virus,1.0
3d07f7d6743f21f4cff08e9309fc154b,PV_data/Tomato___Tomato_Yellow_Leaf_Curl_Virus/2e90eb55-3401-4132-9f57-b4a46ed27e67___UF.GRC_YLCV_Lab 03198.JPG,17,17,Tomato_Yellow_Leaf_Curl_Virus,Tomato_Yellow_Leaf_Curl_Virus,1.0
f32f19857f38284a44ffe2d90559751f,PV_data/Tomato___Tomato_Yellow_Leaf_Curl_Virus/2ec298be-1276-4077-8492-926b0d4f7a8f___YLCV_NREC 2000.JPG,17,17,Tomato_Yellow_Leaf_Curl_Virus,Tomato_Yellow_Leaf_Curl_Virus,0.999997
bf1c940f574b69b7b1f4930e3c4521f2,PV_data/Tomato___Tomato_Yellow_Leaf_Curl_Virus/2f04a206-a20d-406b-b9da-71791f9bfa1b___UF.GRC_YLCV_Lab 01335.JPG,17,17,Tomato_Yellow_Leaf_Curl_Virus,Tomato_Yellow_Leaf_Curl_Virus,0.9999993
53d5eec5079f8aa412a52358cb8ac33d,PV_data/Tomato___Tomato_Yellow_Leaf_Curl_Virus/2f066eba-b6f8-4180-86c5-ce92fb96dda3___UF.GRC_YLCV_Lab 08586.JPG,17,17,Tomato_Yellow_Leaf_Curl_Virus,Tomato_Yellow_Leaf_Curl_Virus,0.9899344
be65ff981d0b37d9a648ff1681631ac6,PV_data/Tomato___Tomato_Yellow_Leaf_Curl_Virus/2f2c0384-0669-4294-bba1-553040bb0554___UF.GRC_YLCV_Lab 01826.JPG,17,17,Tomato_Yellow_Leaf_Curl_Virus,Tomato_Yellow_Leaf_Curl_Virus,1.0
ed481d6d70de252ec6bd5c246881ac77,PV_data/Tomato___Tomato_Yellow_Leaf_Curl_Virus/2f38975a-b7a3-4698-8bc3-0caabf426779___YLCV_NREC 2239.JPG,17,17,Tomato_Yellow_Leaf_Curl_Virus,Tomato_Yellow_Leaf_Curl_Virus,1.0
c81237fd5dc7d1845a318a25e3036951,PV_data/Tomato___Tomato_Yellow_Leaf_Curl_Virus/2fb8693b-b77d-4fb0-ad85-b954abcdd5ae___YLCV_GCREC 5274.JPG,17,17,Tomato_Yellow_Leaf_Curl_Virus,Tomato_Yellow_Leaf_Curl_Virus,1.0
5b664f85591ea036b5eef25cefb2907c,PV_data/Tomato___Tomato_Yellow_Leaf_Curl_Virus/2ff9d604-2e15-4baa-974d-2038df4501e1___UF.GRC_YLCV_Lab 01577.JPG,17,17,Tomato_Yellow_Leaf_Curl_Virus,Tomato_Yellow_Leaf_Curl_Virus,1.0
c7594b4bf7b634d67aa45f2f66368693,PV_data/Tomato___Tomato_Yellow_Leaf_Curl_Virus/300013e5-2a4b-412a-896a-45a1d0d4eece___YLCV_NREC 0061.JPG,17,17,Tomato_Yellow_Leaf_Curl_Virus,Tomato_Yellow_Leaf_Curl_Virus,0.9998858
4dffd12bde7007073ae71f24a2bd8bb0,PV_data/Tomato___Tomato_Yellow_Leaf_Curl_Virus/3167dea8-47ef-4761-9e14-f7b66dcd976f___YLCV_NREC 2538.JPG,17,17,Tomato_Yellow_Leaf_Curl_Virus,Tomato_Yellow_Leaf_Curl_Virus,0.9875052
c9dc3bd911158f0155aac7eb1c7c1b50,PV_data/Tomato___Tomato_Yellow_Leaf_Curl_Virus/31945578-c927-474f-b807-1788a1c98a7d___YLCV_NREC 2378.JPG,17,17,Tomato_Yellow_Leaf_Curl_Virus,Tomato_Yellow_Leaf_Curl_Virus,0.9992094
e31eb3673536126e43f7d536035113ed,PV_data/Tomato___Tomato_Yellow_Leaf_Curl_Virus/325f1fec-c7f3-4319-aff8-cce24628ad01___YLCV_NREC 2093.JPG,17,17,Tomato_Yellow_Leaf_Curl_Virus,Tomato_Yellow_Leaf_Curl_Virus,0.9999995
6f4009e8e2c509df8720ffb7807240bf,PV_data/Tomato___Tomato_Yellow_Leaf_Curl_Virus/3288f220-6679-4d0b-9aca-b0603da72bd3___UF.GRC_YLCV_Lab 01444.JPG,17,17,Tomato_Yellow_Leaf_Curl_Virus,Tomato_Yellow_Leaf_Curl_Virus,1.0
d50970dee1c4a97eda79aff433ab9783,PV_data/Tomato___Tomato_Yellow_Leaf_Curl_Virus/32ddc9de-8942-473d-9f0c-af6231dc3b12___YLCV_NREC 0315.JPG,17,17,Tomato_Yellow_Leaf_Curl_Virus,Tomato_Yellow_Leaf_Curl_Virus,0.9999701
87ba9f068c191e08240ed5d7a42043b0,PV_data/Tomato___Tomato_Yellow_Leaf_Curl_Virus/33bea973-1c8a-4d8e-afad-1da0dce0a48d___UF.GRC_YLCV_Lab 01614.JPG,17,17,Tomato_Yellow_Leaf_Curl_Virus,Tomato_Yellow_Leaf_Curl_Virus,1.0
0235fa1a50d36023b1652a7f272f6f76,PV_data/Tomato___Tomato_Yellow_Leaf_Curl_Virus/33e4b464-c819-4c91-bfbd-62534a2557df___UF.GRC_YLCV_Lab 02177.JPG,17,17,Tomato_Yellow_Leaf_Curl_Virus,Tomato_Yellow_Leaf_Curl_Virus,1.0
faa640ffa6e2ec72b539dd677e8673a0,PV_data/Tomato___Tomato_Yellow_Leaf_Curl_Virus/347a0845-117b-4389-8265-8c635a362e90___YLCV_GCREC 2649.JPG,17,17,Tomato_Yellow_Leaf_Curl_Virus,Tomato_Yellow_Leaf_Curl_Virus,1.0
8461835250b80e486a491c3734451bce,PV_data/Tomato___Tomato_Yellow_Leaf_Curl_Virus/347dac92-b9bf-414d-a7db-3daaa108067f___UF.GRC_YLCV_Lab 08465.JPG,17,17,Tomato_Yellow_Leaf_Curl_Virus,Tomato_Yellow_Leaf_Curl_Virus,0.99999905
f6cf983dbe9f6a13ffe6c8ab16a9caf2,PV_data/Tomato___Tomato_Yellow_Leaf_Curl_Virus/3532c170-b506-4db6-9f85-243f75b8724d___UF.GRC_YLCV_Lab 09549.JPG,17,17,Tomato_Yellow_Leaf_Curl_Virus,Tomato_Yellow_Leaf_Curl_Virus,1.0
dc8143cbcefaa8e462b5b55a34c12dc7,PV_data/Tomato___Tomato_Yellow_Leaf_Curl_Virus/35515968-5714-4c60-ac4d-c3e74500012a___UF.GRC_YLCV_Lab 08532.JPG,17,17,Tomato_Yellow_Leaf_Curl_Virus,Tomato_Yellow_Leaf_Curl_Virus,0.9999988
ca6cd939e12e615fb19853b87af87457,PV_data/Tomato___Tomato_Yellow_Leaf_Curl_Virus/35b953f7-9a61-4295-8191-c43837dbe99e___YLCV_NREC 0063.JPG,17,17,Tomato_Yellow_Leaf_Curl_Virus,Tomato_Yellow_Leaf_Curl_Virus,0.99983287
4901ddd8750dd4385b61ed9c6fbfc7ab,PV_data/Tomato___Tomato_Yellow_Leaf_Curl_Virus/35d0ae49-02c5-402a-9c78-16aebc1821ad___YLCV_NREC 2746.JPG,17,17,Tomato_Yellow_Leaf_Curl_Virus,Tomato_Yellow_Leaf_Curl_Virus,1.0
d9d77d369e40f1749e495b73bfe57ea3,PV_data/Tomato___Tomato_Yellow_Leaf_Curl_Virus/363682e5-90f5-4ba5-a5c8-1f7cd2d8d8f2___UF.GRC_YLCV_Lab 09590.JPG,17,17,Tomato_Yellow_Leaf_Curl_Virus,Tomato_Yellow_Leaf_Curl_Virus,1.0
34fa287cdfbd5a814acce2717aa9cdfc,PV_data/Tomato___Tomato_Yellow_Leaf_Curl_Virus/36913f6b-b40f-466f-94e6-72100fd36595___UF.GRC_YLCV_Lab 01635.JPG,17,17,Tomato_Yellow_Leaf_Curl_Virus,Tomato_Yellow_Leaf_Curl_Virus,1.0
35e8574b7732eb2f8a92d3c12ed21410,PV_data/Tomato___Tomato_Yellow_Leaf_Curl_Virus/369bde96-5f99-4fa3-a08f-e5dbf0eeeb9c___YLCV_NREC 2593.JPG,17,17,Tomato_Yellow_Leaf_Curl_Virus,Tomato_Yellow_Leaf_Curl_Virus,0.9999976
16afb605e223ef12e186977db0491b49,PV_data/Tomato___Tomato_Yellow_Leaf_Curl_Virus/37b9b782-f68d-4bc8-8c7b-616627c9303c___UF.GRC_YLCV_Lab 02273.JPG,17,17,Tomato_Yellow_Leaf_Curl_Virus,Tomato_Yellow_Leaf_Curl_Virus,0.99996305
414e2b67e73fe935902e0f302389fd31,PV_data/Tomato___Tomato_Yellow_Leaf_Curl_Virus/37c2cc81-0d24-4030-9f76-399c29561b3f___UF.GRC_YLCV_Lab 02512.JPG,17,17,Tomato_Yellow_Leaf_Curl_Virus,Tomato_Yellow_Leaf_Curl_Virus,1.0
5f677edb790a246b0cb60b2a436554a5,PV_data/Tomato___Tomato_Yellow_Leaf_Curl_Virus/3811b959-8884-4cf7-9a75-ed5b36c966f7___YLCV_GCREC 2718.JPG,17,17,Tomato_Yellow_Leaf_Curl_Virus,Tomato_Yellow_Leaf_Curl_Virus,1.0
7a7829ce4b4fca6df36f9659cfb2d371,PV_data/Tomato___Tomato_Yellow_Leaf_Curl_Virus/38703a93-8e70-4b7f-ac5b-9aebde31ec1a___UF.GRC_YLCV_Lab 02590.JPG,17,17,Tomato_Yellow_Leaf_Curl_Virus,Tomato_Yellow_Leaf_Curl_Virus,1.0
6960248530bbf953fe40406522bbff5c,PV_data/Tomato___Tomato_Yellow_Leaf_Curl_Virus/38be9410-abff-454d-bede-1efb6ebc238a___YLCV_GCREC 2735.JPG,17,17,Tomato_Yellow_Leaf_Curl_Virus,Tomato_Yellow_Leaf_Curl_Virus,1.0
903ae6e0cc79d0be50073fc8fcc1fa08,PV_data/Tomato___Tomato_Yellow_Leaf_Curl_Virus/39741755-2162-4921-9345-3581ed30345b___UF.GRC_YLCV_Lab 02563.JPG,17,17,Tomato_Yellow_Leaf_Curl_Virus,Tomato_Yellow_Leaf_Curl_Virus,1.0
ff3108ad0822708ad2118e11a47e14dd,PV_data/Tomato___Tomato_Yellow_Leaf_Curl_Virus/39e2adcf-3eb8-49bb-8b0c-cdd205f6bdc9___UF.GRC_YLCV_Lab 03090.JPG,17,17,Tomato_Yellow_Leaf_Curl_Virus,Tomato_Yellow_Leaf_Curl_Virus,1.0
4c10f4d6926132fbe27687bcba92bbd6,PV_data/Tomato___Tomato_Yellow_Leaf_Curl_Virus/39ec3a92-788c-4e8c-aff9-3e9e30a07f99___YLCV_GCREC 5483.JPG,17,17,Tomato_Yellow_Leaf_Curl_Virus,Tomato_Yellow_Leaf_Curl_Virus,0.9999999
ff57d2c80f7fc2b8a117797556806edd,PV_data/Tomato___Tomato_Yellow_Leaf_Curl_Virus/3a094809-b00b-4b39-830d-67d2d6b0a9ca___YLCV_GCREC 5272.JPG,17,17,Tomato_Yellow_Leaf_Curl_Virus,Tomato_Yellow_Leaf_Curl_Virus,1.0
c05ac554c7e489b3a39d4286d6bc66ed,PV_data/Tomato___Tomato_Yellow_Leaf_Curl_Virus/3a0aae44-b088-456b-bec2-0b223e570470___YLCV_NREC 2294.JPG,17,17,Tomato_Yellow_Leaf_Curl_Virus,Tomato_Yellow_Leaf_Curl_Virus,0.9999999
a0528f53fbfca5dc37362f0ea66453d4,PV_data/Tomato___Tomato_Yellow_Leaf_Curl_Virus/3a0ed99b-2663-4c3d-b9dd-79fdcae9c5f2___UF.GRC_YLCV_Lab 01731.JPG,17,17,Tomato_Yellow_Leaf_Curl_Virus,Tomato_Yellow_Leaf_Curl_Virus,1.0
ac32d6ed87e7741767173e87ffacb414,PV_data/Tomato___Tomato_Yellow_Leaf_Curl_Virus/3a42744f-6649-4754-8bf5-8e659e4372d1___UF.GRC_YLCV_Lab 01851.JPG,17,17,Tomato_Yellow_Leaf_Curl_Virus,Tomato_Yellow_Leaf_Curl_Virus,1.0
05e9d16636be9c2e1f2b315ba2008cd8,PV_data/Tomato___Tomato_Yellow_Leaf_Curl_Virus/3ae80bb7-3fe1-47c5-961b-82a438852d92___UF.GRC_YLCV_Lab 02357.JPG,17,17,Tomato_Yellow_Leaf_Curl_Virus,Tomato_Yellow_Leaf_Curl_Virus,1.0
8232f1fbc1ef31c06c839bd4313b0ba0,PV_data/Tomato___Tomato_Yellow_Leaf_Curl_Virus/3b0bebf6-c491-45d6-84f6-493d1a4ed36d___UF.GRC_YLCV_Lab 03282.JPG,17,17,Tomato_Yellow_Leaf_Curl_Virus,Tomato_Yellow_Leaf_Curl_Virus,1.0
c4d58c64a5c912574b6acfc984e4ac7a,PV_data/Tomato___Tomato_Yellow_Leaf_Curl_Virus/3c0181b4-1e8f-4be9-81ed-55c21abfc3c4___YLCV_GCREC 5381.JPG,17,17,Tomato_Yellow_Leaf_Curl_Virus,Tomato_Yellow_Leaf_Curl_Virus,1.0
2055ef114626625e64af055a7bfe3e41,PV_data/Tomato___Tomato_Yellow_Leaf_Curl_Virus/3c05bb5b-6671-49aa-88b7-246f2bfd9996___YLCV_GCREC 2846.JPG,17,17,Tomato_Yellow_Leaf_Curl_Virus,Tomato_Yellow_Leaf_Curl_Virus,1.0
12af3d2a822c9dbc602725305c50d45d,PV_data/Tomato___Tomato_Yellow_Leaf_Curl_Virus/3c29dad4-3544-465b-b678-a78ca0ad8f58___YLCV_GCREC 2243.JPG,17,17,Tomato_Yellow_Leaf_Curl_Virus,Tomato_Yellow_Leaf_Curl_Virus,1.0
cfece84f77f3e667aeefdbb203a5d7f2,PV_data/Tomato___Tomato_Yellow_Leaf_Curl_Virus/3c6bd94d-921c-4860-b355-9cc8f4e0f8cc___YLCV_GCREC 2378.JPG,17,17,Tomato_Yellow_Leaf_Curl_Virus,Tomato_Yellow_Leaf_Curl_Virus,1.0
7e4b090fb6e106ece9b9fe5dadb82a04,PV_data/Tomato___Tomato_Yellow_Leaf_Curl_Virus/3d14acd6-7729-4375-ac73-4177cd5e504b___UF.GRC_YLCV_Lab 02994.JPG,17,17,Tomato_Yellow_Leaf_Curl_Virus,Tomato_Yellow_Leaf_Curl_Virus,1.0
a53a2142e4f4a6732173f4c312ee103c,PV_data/Tomato___Tomato_Yellow_Leaf_Curl_Virus/3d3a0d67-3a9e-4b0d-b148-a0f397c4f61f___UF.GRC_YLCV_Lab 02274.JPG,17,17,Tomato_Yellow_Leaf_Curl_Virus,Tomato_Yellow_Leaf_Curl_Virus,0.99950457
a9998ab037dcfd02ffdbcd84d85fc950,PV_data/Tomato___Tomato_Yellow_Leaf_Curl_Virus/3d7d23f6-108a-4792-9170-681dd300b362___UF.GRC_YLCV_Lab 01834.JPG,17,17,Tomato_Yellow_Leaf_Curl_Virus,Tomato_Yellow_Leaf_Curl_Virus,1.0
b548be9593151200189fbb679c56e420,PV_data/Tomato___Tomato_Yellow_Leaf_Curl_Virus/3dad9878-258c-4d27-b5f3-a06c0ed3c318___UF.GRC_YLCV_Lab 01995.JPG,17,17,Tomato_Yellow_Leaf_Curl_Virus,Tomato_Yellow_Leaf_Curl_Virus,1.0
1eace0295cbfe9274f852fcf641ad8de,PV_data/Tomato___Tomato_Yellow_Leaf_Curl_Virus/3dc23352-0229-4515-a96f-33995fd4bf52___YLCV_GCREC 2599.JPG,17,17,Tomato_Yellow_Leaf_Curl_Virus,Tomato_Yellow_Leaf_Curl_Virus,1.0
d765aab41c864fa8867300d441c20425,PV_data/Tomato___Tomato_Yellow_Leaf_Curl_Virus/3efdbee2-4aed-4ba8-8187-cf20a4fdd502___YLCV_NREC 2876.JPG,17,17,Tomato_Yellow_Leaf_Curl_Virus,Tomato_Yellow_Leaf_Curl_Virus,1.0
fbfa0e024c4c88cdbef1e65252149b4c,PV_data/Tomato___Tomato_Yellow_Leaf_Curl_Virus/3f73a845-f3d0-4085-9991-6a523646be37___UF.GRC_YLCV_Lab 09569.JPG,17,17,Tomato_Yellow_Leaf_Curl_Virus,Tomato_Yellow_Leaf_Curl_Virus,1.0
4d8d9931feb641f4fca4f3030294539e,PV_data/Tomato___Tomato_Yellow_Leaf_Curl_Virus/3f798251-1d4b-4d93-968f-18243a9df007___YLCV_GCREC 5257.JPG,17,17,Tomato_Yellow_Leaf_Curl_Virus,Tomato_Yellow_Leaf_Curl_Virus,1.0
f079fcb3756de74266041cc35cb483df,PV_data/Tomato___Tomato_Yellow_Leaf_Curl_Virus/403386c4-fd8e-4456-a769-b338bc992ea0___YLCV_NREC 2305.JPG,17,17,Tomato_Yellow_Leaf_Curl_Virus,Tomato_Yellow_Leaf_Curl_Virus,0.99999976
84e1f66374e5ca91e4eccbf01b1ae88f,PV_data/Tomato___Tomato_Yellow_Leaf_Curl_Virus/40583125-415e-441b-bb55-90f417bf9c5f___YLCV_GCREC 5432.JPG,17,17,Tomato_Yellow_Leaf_Curl_Virus,Tomato_Yellow_Leaf_Curl_Virus,0.9999999
ae4b15182706ce9158d0e37a2124aa97,PV_data/Tomato___Tomato_Yellow_Leaf_Curl_Virus/406a82f8-91ec-4729-9ac7-4d28122208bf___UF.GRC_YLCV_Lab 02453.JPG,17,17,Tomato_Yellow_Leaf_Curl_Virus,Tomato_Yellow_Leaf_Curl_Virus,0.9999981
1b66555755de7c038306579e202b3cf4,PV_data/Tomato___Tomato_Yellow_Leaf_Curl_Virus/406ed090-7003-4ce3-a5c5-e848a5fc9405___YLCV_NREC 2799.JPG,17,17,Tomato_Yellow_Leaf_Curl_Virus,Tomato_Yellow_Leaf_Curl_Virus,1.0
e9cd22a5e33e92de825ec34b5a84035e,PV_data/Tomato___Tomato_Yellow_Leaf_Curl_Virus/40726129-3f95-4a8d-b0c6-865c12889fd9___UF.GRC_YLCV_Lab 01586.JPG,17,17,Tomato_Yellow_Leaf_Curl_Virus,Tomato_Yellow_Leaf_Curl_Virus,1.0
839c010ab3d7213f23d8ae7e7708e0ba,PV_data/Tomato___Tomato_Yellow_Leaf_Curl_Virus/4076ca17-4ef4-4d2c-bfd9-9b7fd88e358a___UF.GRC_YLCV_Lab 02880.JPG,17,17,Tomato_Yellow_Leaf_Curl_Virus,Tomato_Yellow_Leaf_Curl_Virus,1.0
cda2134a071a8d53b4f000e51c3f8e6a,PV_data/Tomato___Tomato_Yellow_Leaf_Curl_Virus/407f0fbb-4eeb-42c3-b52f-985bd593b767___UF.GRC_YLCV_Lab 02957.JPG,17,17,Tomato_Yellow_Leaf_Curl_Virus,Tomato_Yellow_Leaf_Curl_Virus,1.0
5517224cf574cf96413a6533394c6923,PV_data/Tomato___Tomato_Yellow_Leaf_Curl_Virus/40a7bc51-5200-41f5-ad30-6fd32b813799___UF.GRC_YLCV_Lab 09458.JPG,17,17,Tomato_Yellow_Leaf_Curl_Virus,Tomato_Yellow_Leaf_Curl_Virus,1.0
b2e2bcbef2af691296b9e209317ecc59,PV_data/Tomato___Tomato_Yellow_Leaf_Curl_Virus/40bb4231-7f46-47ff-8647-217bc369317a___YLCV_NREC 2684.JPG,17,17,Tomato_Yellow_Leaf_Curl_Virus,Tomato_Yellow_Leaf_Curl_Virus,0.9999454
a7387f3012713d49cc9919f6e60c2470,PV_data/Tomato___Tomato_Yellow_Leaf_Curl_Virus/4184a2a2-3322-4f06-ba3a-dad172e46662___YLCV_GCREC 2936.JPG,17,17,Tomato_Yellow_Leaf_Curl_Virus,Tomato_Yellow_Leaf_Curl_Virus,0.99999225
eaf5347f5fb3ac3296e03ff0a90e20f4,PV_data/Tomato___Tomato_Yellow_Leaf_Curl_Virus/42017ba2-224f-4958-afb0-9d5315d7ba36___UF.GRC_YLCV_Lab 02532.JPG,17,17,Tomato_Yellow_Leaf_Curl_Virus,Tomato_Yellow_Leaf_Curl_Virus,1.0
1ede31d6891091aad7192eb15e5f660e,PV_data/Tomato___Tomato_Yellow_Leaf_Curl_Virus/4204ecd6-8639-4fc4-92b2-cb1370c8b846___UF.GRC_YLCV_Lab 08460.JPG,17,17,Tomato_Yellow_Leaf_Curl_Virus,Tomato_Yellow_Leaf_Curl_Virus,1.0
6fb6aa2338aa9e37bb59611ca28aeec8,PV_data/Tomato___Tomato_Yellow_Leaf_Curl_Virus/42eb6375-c2bd-437b-8390-d22411cf58b2___UF.GRC_YLCV_Lab 01674.JPG,17,17,Tomato_Yellow_Leaf_Curl_Virus,Tomato_Yellow_Leaf_Curl_Virus,0.99999785
d0901d1bad5248a9b8f59fb1bb9389fb,PV_data/Tomato___Tomato_Yellow_Leaf_Curl_Virus/43dc26da-0612-46ef-af0c-75caac9c4129___UF.GRC_YLCV_Lab 01604.JPG,17,17,Tomato_Yellow_Leaf_Curl_Virus,Tomato_Yellow_Leaf_Curl_Virus,1.0
631566f7ebb199cb1b60073bb3df12ea,PV_data/Tomato___Tomato_Yellow_Leaf_Curl_Virus/445a32e1-7a18-47e6-9041-3de6707b7ca9___YLCV_NREC 2232.JPG,17,17,Tomato_Yellow_Leaf_Curl_Virus,Tomato_Yellow_Leaf_Curl_Virus,1.0
89c47b0979bc63c95a19697adf946fbd,PV_data/Tomato___Tomato_Yellow_Leaf_Curl_Virus/4492f84b-c696-4b8b-95a8-002d2a9f8a8c___UF.GRC_YLCV_Lab 09459.JPG,17,17,Tomato_Yellow_Leaf_Curl_Virus,Tomato_Yellow_Leaf_Curl_Virus,1.0
a0d02557e39e6440fb41a71e9fc3ae4d,PV_data/Tomato___Tomato_Yellow_Leaf_Curl_Virus/452ec0ff-9e6f-4b1e-8c35-52601cafb9f7___UF.GRC_YLCV_Lab 01516.JPG,17,17,Tomato_Yellow_Leaf_Curl_Virus,Tomato_Yellow_Leaf_Curl_Virus,1.0
7584eb670166f66600f0327129ecee59,PV_data/Tomato___Tomato_Yellow_Leaf_Curl_Virus/45415a6c-ce63-417e-8f3f-28ee9681e336___YLCV_GCREC 5504.JPG,17,17,Tomato_Yellow_Leaf_Curl_Virus,Tomato_Yellow_Leaf_Curl_Virus,0.99999976
852f5f9aa10d4a638bd7b77a656883d0,PV_data/Tomato___Tomato_Yellow_Leaf_Curl_Virus/4616690f-d6df-4dbe-9c10-7b987a046304___YLCV_GCREC 5362.JPG,17,17,Tomato_Yellow_Leaf_Curl_Virus,Tomato_Yellow_Leaf_Curl_Virus,0.99864084
058030f8428dfc9331f97434eb8eeed4,PV_data/Tomato___Tomato_Yellow_Leaf_Curl_Virus/464ddbcd-0c75-421d-835c-035359e464cc___UF.GRC_YLCV_Lab 02342.JPG,17,17,Tomato_Yellow_Leaf_Curl_Virus,Tomato_Yellow_Leaf_Curl_Virus,1.0
0ad21a7295e5d34cced15964b8def7ee,PV_data/Tomato___Tomato_Yellow_Leaf_Curl_Virus/46663e4f-d23c-43c8-8e27-d6725d3a0543___YLCV_NREC 2115.JPG,17,17,Tomato_Yellow_Leaf_Curl_Virus,Tomato_Yellow_Leaf_Curl_Virus,0.99999607
2b85fb464777e0a9fd7f4ef0fc1f6828,PV_data/Tomato___Tomato_Yellow_Leaf_Curl_Virus/466a055c-86f2-48e8-9a36-2d74c96bcc7d___UF.GRC_YLCV_Lab 01789.JPG,17,17,Tomato_Yellow_Leaf_Curl_Virus,Tomato_Yellow_Leaf_Curl_Virus,1.0
3b4272f2cec0143801ffce20d8112c03,PV_data/Tomato___Tomato_Yellow_Leaf_Curl_Virus/46743c5e-9665-4ab9-aa10-20044684b87e___YLCV_GCREC 5224.JPG,17,17,Tomato_Yellow_Leaf_Curl_Virus,Tomato_Yellow_Leaf_Curl_Virus,0.9999962
85ca433264c47e3a29421364a090c946,PV_data/Tomato___Tomato_Yellow_Leaf_Curl_Virus/4680ca03-4815-46ba-ab30-e171b1606972___UF.GRC_YLCV_Lab 01304.JPG,17,17,Tomato_Yellow_Leaf_Curl_Virus,Tomato_Yellow_Leaf_Curl_Virus,1.0
735969bfb69afc616f22227273f6f69d,PV_data/Tomato___Tomato_Yellow_Leaf_Curl_Virus/4685f4da-68f9-42e2-be02-ed5efd249606___YLCV_GCREC 2669.JPG,17,17,Tomato_Yellow_Leaf_Curl_Virus,Tomato_Yellow_Leaf_Curl_Virus,0.9999999
a2e7e1a847353b86eb9c09d218fc7c40,PV_data/Tomato___Tomato_Yellow_Leaf_Curl_Virus/46d211a7-0e77-4b80-8291-14e2bc0e1657___YLCV_GCREC 1904.JPG,17,17,Tomato_Yellow_Leaf_Curl_Virus,Tomato_Yellow_Leaf_Curl_Virus,1.0
67dae3e72dfabc390ab1a30a7bd31607,PV_data/Tomato___Tomato_Yellow_Leaf_Curl_Virus/46e0fdc5-1bfb-4638-9442-3a83d1f16f50___YLCV_GCREC 5267.JPG,17,17,Tomato_Yellow_Leaf_Curl_Virus,Tomato_Yellow_Leaf_Curl_Virus,1.0
8e6c94a567d052b2bea54eadfc5b2525,PV_data/Tomato___Tomato_Yellow_Leaf_Curl_Virus/46e93f7b-651f-4fbf-afad-d5a4312bc50f___YLCV_NREC 2170.JPG,17,17,Tomato_Yellow_Leaf_Curl_Virus,Tomato_Yellow_Leaf_Curl_Virus,0.9999981
9f15521647654f62a67f3c06d090a875,PV_data/Tomato___Tomato_Yellow_Leaf_Curl_Virus/47ce6359-5a16-46ea-bdeb-44a795edd402___UF.GRC_YLCV_Lab 03058.JPG,17,17,Tomato_Yellow_Leaf_Curl_Virus,Tomato_Yellow_Leaf_Curl_Virus,1.0
eaa9e24544c43293599957132333156d,PV_data/Tomato___Tomato_Yellow_Leaf_Curl_Virus/4857c174-710f-4a0e-a3df-74b8a15bc081___UF.GRC_YLCV_Lab 02543.JPG,17,17,Tomato_Yellow_Leaf_Curl_Virus,Tomato_Yellow_Leaf_Curl_Virus,1.0
77b62e79bff33a2c40a4fdcaa25bbd3f,PV_data/Tomato___Tomato_Yellow_Leaf_Curl_Virus/492b9449-ec8d-4e20-a52b-843e8d171a6c___UF.GRC_YLCV_Lab 01431.JPG,17,17,Tomato_Yellow_Leaf_Curl_Virus,Tomato_Yellow_Leaf_Curl_Virus,1.0
69d0aefc3f290382e7f1edecbd74064d,PV_data/Tomato___Tomato_Yellow_Leaf_Curl_Virus/4a9a6004-4762-4567-9423-94a7bd370f97___UF.GRC_YLCV_Lab 02717.JPG,17,17,Tomato_Yellow_Leaf_Curl_Virus,Tomato_Yellow_Leaf_Curl_Virus,1.0
643df9a27129ac0fa1dd9e76b296c501,PV_data/Tomato___Tomato_Yellow_Leaf_Curl_Virus/4ad01f87-c626-49e6-b683-188155a87116___UF.GRC_YLCV_Lab 02238.JPG,17,17,Tomato_Yellow_Leaf_Curl_Virus,Tomato_Yellow_Leaf_Curl_Virus,0.99999905
34b51fbeb9cc2315de4fd3367c0f4527,PV_data/Tomato___Tomato_Yellow_Leaf_Curl_Virus/4b2cf9f5-73eb-447d-ac4e-cfab8a228eb9___YLCV_GCREC 2158.JPG,17,17,Tomato_Yellow_Leaf_Curl_Virus,Tomato_Yellow_Leaf_Curl_Virus,1.0
e3e46f44ce39ae8bb2f3e3b9adc36c00,PV_data/Tomato___Tomato_Yellow_Leaf_Curl_Virus/4b5af4ac-27d8-43f1-8cc0-f033147b0948___UF.GRC_YLCV_Lab 01810.JPG,17,17,Tomato_Yellow_Leaf_Curl_Virus,Tomato_Yellow_Leaf_Curl_Virus,1.0
8f1d3e09e5e816f2a068f44929cdd164,PV_data/Tomato___Tomato_Yellow_Leaf_Curl_Virus/4b5f5ce7-bef5-4cce-ac91-0b9bd7341a54___YLCV_NREC 2776.JPG,17,17,Tomato_Yellow_Leaf_Curl_Virus,Tomato_Yellow_Leaf_Curl_Virus,1.0
6bb2f61bbed8863e7ce90d0ca9fe8933,PV_data/Tomato___Tomato_Yellow_Leaf_Curl_Virus/4b6e4efa-1ac4-48a1-983a-1684c04af54e___UF.GRC_YLCV_Lab 01347.JPG,17,17,Tomato_Yellow_Leaf_Curl_Virus,Tomato_Yellow_Leaf_Curl_Virus,1.0
473fcfb09aaa2e6bd6fda4fefea506d3,PV_data/Tomato___Tomato_Yellow_Leaf_Curl_Virus/4bc43590-d621-42f1-af1f-dcd3038feb68___UF.GRC_YLCV_Lab 02799.JPG,17,17,Tomato_Yellow_Leaf_Curl_Virus,Tomato_Yellow_Leaf_Curl_Virus,1.0
d04801e2406407ace1bb7efd35ed8e87,PV_data/Tomato___Tomato_Yellow_Leaf_Curl_Virus/4bd2ccdd-172e-4314-bf8a-d04b6765b354___UF.GRC_YLCV_Lab 02469.JPG,17,17,Tomato_Yellow_Leaf_Curl_Virus,Tomato_Yellow_Leaf_Curl_Virus,0.99999857
4ae54ffa48f69adb8553bddf3dfc8ae2,PV_data/Tomato___Tomato_Yellow_Leaf_Curl_Virus/4c773e62-28a8-4f16-a71f-7cdb1c5751e5___UF.GRC_YLCV_Lab 01855.JPG,17,17,Tomato_Yellow_Leaf_Curl_Virus,Tomato_Yellow_Leaf_Curl_Virus,1.0
afcb8c83ec84a6f24acaaebccfd9be67,PV_data/Tomato___Tomato_Yellow_Leaf_Curl_Virus/4c7a109a-f8ff-4fda-8a24-a57a593e19ef___UF.GRC_YLCV_Lab 02946.JPG,17,17,Tomato_Yellow_Leaf_Curl_Virus,Tomato_Yellow_Leaf_Curl_Virus,1.0
607cfa24ce50392912bd17707a16c9ce,PV_data/Tomato___Tomato_Yellow_Leaf_Curl_Virus/4c97477f-7372-4fac-b543-6ffc5fc07e50___UF.GRC_YLCV_Lab 09344.JPG,17,17,Tomato_Yellow_Leaf_Curl_Virus,Tomato_Yellow_Leaf_Curl_Virus,1.0
b47ebbb3e89a2185d46d372528025ef0,PV_data/Tomato___Tomato_Yellow_Leaf_Curl_Virus/4d217dc5-bbb7-4704-afc3-0058b877be7a___UF.GRC_YLCV_Lab 02345.JPG,17,17,Tomato_Yellow_Leaf_Curl_Virus,Tomato_Yellow_Leaf_Curl_Virus,1.0
2355fd551b901d94b6fe407729234975,PV_data/Tomato___Tomato_Yellow_Leaf_Curl_Virus/4d4baff9-0e02-4193-9e48-74ff8889fa38___YLCV_GCREC 5501.JPG,17,17,Tomato_Yellow_Leaf_Curl_Virus,Tomato_Yellow_Leaf_Curl_Virus,0.9999988
0495eac1f0ee16965a5cc757892e5a7b,PV_data/Tomato___Tomato_Yellow_Leaf_Curl_Virus/4db90450-4f6c-4152-b3a1-dc4f8fcdc346___YLCV_NREC 0160.JPG,17,17,Tomato_Yellow_Leaf_Curl_Virus,Tomato_Yellow_Leaf_Curl_Virus,0.99996924
5b0660fe8233f72a91071d6fb988704a,PV_data/Tomato___Tomato_Yellow_Leaf_Curl_Virus/4de5b4d0-4258-4bf6-8ccc-8e95e1861d81___UF.GRC_YLCV_Lab 02925.JPG,17,17,Tomato_Yellow_Leaf_Curl_Virus,Tomato_Yellow_Leaf_Curl_Virus,0.99999976
4ffce1054537b8bf6650b0675b001905,PV_data/Tomato___Tomato_Yellow_Leaf_Curl_Virus/4df08bed-1278-48e5-b412-72ee13f3cc37___YLCV_NREC 2356.JPG,17,17,Tomato_Yellow_Leaf_Curl_Virus,Tomato_Yellow_Leaf_Curl_Virus,1.0
18248859d11073ca1914ddc569c09a09,PV_data/Tomato___Tomato_Yellow_Leaf_Curl_Virus/4e31c6ed-e785-4c65-8694-89ef2b4a1b0d___UF.GRC_YLCV_Lab 02507.JPG,17,17,Tomato_Yellow_Leaf_Curl_Virus,Tomato_Yellow_Leaf_Curl_Virus,1.0
fae5f20ed7ae30c3edc03bd080d88e0c,PV_data/Tomato___Tomato_Yellow_Leaf_Curl_Virus/4e33d562-0e40-45ca-adb1-4a7fb4999078___YLCV_NREC 0095.JPG,17,17,Tomato_Yellow_Leaf_Curl_Virus,Tomato_Yellow_Leaf_Curl_Virus,1.0
ff07db73c23234b39d4956ebb465d676,PV_data/Tomato___Tomato_Yellow_Leaf_Curl_Virus/4e6c618f-81e3-47cf-b4b4-cbe2098621ce___YLCV_NREC 2587.JPG,17,17,Tomato_Yellow_Leaf_Curl_Virus,Tomato_Yellow_Leaf_Curl_Virus,0.9999994
788f232b773858a4e61f74913c11cbf6,PV_data/Tomato___Tomato_Yellow_Leaf_Curl_Virus/4ecba79a-86e4-4948-9597-974285be499a___UF.GRC_YLCV_Lab 01608.JPG,17,17,Tomato_Yellow_Leaf_Curl_Virus,Tomato_Yellow_Leaf_Curl_Virus,1.0
ee2b61de136d3a13e7fbc42618b522e0,PV_data/Tomato___Tomato_Yellow_Leaf_Curl_Virus/4f37d25f-75f6-4f6a-9a0d-74c5ca36be06___YLCV_NREC 2196.JPG,17,17,Tomato_Yellow_Leaf_Curl_Virus,Tomato_Yellow_Leaf_Curl_Virus,0.9999974
672cafdb974c1e1f0bb8bcd6e4cb45dc,PV_data/Tomato___Tomato_Yellow_Leaf_Curl_Virus/4f465c2e-c632-4ada-924e-8a1821caeffc___YLCV_GCREC 5434.JPG,17,17,Tomato_Yellow_Leaf_Curl_Virus,Tomato_Yellow_Leaf_Curl_Virus,0.99999964
08d43adca0fe784896081f8ed9f64524,PV_data/Tomato___Tomato_Yellow_Leaf_Curl_Virus/4fb6720b-508c-49cc-b3e0-81656128bf59___YLCV_GCREC 1999.JPG,17,17,Tomato_Yellow_Leaf_Curl_Virus,Tomato_Yellow_Leaf_Curl_Virus,1.0
8a0de565dee96b427b6596bafd14ff1d,PV_data/Tomato___Tomato_Yellow_Leaf_Curl_Virus/4fe2b056-c257-4931-a01d-7bfeb615859a___YLCV_GCREC 2487.JPG,17,17,Tomato_Yellow_Leaf_Curl_Virus,Tomato_Yellow_Leaf_Curl_Virus,1.0
6ad1cefc2f72bffa9278b4c9e1e08f2a,PV_data/Tomato___Tomato_Yellow_Leaf_Curl_Virus/517086dc-f590-4eca-a437-d532721559e5___YLCV_NREC 2347.JPG,17,17,Tomato_Yellow_Leaf_Curl_Virus,Tomato_Yellow_Leaf_Curl_Virus,0.99995923
9781efd852b630626c09c576914c0790,PV_data/Tomato___Tomato_Yellow_Leaf_Curl_Virus/51d5bb0f-8603-4e31-8cfa-20f8c5cf0b45___UF.GRC_YLCV_Lab 08457.JPG,17,17,Tomato_Yellow_Leaf_Curl_Virus,Tomato_Yellow_Leaf_Curl_Virus,0.99999774
6c61b76862ae2d7e2397733829680074,PV_data/Tomato___Tomato_Yellow_Leaf_Curl_Virus/51e8fd9d-6ef9-449a-b4a8-c092158e130c___YLCV_NREC 2864.JPG,17,17,Tomato_Yellow_Leaf_Curl_Virus,Tomato_Yellow_Leaf_Curl_Virus,0.9999919
c19e4f91683772219e408e516b497a2d,PV_data/Tomato___Tomato_Yellow_Leaf_Curl_Virus/51ecc7fd-94f2-4a64-8111-ad13b8712d49___YLCV_NREC 0206.JPG,17,17,Tomato_Yellow_Leaf_Curl_Virus,Tomato_Yellow_Leaf_Curl_Virus,0.99999845
0eb59a16c4840bbe751500ac33d49cd3,PV_data/Tomato___Tomato_Yellow_Leaf_Curl_Virus/51f50834-78d5-412f-bb47-58bcf0723da0___UF.GRC_YLCV_Lab 02874.JPG,17,17,Tomato_Yellow_Leaf_Curl_Virus,Tomato_Yellow_Leaf_Curl_Virus,1.0
f1f9414b33576e6132a6dd659dd8bab6,PV_data/Tomato___Tomato_Yellow_Leaf_Curl_Virus/5296d967-8fb0-48f3-b8c2-2d95ab89065a___YLCV_GCREC 2504.JPG,17,17,Tomato_Yellow_Leaf_Curl_Virus,Tomato_Yellow_Leaf_Curl_Virus,1.0
5c2662211af5050ea82b01d1e0a032da,PV_data/Tomato___Tomato_Yellow_Leaf_Curl_Virus/52b2ab4a-c69a-4c36-be2f-600f40b2849b___UF.GRC_YLCV_Lab 02411.JPG,17,17,Tomato_Yellow_Leaf_Curl_Virus,Tomato_Yellow_Leaf_Curl_Virus,1.0
03141ca6c53237f592a3173468ad5d24,PV_data/Tomato___Tomato_Yellow_Leaf_Curl_Virus/52cacd46-28dc-4604-b1b9-19bc2c89b124___YLCV_GCREC 2474.JPG,17,17,Tomato_Yellow_Leaf_Curl_Virus,Tomato_Yellow_Leaf_Curl_Virus,0.99981594
e70705cffff3d2a7d689676a9d593c12,PV_data/Tomato___Tomato_Yellow_Leaf_Curl_Virus/52f626ea-d39a-4334-b9a9-591c536afde9___YLCV_GCREC 2759.JPG,17,17,Tomato_Yellow_Leaf_Curl_Virus,Tomato_Yellow_Leaf_Curl_Virus,0.99999213
61e2d52f62a4a4fb3e01b20c6109814c,PV_data/Tomato___Tomato_Yellow_Leaf_Curl_Virus/538b6523-416b-401b-b739-5b0f88f65b41___YLCV_NREC 0279.JPG,17,17,Tomato_Yellow_Leaf_Curl_Virus,Tomato_Yellow_Leaf_Curl_Virus,1.0
31de66bd4ad3f2d85f023c05b8b89589,PV_data/Tomato___Tomato_Yellow_Leaf_Curl_Virus/53b703ba-e5f3-4d9f-8f90-b1a7b7ad2345___UF.GRC_YLCV_Lab 02430.JPG,17,17,Tomato_Yellow_Leaf_Curl_Virus,Tomato_Yellow_Leaf_Curl_Virus,1.0
985ffc56aeb762b921fcb31d9a2e1070,PV_data/Tomato___Tomato_Yellow_Leaf_Curl_Virus/53c9ef0d-e653-4ee4-9e86-1909c7716fbe___YLCV_NREC 0152.JPG,17,17,Tomato_Yellow_Leaf_Curl_Virus,Tomato_Yellow_Leaf_Curl_Virus,1.0
160d5e8262c273c22329ba5ca1716f69,PV_data/Tomato___Tomato_Yellow_Leaf_Curl_Virus/542641d4-51a1-4356-83b4-fbb4e8733c93___YLCV_GCREC 5482.JPG,17,17,Tomato_Yellow_Leaf_Curl_Virus,Tomato_Yellow_Leaf_Curl_Virus,0.99999833
2b5474c81e06c6d9ec77ba5b99c0e62a,PV_data/Tomato___Tomato_Yellow_Leaf_Curl_Virus/54447643-06bc-4315-be51-0e8126fae338___UF.GRC_YLCV_Lab 02262.JPG,17,17,Tomato_Yellow_Leaf_Curl_Virus,Tomato_Yellow_Leaf_Curl_Virus,0.9999988
d3e768250ad1049a93bb44f96d7f85a3,PV_data/Tomato___Tomato_Yellow_Leaf_Curl_Virus/549dbfdd-3d19-48fa-93fa-0dc475305e15___YLCV_NREC 2092.JPG,17,17,Tomato_Yellow_Leaf_Curl_Virus,Tomato_Yellow_Leaf_Curl_Virus,1.0
d9961d32a423a71e19ba90954a4d43d2,PV_data/Tomato___Tomato_Yellow_Leaf_Curl_Virus/54c46cf1-80fb-4d9a-813f-f068dfaefd04___YLCV_NREC 2383.JPG,17,17,Tomato_Yellow_Leaf_Curl_Virus,Tomato_Yellow_Leaf_Curl_Virus,0.9999938
8108e1160d6d147e2ad82a9a622154ac,PV_data/Tomato___Tomato_Yellow_Leaf_Curl_Virus/568fc2f7-f725-46c6-803a-8b92ef6613dc___YLCV_GCREC 2403.JPG,17,17,Tomato_Yellow_Leaf_Curl_Virus,Tomato_Yellow_Leaf_Curl_Virus,0.9999999
a85791cb5a5bd79ce306e4b3d80908aa,PV_data/Tomato___Tomato_Yellow_Leaf_Curl_Virus/56a539d0-1a90-499c-9864-6c06ba9983a2___UF.GRC_YLCV_Lab 01484.JPG,17,17,Tomato_Yellow_Leaf_Curl_Virus,Tomato_Yellow_Leaf_Curl_Virus,1.0
1e2a5bcc3e53fdfb13b6725447bb30fe,PV_data/Tomato___Tomato_Yellow_Leaf_Curl_Virus/5813e21e-042f-4579-ad6d-7fe37f30db98___YLCV_NREC 0247.JPG,17,17,Tomato_Yellow_Leaf_Curl_Virus,Tomato_Yellow_Leaf_Curl_Virus,0.99999976
44f061b1daf53d222e208cb6097aeb96,PV_data/Tomato___Tomato_Yellow_Leaf_Curl_Virus/585dce54-e47c-4906-88d7-3bef6e256abd___YLCV_GCREC 2003.JPG,17,17,Tomato_Yellow_Leaf_Curl_Virus,Tomato_Yellow_Leaf_Curl_Virus,1.0
6dccbba1a8d8397bda29bbefb0fc34bc,PV_data/Tomato___Tomato_Yellow_Leaf_Curl_Virus/58977b0d-e818-4c56-937e-f0d7dc58f25b___UF.GRC_YLCV_Lab 02123.JPG,17,17,Tomato_Yellow_Leaf_Curl_Virus,Tomato_Yellow_Leaf_Curl_Virus,0.9999981
3f3da88b3427e095f1c4e3d7d1f42e10,PV_data/Tomato___Tomato_Yellow_Leaf_Curl_Virus/58b58680-5702-4c71-9abf-21e8f9561796___UF.GRC_YLCV_Lab 03181.JPG,17,17,Tomato_Yellow_Leaf_Curl_Virus,Tomato_Yellow_Leaf_Curl_Virus,1.0
e150e259eb468ca5717780ec2b3594d2,PV_data/Tomato___Tomato_Yellow_Leaf_Curl_Virus/58e9a697-7395-4695-986d-a2273a2f2757___UF.GRC_YLCV_Lab 03036.JPG,17,17,Tomato_Yellow_Leaf_Curl_Virus,Tomato_Yellow_Leaf_Curl_Virus,1.0
b225955d04ae570a345a23ad8f7750fe,PV_data/Tomato___Tomato_Yellow_Leaf_Curl_Virus/592d471e-1ae5-4b14-a1d9-85fceaff6ed0___UF.GRC_YLCV_Lab 02444.JPG,17,17,Tomato_Yellow_Leaf_Curl_Virus,Tomato_Yellow_Leaf_Curl_Virus,1.0
e8e08286e9fe12a914abc637be50fdf9,PV_data/Tomato___Tomato_Yellow_Leaf_Curl_Virus/59375be6-ea91-4194-8dbf-9a5433690f89___UF.GRC_YLCV_Lab 02061.JPG,17,17,Tomato_Yellow_Leaf_Curl_Virus,Tomato_Yellow_Leaf_Curl_Virus,1.0
0d8c810fb9beebf890978ffc82ffae6f,PV_data/Tomato___Tomato_Yellow_Leaf_Curl_Virus/5973fb5e-f34c-4fa0-9c27-190c517b964f___YLCV_GCREC 5428.JPG,17,17,Tomato_Yellow_Leaf_Curl_Virus,Tomato_Yellow_Leaf_Curl_Virus,0.99990046
30df71e48a0be1a9f7ae561f98dff182,PV_data/Tomato___Tomato_Yellow_Leaf_Curl_Virus/59eb04f6-a98a-4225-a9cf-c01e85d0b1e3___UF.GRC_YLCV_Lab 02416.JPG,17,17,Tomato_Yellow_Leaf_Curl_Virus,Tomato_Yellow_Leaf_Curl_Virus,1.0
dd387929b4d643ff18576c47fd1d4c18,PV_data/Tomato___Tomato_Yellow_Leaf_Curl_Virus/5a697326-ce20-400d-97b6-916f9630a9d8___UF.GRC_YLCV_Lab 01997.JPG,17,17,Tomato_Yellow_Leaf_Curl_Virus,Tomato_Yellow_Leaf_Curl_Virus,1.0
86d5def30d0a5a55a035fb7637b57708,PV_data/Tomato___Tomato_Yellow_Leaf_Curl_Virus/5a816018-0569-4981-9d9f-5142638a950f___YLCV_GCREC 2704.JPG,17,17,Tomato_Yellow_Leaf_Curl_Virus,Tomato_Yellow_Leaf_Curl_Virus,1.0
65d77e5c1205524993b1228397ec87da,PV_data/Tomato___Tomato_Yellow_Leaf_Curl_Virus/5a88f286-d745-4711-ad9e-988c5cf0c42c___UF.GRC_YLCV_Lab 01594.JPG,17,17,Tomato_Yellow_Leaf_Curl_Virus,Tomato_Yellow_Leaf_Curl_Virus,1.0
4229b1aa2923dad9719f00a730e41b1d,PV_data/Tomato___Tomato_Yellow_Leaf_Curl_Virus/5b002ec9-56a4-4e6a-bdf5-0cc2ea23e4c7___UF.GRC_YLCV_Lab 02728.JPG,17,17,Tomato_Yellow_Leaf_Curl_Virus,Tomato_Yellow_Leaf_Curl_Virus,1.0
4f2f0cf09d0812b31e23fa63b14676f6,PV_data/Tomato___Tomato_Yellow_Leaf_Curl_Virus/5b0da93b-d51d-4e69-a124-a2f967aa67bd___UF.GRC_YLCV_Lab 02309.JPG,17,17,Tomato_Yellow_Leaf_Curl_Virus,Tomato_Yellow_Leaf_Curl_Virus,1.0
9a1f2314c57a35e449609962d20b2f9c,PV_data/Tomato___Tomato_Yellow_Leaf_Curl_Virus/5bb2afe5-b3f9-4c0f-94fc-aef0def5d5c0___UF.GRC_YLCV_Lab 09472.JPG,17,17,Tomato_Yellow_Leaf_Curl_Virus,Tomato_Yellow_Leaf_Curl_Virus,1.0
0f8b462e2bd4fdc4a69624b583451302,PV_data/Tomato___Tomato_Yellow_Leaf_Curl_Virus/5c3904f4-3df0-493b-a204-d57d1011004a___YLCV_GCREC 2766.JPG,17,17,Tomato_Yellow_Leaf_Curl_Virus,Tomato_Yellow_Leaf_Curl_Virus,1.0
e5b447fffb862f1e1231d048ae4b18a2,PV_data/Tomato___Tomato_Yellow_Leaf_Curl_Virus/5c520352-9e9d-4771-aaca-957f56406c0a___UF.GRC_YLCV_Lab 01673.JPG,17,17,Tomato_Yellow_Leaf_Curl_Virus,Tomato_Yellow_Leaf_Curl_Virus,0.9999666
2c8b05e0f4f038f74f1c791092ca41ea,PV_data/Tomato___Tomato_Yellow_Leaf_Curl_Virus/5cc16f74-0be9-4661-9f7a-c9ea665d2f8f___UF.GRC_YLCV_Lab 02173.JPG,17,17,Tomato_Yellow_Leaf_Curl_Virus,Tomato_Yellow_Leaf_Curl_Virus,1.0
f36164bb68572d71a7c272e0f84c68bb,PV_data/Tomato___Tomato_Yellow_Leaf_Curl_Virus/5cc77961-b6ab-4311-b0d9-8fc38ad0c9e2___UF.GRC_YLCV_Lab 02731.JPG,17,17,Tomato_Yellow_Leaf_Curl_Virus,Tomato_Yellow_Leaf_Curl_Virus,1.0
8699ef897cc61cd80a2020b1d01299b2,PV_data/Tomato___Tomato_Yellow_Leaf_Curl_Virus/5d17bf6d-7f79-4b0b-a86e-eafd30ef138a___UF.GRC_YLCV_Lab 01551.JPG,17,17,Tomato_Yellow_Leaf_Curl_Virus,Tomato_Yellow_Leaf_Curl_Virus,0.99999774
4a1cc059e81448b7d2cf67df428f8d4c,PV_data/Tomato___Tomato_Yellow_Leaf_Curl_Virus/5dbda414-7d7d-4b94-82dc-b7626ee6b26d___UF.GRC_YLCV_Lab 01905.JPG,17,17,Tomato_Yellow_Leaf_Curl_Virus,Tomato_Yellow_Leaf_Curl_Virus,1.0
9d84369b0ee0ab3898fa1485f761249c,PV_data/Tomato___Tomato_Yellow_Leaf_Curl_Virus/5e70b8f4-26db-4ac4-a23a-dac4fd0be93a___YLCV_GCREC 5401.JPG,17,17,Tomato_Yellow_Leaf_Curl_Virus,Tomato_Yellow_Leaf_Curl_Virus,0.99994946
63c75b95ec959ef8b816242ed3c907cb,PV_data/Tomato___Tomato_Yellow_Leaf_Curl_Virus/5ea32a4d-6cc2-47d9-a781-2fc841a686bb___YLCV_NREC 0297.JPG,17,17,Tomato_Yellow_Leaf_Curl_Virus,Tomato_Yellow_Leaf_Curl_Virus,0.999995
26a8ffd71b0157dc0e54d2a48fcdd6f3,PV_data/Tomato___Tomato_Yellow_Leaf_Curl_Virus/5eae82f7-b6cb-457c-9a5e-c78b507aab00___UF.GRC_YLCV_Lab 02326.JPG,17,17,Tomato_Yellow_Leaf_Curl_Virus,Tomato_Yellow_Leaf_Curl_Virus,1.0
5f35ba189facedeadbeccdd1df8d91d0,PV_data/Tomato___Tomato_Yellow_Leaf_Curl_Virus/5ed671ca-8fc7-4834-88d7-e326eb88a9b4___YLCV_NREC 0317.JPG,17,17,Tomato_Yellow_Leaf_Curl_Virus,Tomato_Yellow_Leaf_Curl_Virus,0.9999982
284209e74b7d7140291d2a4f9209087a,PV_data/Tomato___Tomato_Yellow_Leaf_Curl_Virus/5fb1825f-7648-4cea-a1b4-13c702735f3b___YLCV_GCREC 1937.JPG,17,17,Tomato_Yellow_Leaf_Curl_Virus,Tomato_Yellow_Leaf_Curl_Virus,1.0
585d7a8e3c2856b91154ed1308c1ecc1,PV_data/Tomato___Tomato_Yellow_Leaf_Curl_Virus/5fbeb2d7-857c-4983-9f70-925451dc3a57___UF.GRC_YLCV_Lab 08443.JPG,17,17,Tomato_Yellow_Leaf_Curl_Virus,Tomato_Yellow_Leaf_Curl_Virus,0.99987686
4a67d4194682673303fb4c05b8762513,PV_data/Tomato___Tomato_Yellow_Leaf_Curl_Virus/60a19659-7e7d-4163-960b-add05432aea2___UF.GRC_YLCV_Lab 02432.JPG,17,17,Tomato_Yellow_Leaf_Curl_Virus,Tomato_Yellow_Leaf_Curl_Virus,1.0
4d7ce0bf56afb08b6fe1111176f9a2c1,PV_data/Tomato___Tomato_Yellow_Leaf_Curl_Virus/60b08403-46e2-498d-8aff-548324455f61___YLCV_NREC 2464.JPG,17,17,Tomato_Yellow_Leaf_Curl_Virus,Tomato_Yellow_Leaf_Curl_Virus,0.99999964
3a8b77c1cd0ffbfd944462ef54e4a0d3,PV_data/Tomato___Tomato_Yellow_Leaf_Curl_Virus/60e47250-be41-4c81-b910-6e1696282e91___YLCV_NREC 2123.JPG,17,17,Tomato_Yellow_Leaf_Curl_Virus,Tomato_Yellow_Leaf_Curl_Virus,1.0
a40e094641d0dc98862e7f4701befcbf,PV_data/Tomato___Tomato_Yellow_Leaf_Curl_Virus/60fb77ed-7d2f-481c-99ef-0c32febda7a9___UF.GRC_YLCV_Lab 09524.JPG,17,17,Tomato_Yellow_Leaf_Curl_Virus,Tomato_Yellow_Leaf_Curl_Virus,1.0
0d46efa1e865a5cf38e126bc4f1e0644,PV_data/Tomato___Tomato_Yellow_Leaf_Curl_Virus/624648c0-26ab-4f26-acf2-53e7bef00fbf___UF.GRC_YLCV_Lab 02440.JPG,17,17,Tomato_Yellow_Leaf_Curl_Virus,Tomato_Yellow_Leaf_Curl_Virus,1.0
2bdfc977eb5415668d7b02cac2f227e2,PV_data/Tomato___Tomato_Yellow_Leaf_Curl_Virus/630d6a3c-474a-4d63-8155-3c1ba93abc8d___UF.GRC_YLCV_Lab 02492.JPG,17,17,Tomato_Yellow_Leaf_Curl_Virus,Tomato_Yellow_Leaf_Curl_Virus,1.0
e2793c4763086b73ef4011576071a58d,PV_data/Tomato___Tomato_Yellow_Leaf_Curl_Virus/6421af3f-2b53-4e45-aec4-fda8ba3dccc5___YLCV_NREC 2707.JPG,17,17,Tomato_Yellow_Leaf_Curl_Virus,Tomato_Yellow_Leaf_Curl_Virus,0.999887
105074e8ccb78fd58aacdadb19d522c0,PV_data/Tomato___Tomato_Yellow_Leaf_Curl_Virus/64618101-9581-4958-9760-6cfd10959fbf___UF.GRC_YLCV_Lab 02950.JPG,17,17,Tomato_Yellow_Leaf_Curl_Virus,Tomato_Yellow_Leaf_Curl_Virus,1.0
4f044bd422a7bdd91132a3de50464988,PV_data/Tomato___Tomato_Yellow_Leaf_Curl_Virus/646458c8-2d29-41b8-b3c8-1c5312bf22e3___YLCV_GCREC 2153.JPG,17,17,Tomato_Yellow_Leaf_Curl_Virus,Tomato_Yellow_Leaf_Curl_Virus,0.9984303
9a86140d7095762bde54bb8bbb012eb2,PV_data/Tomato___Tomato_Yellow_Leaf_Curl_Virus/6478cd0c-96bd-41c1-9866-2273e34c1687___UF.GRC_YLCV_Lab 09441.JPG,17,17,Tomato_Yellow_Leaf_Curl_Virus,Tomato_Yellow_Leaf_Curl_Virus,1.0
393d229f9aee7ca83a0e2687bfb351a5,PV_data/Tomato___Tomato_Yellow_Leaf_Curl_Virus/64c03a63-aedd-4eb5-9bd0-4a38a511894b___YLCV_NREC 0111.JPG,17,17,Tomato_Yellow_Leaf_Curl_Virus,Tomato_Yellow_Leaf_Curl_Virus,0.99999976
186a4f5850775b94c471cae3280838e5,PV_data/Tomato___Tomato_Yellow_Leaf_Curl_Virus/64e7b9fc-3203-4c4b-b8c6-6ffbac4a0cf4___YLCV_NREC 2370.JPG,17,17,Tomato_Yellow_Leaf_Curl_Virus,Tomato_Yellow_Leaf_Curl_Virus,0.99999964
78a8cd4f24508e09c8621b5c967a393f,PV_data/Tomato___Tomato_Yellow_Leaf_Curl_Virus/651822f1-5cb1-4d45-806d-c25ffa025de2___UF.GRC_YLCV_Lab 01629.JPG,17,17,Tomato_Yellow_Leaf_Curl_Virus,Tomato_Yellow_Leaf_Curl_Virus,1.0
db1d00799cf4b88d66c68886bd2c27cf,PV_data/Tomato___Tomato_Yellow_Leaf_Curl_Virus/656dc6e9-28e9-4d3c-b7c6-a571d4edce68___YLCV_NREC 0134.JPG,17,17,Tomato_Yellow_Leaf_Curl_Virus,Tomato_Yellow_Leaf_Curl_Virus,1.0
8100b7512733fe7900798b9c3460798a,PV_data/Tomato___Tomato_Yellow_Leaf_Curl_Virus/65bd48f0-6b6f-48b5-a6c5-b855e374f7ea___UF.GRC_YLCV_Lab 01949.JPG,17,17,Tomato_Yellow_Leaf_Curl_Virus,Tomato_Yellow_Leaf_Curl_Virus,1.0
284c4096ee71fd45c64f034c5ade270a,PV_data/Tomato___Tomato_Yellow_Leaf_Curl_Virus/65c2ca47-30ff-44f5-88c0-c450fc63fe9d___YLCV_GCREC 5206.JPG,17,17,Tomato_Yellow_Leaf_Curl_Virus,Tomato_Yellow_Leaf_Curl_Virus,0.9999981
00a200d56197d5055f9a59aa425803b7,PV_data/Tomato___Tomato_Yellow_Leaf_Curl_Virus/65f3b055-4ac0-467c-85c4-e77d01c12763___YLCV_GCREC 2374.JPG,17,17,Tomato_Yellow_Leaf_Curl_Virus,Tomato_Yellow_Leaf_Curl_Virus,1.0
a93c962764b277873d69c38c49a9de92,PV_data/Tomato___Tomato_Yellow_Leaf_Curl_Virus/65fe4f8a-50de-4602-8c94-bc1f38ac64d9___UF.GRC_YLCV_Lab 02265.JPG,17,17,Tomato_Yellow_Leaf_Curl_Virus,Tomato_Yellow_Leaf_Curl_Virus,0.9999788
ffc151cc7cb1d6d8075647d19473a6b4,PV_data/Tomato___Tomato_Yellow_Leaf_Curl_Virus/661bd554-bf27-4a77-a230-b19818380249___UF.GRC_YLCV_Lab 03383.JPG,17,17,Tomato_Yellow_Leaf_Curl_Virus,Tomato_Yellow_Leaf_Curl_Virus,1.0
9f998ea4e8628388511e2d744fd28df5,PV_data/Tomato___Tomato_Yellow_Leaf_Curl_Virus/670f2265-a80e-49e5-8f89-d46b2cdaf304___UF.GRC_YLCV_Lab 02672.JPG,17,17,Tomato_Yellow_Leaf_Curl_Virus,Tomato_Yellow_Leaf_Curl_Virus,1.0
994063f13aa6860d1890ad5c61dbcb39,PV_data/Tomato___Tomato_Yellow_Leaf_Curl_Virus/67206390-2511-488b-82a6-7e3c01b37987___YLCV_NREC 0071.JPG,17,17,Tomato_Yellow_Leaf_Curl_Virus,Tomato_Yellow_Leaf_Curl_Virus,0.99999833
dbb22d99f00f9730647a65867c08e82a,PV_data/Tomato___Tomato_Yellow_Leaf_Curl_Virus/6781756b-f3be-4449-a1c6-ac0a50ae0bf5___YLCV_GCREC 1994.JPG,17,17,Tomato_Yellow_Leaf_Curl_Virus,Tomato_Yellow_Leaf_Curl_Virus,1.0
8cd952b9d29393aafee36e8772eccba4,PV_data/Tomato___Tomato_Yellow_Leaf_Curl_Virus/67e78746-5c79-43b8-a73f-3ba6cb0b91f9___UF.GRC_YLCV_Lab 02823.JPG,17,17,Tomato_Yellow_Leaf_Curl_Virus,Tomato_Yellow_Leaf_Curl_Virus,0.9999995
180e70b68a8ff8cf0387bc2ffd1c6738,PV_data/Tomato___Tomato_Yellow_Leaf_Curl_Virus/68243147-87d2-4a8e-96ba-bf5388d2ea51___YLCV_GCREC 5466.JPG,17,17,Tomato_Yellow_Leaf_Curl_Virus,Tomato_Yellow_Leaf_Curl_Virus,0.9999887
2d692738c7337f4f0999abefeb69fad3,PV_data/Tomato___Tomato_Yellow_Leaf_Curl_Virus/69028415-9dfb-4d95-af48-9e6b4bcb35fd___YLCV_GCREC 5202.JPG,17,17,Tomato_Yellow_Leaf_Curl_Virus,Tomato_Yellow_Leaf_Curl_Virus,0.9999999
2dc9b85e627530943f6ba7d76cc8fcbf,PV_data/Tomato___Tomato_Yellow_Leaf_Curl_Virus/692a987a-72a0-4979-a091-b52eff9f7cb0___UF.GRC_YLCV_Lab 03141.JPG,17,17,Tomato_Yellow_Leaf_Curl_Virus,Tomato_Yellow_Leaf_Curl_Virus,1.0
3c5730773b5324fa1bf09e037c789c8a,PV_data/Tomato___Tomato_Yellow_Leaf_Curl_Virus/69853336-0ccf-4fdc-8602-774279ecbce6___YLCV_GCREC 2836.JPG,17,17,Tomato_Yellow_Leaf_Curl_Virus,Tomato_Yellow_Leaf_Curl_Virus,1.0
692ad11c9833ad9e4b637f4d2ecae553,PV_data/Tomato___Tomato_Yellow_Leaf_Curl_Virus/6a549642-be42-43e7-920d-138d2f6d61b8___UF.GRC_YLCV_Lab 01325.JPG,17,17,Tomato_Yellow_Leaf_Curl_Virus,Tomato_Yellow_Leaf_Curl_Virus,1.0
6783ae946192e5a4df6895b4dfc35933,PV_data/Tomato___Tomato_Yellow_Leaf_Curl_Virus/6a6d3b38-0486-4131-b0c0-ca0a6bb1e889___UF.GRC_YLCV_Lab 09523.JPG,17,17,Tomato_Yellow_Leaf_Curl_Virus,Tomato_Yellow_Leaf_Curl_Virus,1.0
e5dfb23fa4d2eb01b0b7abb6b3ed9960,PV_data/Tomato___Tomato_Yellow_Leaf_Curl_Virus/6b1e6f7f-37f2-4e8c-a5f4-3de094e04d0b___UF.GRC_YLCV_Lab 01730.JPG,17,17,Tomato_Yellow_Leaf_Curl_Virus,Tomato_Yellow_Leaf_Curl_Virus,1.0
53698032fa1b75ea34638167ff8a787e,PV_data/Tomato___Tomato_Yellow_Leaf_Curl_Virus/6b64f419-9182-4025-b69b-82066928918f___UF.GRC_YLCV_Lab 02576.JPG,17,17,Tomato_Yellow_Leaf_Curl_Virus,Tomato_Yellow_Leaf_Curl_Virus,1.0
ea973404f7d408fd5f8b78efd42f8987,PV_data/Tomato___Tomato_Yellow_Leaf_Curl_Virus/6b9a5fbb-cf00-4ee2-9b27-9fbcd6da52a2___UF.GRC_YLCV_Lab 02951.JPG,17,17,Tomato_Yellow_Leaf_Curl_Virus,Tomato_Yellow_Leaf_Curl_Virus,1.0
1e4384d0b4c253c31fb4cceef5be0710,PV_data/Tomato___Tomato_Yellow_Leaf_Curl_Virus/6b9b1888-d553-4044-9b52-96bd2cccda0d___UF.GRC_YLCV_Lab 01540.JPG,17,17,Tomato_Yellow_Leaf_Curl_Virus,Tomato_Yellow_Leaf_Curl_Virus,1.0
736163a20eb0b21d7a4965f66f584df8,PV_data/Tomato___Tomato_Yellow_Leaf_Curl_Virus/6c0da973-414f-473f-8cb4-f280b39abb74___UF.GRC_YLCV_Lab 08524.JPG,17,17,Tomato_Yellow_Leaf_Curl_Virus,Tomato_Yellow_Leaf_Curl_Virus,0.99999774
78395ccf2ba1b2a14d60a8105976c6a0,PV_data/Tomato___Tomato_Yellow_Leaf_Curl_Virus/6cb27ec4-66b3-43ec-a768-1d5f45087ca0___YLCV_NREC 2330.JPG,17,17,Tomato_Yellow_Leaf_Curl_Virus,Tomato_Yellow_Leaf_Curl_Virus,1.0
11eef2f1556696ec714d23a80d5842aa,PV_data/Tomato___Tomato_Yellow_Leaf_Curl_Virus/6d188193-8718-4851-883e-ab94593fbe40___UF.GRC_YLCV_Lab 01583.JPG,17,17,Tomato_Yellow_Leaf_Curl_Virus,Tomato_Yellow_Leaf_Curl_Virus,1.0
5f1102d6593d85705b50c3fe8c64a87c,PV_data/Tomato___Tomato_Yellow_Leaf_Curl_Virus/6d470104-7ab3-4106-b4b4-a9713932e86a___YLCV_GCREC 5376.JPG,17,17,Tomato_Yellow_Leaf_Curl_Virus,Tomato_Yellow_Leaf_Curl_Virus,1.0
a7d1820943d996796a60b2d6e698db0a,PV_data/Tomato___Tomato_Yellow_Leaf_Curl_Virus/6d8945de-29b4-413c-a3f6-043889d99116___UF.GRC_YLCV_Lab 03220.JPG,17,17,Tomato_Yellow_Leaf_Curl_Virus,Tomato_Yellow_Leaf_Curl_Virus,1.0
6f8228b2f95b4d64cd66bdb4f382bd96,PV_data/Tomato___Tomato_Yellow_Leaf_Curl_Virus/6d8ac946-606e-4ded-9056-42497e456e8e___YLCV_GCREC 2331.JPG,17,17,Tomato_Yellow_Leaf_Curl_Virus,Tomato_Yellow_Leaf_Curl_Virus,1.0
c89f5a94c569b1344fe33e3188c3e349,PV_data/Tomato___Tomato_Yellow_Leaf_Curl_Virus/6d93132d-52ee-4d00-8534-d062ee604e7b___YLCV_NREC 2171.JPG,17,17,Tomato_Yellow_Leaf_Curl_Virus,Tomato_Yellow_Leaf_Curl_Virus,0.99999976
9f346a71b1fa4d8eaf92403431be2fc7,PV_data/Tomato___Tomato_Yellow_Leaf_Curl_Virus/6e0e10b3-69f0-404e-839d-03213389aab0___UF.GRC_YLCV_Lab 01919.JPG,17,17,Tomato_Yellow_Leaf_Curl_Virus,Tomato_Yellow_Leaf_Curl_Virus,1.0
96714ba67be032e50eb2ee36b4868398,PV_data/Tomato___Tomato_Yellow_Leaf_Curl_Virus/6e1ea630-4b8f-4305-84a2-b940698329bf___UF.GRC_YLCV_Lab 09495.JPG,17,17,Tomato_Yellow_Leaf_Curl_Virus,Tomato_Yellow_Leaf_Curl_Virus,1.0
b68e11548c0078fd1363e92aecaa3078,PV_data/Tomato___Tomato_Yellow_Leaf_Curl_Virus/6e382244-fb3a-4caa-af71-05fff25f1c27___UF.GRC_YLCV_Lab 03397.JPG,17,17,Tomato_Yellow_Leaf_Curl_Virus,Tomato_Yellow_Leaf_Curl_Virus,1.0
fcf3576671f0dd6f12eab536afd45df6,PV_data/Tomato___Tomato_Yellow_Leaf_Curl_Virus/6e3b9886-ce13-49d5-8f80-ccf4e5ddbeac___YLCV_GCREC 5479.JPG,17,17,Tomato_Yellow_Leaf_Curl_Virus,Tomato_Yellow_Leaf_Curl_Virus,0.999962
1be654cd03e52046d022d0e93160c033,PV_data/Tomato___Tomato_Yellow_Leaf_Curl_Virus/6e615038-7a87-446a-a2cd-f76c5c75b6dd___YLCV_GCREC 5144.JPG,17,17,Tomato_Yellow_Leaf_Curl_Virus,Tomato_Yellow_Leaf_Curl_Virus,0.9999945
66d5dc6b01e492a7aac75dd024fca928,PV_data/Tomato___Tomato_Yellow_Leaf_Curl_Virus/6e849af6-2a4c-49d9-b5d1-febeec2cc8b5___UF.GRC_YLCV_Lab 02965.JPG,17,17,Tomato_Yellow_Leaf_Curl_Virus,Tomato_Yellow_Leaf_Curl_Virus,1.0
2218647d264d2edc1bffb5bb3276d71f,PV_data/Tomato___Tomato_Yellow_Leaf_Curl_Virus/6eb13474-f3b6-4a3b-ab7e-917dc9b896b5___YLCV_GCREC 2624.JPG,17,17,Tomato_Yellow_Leaf_Curl_Virus,Tomato_Yellow_Leaf_Curl_Virus,0.9999987
8fa469ef5a58c0e578cdc6a8651d3c0e,PV_data/Tomato___Tomato_Yellow_Leaf_Curl_Virus/6edd2832-4dcf-45c0-8895-c789e056f086___UF.GRC_YLCV_Lab 03249.JPG,17,17,Tomato_Yellow_Leaf_Curl_Virus,Tomato_Yellow_Leaf_Curl_Virus,1.0
7dc1662411529670018079e6b66da9d5,PV_data/Tomato___Tomato_Yellow_Leaf_Curl_Virus/6f554285-e52f-440a-8ea5-e1295b2a9ff3___UF.GRC_YLCV_Lab 02028.JPG,17,17,Tomato_Yellow_Leaf_Curl_Virus,Tomato_Yellow_Leaf_Curl_Virus,1.0
6fb039cdd71b18c3530b07ce301fe298,PV_data/Tomato___Tomato_Yellow_Leaf_Curl_Virus/6f7f519d-9af2-4532-80c0-7a06311d776e___UF.GRC_YLCV_Lab 02465.JPG,17,17,Tomato_Yellow_Leaf_Curl_Virus,Tomato_Yellow_Leaf_Curl_Virus,0.99999106
f575ebbf967318e7e0f7fa8dc882b801,PV_data/Tomato___Tomato_Yellow_Leaf_Curl_Virus/70a033df-505a-4bce-bde0-04141df30e43___UF.GRC_YLCV_Lab 02706.JPG,17,17,Tomato_Yellow_Leaf_Curl_Virus,Tomato_Yellow_Leaf_Curl_Virus,1.0
4b2a32f6d8276636596bb44d8b4c72b1,PV_data/Tomato___Tomato_Yellow_Leaf_Curl_Virus/70a6bc64-f52e-4cb3-8561-cc16927fde6f___YLCV_GCREC 5187.JPG,17,17,Tomato_Yellow_Leaf_Curl_Virus,Tomato_Yellow_Leaf_Curl_Virus,1.0
82fdeca0c0f8d41c5610dc6cf727f9b7,PV_data/Tomato___Tomato_Yellow_Leaf_Curl_Virus/7109ec68-ac15-4b70-a4af-8d314c7c41e7___UF.GRC_YLCV_Lab 09551.JPG,17,17,Tomato_Yellow_Leaf_Curl_Virus,Tomato_Yellow_Leaf_Curl_Virus,1.0
d808bc699c5f93dc5f16edee66851ca6,PV_data/Tomato___Tomato_Yellow_Leaf_Curl_Virus/711bb3ff-a4d2-4f24-b8f8-6b5e3cbe6cbd___YLCV_NREC 2822.JPG,17,17,Tomato_Yellow_Leaf_Curl_Virus,Tomato_Yellow_Leaf_Curl_Virus,1.0
55eddb3187ecda9ed5b604f3661c65fc,PV_data/Tomato___Tomato_Yellow_Leaf_Curl_Virus/71bf15ef-4ea3-41b6-be93-f8c882784fee___YLCV_GCREC 2001.JPG,17,17,Tomato_Yellow_Leaf_Curl_Virus,Tomato_Yellow_Leaf_Curl_Virus,1.0
0ebab77742e6339ed59d94fa415c5c2a,PV_data/Tomato___Tomato_Yellow_Leaf_Curl_Virus/7230cf47-a160-4f3e-b9c7-c00d0b283c33___UF.GRC_YLCV_Lab 02956.JPG,17,17,Tomato_Yellow_Leaf_Curl_Virus,Tomato_Yellow_Leaf_Curl_Virus,1.0
67683dcc9c1e1724264fcc8877ed12c2,PV_data/Tomato___Tomato_Yellow_Leaf_Curl_Virus/72479a2c-c9a2-4813-b330-44499a10db1f___UF.GRC_YLCV_Lab 02496.JPG,17,17,Tomato_Yellow_Leaf_Curl_Virus,Tomato_Yellow_Leaf_Curl_Virus,1.0
23899ec05ad6756d76e131fb802ff976,PV_data/Tomato___Tomato_Yellow_Leaf_Curl_Virus/72e55fdf-18d1-4dd6-832c-19d7815ecb4c___UF.GRC_YLCV_Lab 01841.JPG,17,17,Tomato_Yellow_Leaf_Curl_Virus,Tomato_Yellow_Leaf_Curl_Virus,1.0
d7abc9188e0cfd506df2e201b390c1ea,PV_data/Tomato___Tomato_Yellow_Leaf_Curl_Virus/73a8ceb8-bdf6-4c7e-b473-8afc1893bf96___YLCV_GCREC 1949.JPG,17,17,Tomato_Yellow_Leaf_Curl_Virus,Tomato_Yellow_Leaf_Curl_Virus,0.99999785
4e5afb41c44ee21806e03a498ceaf3fa,PV_data/Tomato___Tomato_Yellow_Leaf_Curl_Virus/74241a47-7b5c-4e56-b63a-3cb954ab5d8d___UF.GRC_YLCV_Lab 02580.JPG,17,17,Tomato_Yellow_Leaf_Curl_Virus,Tomato_Yellow_Leaf_Curl_Virus,1.0
9f6e26ce6dc9c606e7b2c43c70c44d1e,PV_data/Tomato___Tomato_Yellow_Leaf_Curl_Virus/7429dac6-3f02-4530-a856-63095e8644df___YLCV_NREC 0082.JPG,17,17,Tomato_Yellow_Leaf_Curl_Virus,Tomato_Yellow_Leaf_Curl_Virus,0.9999962
b1f6c9d8895b63ad87f1c5ce99555e62,PV_data/Tomato___Tomato_Yellow_Leaf_Curl_Virus/742c464c-c3a4-469f-82dd-6c4be227c6b2___YLCV_GCREC 5225.JPG,17,17,Tomato_Yellow_Leaf_Curl_Virus,Tomato_Yellow_Leaf_Curl_Virus,0.9906335
d2821bc8a27200a9cc7cb858628065d2,PV_data/Tomato___Tomato_Yellow_Leaf_Curl_Virus/74d8054e-3b06-4410-a867-25a32a4672a9___YLCV_GCREC 2371.JPG,17,17,Tomato_Yellow_Leaf_Curl_Virus,Tomato_Yellow_Leaf_Curl_Virus,0.99997234
ac7a254528478041b18581145630e774,PV_data/Tomato___Tomato_Yellow_Leaf_Curl_Virus/74dafee0-94a5-4e07-9b04-c85f4cd9928a___YLCV_NREC 2243.JPG,17,17,Tomato_Yellow_Leaf_Curl_Virus,Tomato_Yellow_Leaf_Curl_Virus,1.0
fe2acad00dbf8194a89271b80f3640ea,PV_data/Tomato___Tomato_Yellow_Leaf_Curl_Virus/759ac168-130f-4d76-a5eb-c7cf527b3dc1___UF.GRC_YLCV_Lab 02167.JPG,17,17,Tomato_Yellow_Leaf_Curl_Virus,Tomato_Yellow_Leaf_Curl_Virus,1.0
af2fbbd0ad28a6111618c1060c42bb6b,PV_data/Tomato___Tomato_Yellow_Leaf_Curl_Virus/75c01936-f1e8-4e56-a08d-69e730835320___UF.GRC_YLCV_Lab 02072.JPG,17,17,Tomato_Yellow_Leaf_Curl_Virus,Tomato_Yellow_Leaf_Curl_Virus,1.0
a5e83a0a921cad839446bdf0446631b3,PV_data/Tomato___Tomato_Yellow_Leaf_Curl_Virus/75fbe8d1-9d11-4039-9973-ba2599641426___UF.GRC_YLCV_Lab 02548.JPG,17,17,Tomato_Yellow_Leaf_Curl_Virus,Tomato_Yellow_Leaf_Curl_Virus,0.9999999
99930ce2cb1ec7b16cc888f0799e0bdb,PV_data/Tomato___Tomato_Yellow_Leaf_Curl_Virus/77139872-d443-4ef0-966c-1e117e1d9df7___YLCV_GCREC 5523.JPG,17,17,Tomato_Yellow_Leaf_Curl_Virus,Tomato_Yellow_Leaf_Curl_Virus,0.99996305
c32c91a5207804d199606e76c43a0f6d,PV_data/Tomato___Tomato_Yellow_Leaf_Curl_Virus/7734544d-f6ec-4df7-956d-99697a51c5f2___YLCV_NREC 0089.JPG,17,17,Tomato_Yellow_Leaf_Curl_Virus,Tomato_Yellow_Leaf_Curl_Virus,1.0
b450cc34d193776ae668dea27ce68025,PV_data/Tomato___Tomato_Yellow_Leaf_Curl_Virus/77f04c08-8c17-4c56-b220-5c2928467336___YLCV_GCREC 2536.JPG,17,17,Tomato_Yellow_Leaf_Curl_Virus,Tomato_Yellow_Leaf_Curl_Virus,1.0
02c0bf5b27579c0484d63284d49f2b8f,PV_data/Tomato___Tomato_Yellow_Leaf_Curl_Virus/77fae293-fda8-46c0-a7a7-bc5fac8426d8___YLCV_NREC 2168.JPG,17,17,Tomato_Yellow_Leaf_Curl_Virus,Tomato_Yellow_Leaf_Curl_Virus,1.0
82f3bfd11dce7c71e028a04cd389399c,PV_data/Tomato___Tomato_Yellow_Leaf_Curl_Virus/7802421a-77de-4c86-bfbc-688ff73a7777___YLCV_NREC 2369.JPG,17,17,Tomato_Yellow_Leaf_Curl_Virus,Tomato_Yellow_Leaf_Curl_Virus,0.9999994
38251c3d6cef0ebde9e7ccc3665a13fc,PV_data/Tomato___Tomato_Yellow_Leaf_Curl_Virus/78182937-b677-4607-b4d2-90bd5c9603bb___UF.GRC_YLCV_Lab 02132.JPG,17,17,Tomato_Yellow_Leaf_Curl_Virus,Tomato_Yellow_Leaf_Curl_Virus,1.0
8d63a09938cc971f4857a37e73eb7544,PV_data/Tomato___Tomato_Yellow_Leaf_Curl_Virus/788c99c6-1982-437f-98e2-737a5c954768___YLCV_GCREC 5486.JPG,17,17,Tomato_Yellow_Leaf_Curl_Virus,Tomato_Yellow_Leaf_Curl_Virus,0.9999989
1df209c917091c9bb9fbcd8e0fd52d4f,PV_data/Tomato___Tomato_Yellow_Leaf_Curl_Virus/78aefc49-bdc8-40e7-9d4d-c95824283f73___UF.GRC_YLCV_Lab 03180.JPG,17,17,Tomato_Yellow_Leaf_Curl_Virus,Tomato_Yellow_Leaf_Curl_Virus,1.0
714424b3f217f21c262ace4b78cf6a7f,PV_data/Tomato___Tomato_Yellow_Leaf_Curl_Virus/78c735c8-55ec-4008-bab6-72cc64ce9f68___UF.GRC_YLCV_Lab 01889.JPG,17,17,Tomato_Yellow_Leaf_Curl_Virus,Tomato_Yellow_Leaf_Curl_Virus,1.0
5398a034320a56e4af7caa2804a4bf3e,PV_data/Tomato___Tomato_Yellow_Leaf_Curl_Virus/79586add-4eda-40ea-b500-c81030daa0d1___YLCV_GCREC 5123.JPG,17,17,Tomato_Yellow_Leaf_Curl_Virus,Tomato_Yellow_Leaf_Curl_Virus,1.0
31147f8716738d4abbac47b06493c4bb,PV_data/Tomato___Tomato_Yellow_Leaf_Curl_Virus/797266f3-1a6d-4201-a4d8-01cff698bfdb___UF.GRC_YLCV_Lab 01619.JPG,17,17,Tomato_Yellow_Leaf_Curl_Virus,Tomato_Yellow_Leaf_Curl_Virus,1.0
f2e38b23db05c9e78e9c714d70f05219,PV_data/Tomato___Tomato_Yellow_Leaf_Curl_Virus/799290e1-0cb6-49b8-b411-9f76491c0622___YLCV_GCREC 2682.JPG,17,17,Tomato_Yellow_Leaf_Curl_Virus,Tomato_Yellow_Leaf_Curl_Virus,1.0
86fe6639d947b36f201b70db4f37c645,PV_data/Tomato___Tomato_Yellow_Leaf_Curl_Virus/79985f34-8636-41b6-be52-6572a25fce1e___UF.GRC_YLCV_Lab 01983.JPG,17,17,Tomato_Yellow_Leaf_Curl_Virus,Tomato_Yellow_Leaf_Curl_Virus,1.0
1c9eee41de3112d2feb99e86f009d089,PV_data/Tomato___Tomato_Yellow_Leaf_Curl_Virus/79a440ad-082f-4c5e-b548-f8105cd937a3___YLCV_GCREC 1919.JPG,17,17,Tomato_Yellow_Leaf_Curl_Virus,Tomato_Yellow_Leaf_Curl_Virus,1.0
dbae8be0f2c85c93ad638651fdcb759c,PV_data/Tomato___Tomato_Yellow_Leaf_Curl_Virus/7a248c72-1dae-4532-b083-b0bee802cb4b___UF.GRC_YLCV_Lab 01722.JPG,17,17,Tomato_Yellow_Leaf_Curl_Virus,Tomato_Yellow_Leaf_Curl_Virus,1.0
5cfd81e560c9ca40a33cab444b50b457,PV_data/Tomato___Tomato_Yellow_Leaf_Curl_Virus/7a8c7fa6-1dee-478c-a395-4c15ff82f44c___UF.GRC_YLCV_Lab 02783.JPG,17,17,Tomato_Yellow_Leaf_Curl_Virus,Tomato_Yellow_Leaf_Curl_Virus,1.0
98416b189ecf2cea1b02ec55616fbeea,PV_data/Tomato___Tomato_Yellow_Leaf_Curl_Virus/7aaefbce-65bf-4ac6-8932-967149be1fb9___YLCV_NREC 2255.JPG,17,17,Tomato_Yellow_Leaf_Curl_Virus,Tomato_Yellow_Leaf_Curl_Virus,0.99999917
5f2c0563545dd9fef99da720e62de2f7,PV_data/Tomato___Tomato_Yellow_Leaf_Curl_Virus/7ae4111b-ccb5-4367-8262-72eca8f50f23___YLCV_GCREC 2500.JPG,17,17,Tomato_Yellow_Leaf_Curl_Virus,Tomato_Yellow_Leaf_Curl_Virus,1.0
3a44f95f1491a476253bcccdece8f49a,PV_data/Tomato___Tomato_Yellow_Leaf_Curl_Virus/7b206111-3fcc-489b-bc9f-e1489bff2fb2___YLCV_NREC 2941.JPG,17,17,Tomato_Yellow_Leaf_Curl_Virus,Tomato_Yellow_Leaf_Curl_Virus,0.999987
d966ec8961ef17c4ff59d0c3e5cc7cb5,PV_data/Tomato___Tomato_Yellow_Leaf_Curl_Virus/7b74581c-7731-475c-9bd0-ca07d5cbf6cc___UF.GRC_YLCV_Lab 02675.JPG,17,17,Tomato_Yellow_Leaf_Curl_Virus,Tomato_Yellow_Leaf_Curl_Virus,1.0
f7722f4a119308bac0a718f9f1a1381c,PV_data/Tomato___Tomato_Yellow_Leaf_Curl_Virus/7c3ed900-34c4-46da-af1e-98eaf6a4a628___UF.GRC_YLCV_Lab 02171.JPG,17,17,Tomato_Yellow_Leaf_Curl_Virus,Tomato_Yellow_Leaf_Curl_Virus,1.0
80d685018a2d4f776d6e4fc0626a1204,PV_data/Tomato___Tomato_Yellow_Leaf_Curl_Virus/7c8a214f-de9a-415a-addf-2c89b35d69ff___YLCV_GCREC 2406.JPG,17,17,Tomato_Yellow_Leaf_Curl_Virus,Tomato_Yellow_Leaf_Curl_Virus,0.9999994
fbc86dd244c3c97d76ee07ca9c230d62,PV_data/Tomato___Tomato_Yellow_Leaf_Curl_Virus/7ceecafc-d328-4410-a9e0-5978860e71d5___UF.GRC_YLCV_Lab 01607.JPG,17,17,Tomato_Yellow_Leaf_Curl_Virus,Tomato_Yellow_Leaf_Curl_Virus,1.0
87a413d33e774e94a14dfc8b2c44067f,PV_data/Tomato___Tomato_Yellow_Leaf_Curl_Virus/7dcee560-6970-40b0-b3e4-ac009f472d4f___UF.GRC_YLCV_Lab 08554.JPG,17,17,Tomato_Yellow_Leaf_Curl_Virus,Tomato_Yellow_Leaf_Curl_Virus,0.99999774
82319cdb745c388ed540f90bb01242cd,PV_data/Tomato___Tomato_Yellow_Leaf_Curl_Virus/7e25ef0a-7cec-45c2-bc3f-2429b82cafd6___YLCV_GCREC 1896.JPG,17,17,Tomato_Yellow_Leaf_Curl_Virus,Tomato_Yellow_Leaf_Curl_Virus,0.9999987
e622828ab29383e827b551f449963130,PV_data/Tomato___Tomato_Yellow_Leaf_Curl_Virus/7ea16123-ec12-4fb9-bade-78167943ffe3___YLCV_NREC 0066.JPG,17,17,Tomato_Yellow_Leaf_Curl_Virus,Tomato_Yellow_Leaf_Curl_Virus,0.99999976
3be1eee7f65ab2372c55185583109621,PV_data/Tomato___Tomato_Yellow_Leaf_Curl_Virus/7ea7f330-8e74-4ee8-af68-be425ce24141___UF.GRC_YLCV_Lab 01870.JPG,17,17,Tomato_Yellow_Leaf_Curl_Virus,Tomato_Yellow_Leaf_Curl_Virus,1.0
3643649ce7bde23b50fe4b084e3b690d,PV_data/Tomato___Tomato_Yellow_Leaf_Curl_Virus/7ee9ac87-43d8-4375-9a6f-d182bcec422d___YLCV_GCREC 5197.JPG,17,17,Tomato_Yellow_Leaf_Curl_Virus,Tomato_Yellow_Leaf_Curl_Virus,1.0
deeaa02d46ff15c2041fef15fae7f5a1,PV_data/Tomato___Tomato_Yellow_Leaf_Curl_Virus/7f5c515a-96f5-46a8-8931-6b2bb680c91e___YLCV_GCREC 5289.JPG,17,17,Tomato_Yellow_Leaf_Curl_Virus,Tomato_Yellow_Leaf_Curl_Virus,1.0
20c21155352328bf4e3a057b37371ba2,PV_data/Tomato___Tomato_Yellow_Leaf_Curl_Virus/7feee9ff-80c6-4aac-bbf6-fbd797d9a4b6___UF.GRC_YLCV_Lab 03216.JPG,17,17,Tomato_Yellow_Leaf_Curl_Virus,Tomato_Yellow_Leaf_Curl_Virus,1.0
e5217f5596b2ed9b446b57c600955236,PV_data/Tomato___Tomato_Yellow_Leaf_Curl_Virus/8026acba-1bf2-4c4c-94d4-dac6d642be34___YLCV_GCREC 2786.JPG,17,17,Tomato_Yellow_Leaf_Curl_Virus,Tomato_Yellow_Leaf_Curl_Virus,1.0
4ce071dc7ae1ab0952d371678574442e,PV_data/Tomato___Tomato_Yellow_Leaf_Curl_Virus/80274194-0aa0-48a1-add7-48c8d728300c___YLCV_NREC 0144.JPG,17,17,Tomato_Yellow_Leaf_Curl_Virus,Tomato_Yellow_Leaf_Curl_Virus,1.0
50706f983d9bbb9408ff800cca7cfc9f,PV_data/Tomato___Tomato_Yellow_Leaf_Curl_Virus/806afdf5-7799-4309-ad3a-9023adcc3ae8___YLCV_NREC 2094.JPG,17,17,Tomato_Yellow_Leaf_Curl_Virus,Tomato_Yellow_Leaf_Curl_Virus,0.99996614
8bb76c2ba382e88e1b17374a3e190d04,PV_data/Tomato___Tomato_Yellow_Leaf_Curl_Virus/806bd381-98ef-4a06-a1ed-65d9cc44f3c7___UF.GRC_YLCV_Lab 02006.JPG,17,17,Tomato_Yellow_Leaf_Curl_Virus,Tomato_Yellow_Leaf_Curl_Virus,1.0
7668ae58904c162dc854595913b77f66,PV_data/Tomato___Tomato_Yellow_Leaf_Curl_Virus/80a9f9a9-1868-44fd-9faa-071c58d55d97___UF.GRC_YLCV_Lab 02556.JPG,17,17,Tomato_Yellow_Leaf_Curl_Virus,Tomato_Yellow_Leaf_Curl_Virus,1.0
2dcb6890f64128a4eaf89376720de051,PV_data/Tomato___Tomato_Yellow_Leaf_Curl_Virus/80dd36a8-5ce2-47eb-9d19-508ce9d72efe___YLCV_NREC 2447.JPG,17,17,Tomato_Yellow_Leaf_Curl_Virus,Tomato_Yellow_Leaf_Curl_Virus,0.9999999
965939da20e45b97040851cbdbb9414d,PV_data/Tomato___Tomato_Yellow_Leaf_Curl_Virus/80eb3da8-47d7-44b0-8114-657da432cf9d___UF.GRC_YLCV_Lab 01723.JPG,17,17,Tomato_Yellow_Leaf_Curl_Virus,Tomato_Yellow_Leaf_Curl_Virus,1.0
69faa56d5c6fea85227b2731cbc83317,PV_data/Tomato___Tomato_Yellow_Leaf_Curl_Virus/8131b829-6d50-4c6a-934f-1287650a3d2a___UF.GRC_YLCV_Lab 02456.JPG,17,17,Tomato_Yellow_Leaf_Curl_Virus,Tomato_Yellow_Leaf_Curl_Virus,0.99995947
f36c1b4ec945dd19f12bfb01aff81414,PV_data/Tomato___Tomato_Yellow_Leaf_Curl_Virus/814cbdf2-f841-4c44-9f8f-9b5df9d8739d___UF.GRC_YLCV_Lab 09474.JPG,17,17,Tomato_Yellow_Leaf_Curl_Virus,Tomato_Yellow_Leaf_Curl_Virus,1.0
d206d7956e3d2bc9a0c0111f399c7077,PV_data/Tomato___Tomato_Yellow_Leaf_Curl_Virus/815290b4-6ac8-42bb-9297-ee60c56efc13___YLCV_GCREC 2680.JPG,17,17,Tomato_Yellow_Leaf_Curl_Virus,Tomato_Yellow_Leaf_Curl_Virus,1.0
81a82f0bbbff9fc6ba06b7e1d3a4e963,PV_data/Tomato___Tomato_Yellow_Leaf_Curl_Virus/81684aa1-f87b-42fb-87b8-3456ba1fee3c___YLCV_NREC 2340.JPG,17,17,Tomato_Yellow_Leaf_Curl_Virus,Tomato_Yellow_Leaf_Curl_Virus,0.999997
bd0cef3d4c04ac0e2f012b6235d89fea,PV_data/Tomato___Tomato_Yellow_Leaf_Curl_Virus/81c2cdcc-9254-45b3-8d53-6a928179a925___YLCV_NREC 2991.JPG,17,17,Tomato_Yellow_Leaf_Curl_Virus,Tomato_Yellow_Leaf_Curl_Virus,0.999998
5f1ce4f2f898499cb0a935604f27ffe6,PV_data/Tomato___Tomato_Yellow_Leaf_Curl_Virus/81cd10d6-3261-47dd-b09d-2e36f56e5c4d___YLCV_GCREC 5253.JPG,17,17,Tomato_Yellow_Leaf_Curl_Virus,Tomato_Yellow_Leaf_Curl_Virus,1.0
c0049b33b2936b90321992352a94b214,PV_data/Tomato___Tomato_Yellow_Leaf_Curl_Virus/81dd4d22-e4b0-4a8f-87b4-8acf3cf41d85___YLCV_GCREC 5287.JPG,17,17,Tomato_Yellow_Leaf_Curl_Virus,Tomato_Yellow_Leaf_Curl_Virus,0.99999964
fc276e972e35a806651c8424db4b3752,PV_data/Tomato___Tomato_Yellow_Leaf_Curl_Virus/81e001c2-ea82-4b0b-bb4e-b9e85420ada9___UF.GRC_YLCV_Lab 09398.JPG,17,17,Tomato_Yellow_Leaf_Curl_Virus,Tomato_Yellow_Leaf_Curl_Virus,1.0
4e3eb6bd512ab5b7b2603562a6478f53,PV_data/Tomato___Tomato_Yellow_Leaf_Curl_Virus/820c230b-6ea6-4ceb-b8c1-6d515cd389b0___UF.GRC_YLCV_Lab 02101.JPG,17,17,Tomato_Yellow_Leaf_Curl_Virus,Tomato_Yellow_Leaf_Curl_Virus,0.9999999
930e8d2dc60bd8e035112a37fe6567c4,PV_data/Tomato___Tomato_Yellow_Leaf_Curl_Virus/821c7b6e-0e43-4ae4-b597-2683fbe14cf5___UF.GRC_YLCV_Lab 02034.JPG,17,17,Tomato_Yellow_Leaf_Curl_Virus,Tomato_Yellow_Leaf_Curl_Virus,1.0
04d55d278f99c523b3c58f5571986362,PV_data/Tomato___Tomato_Yellow_Leaf_Curl_Virus/828a1022-d6af-428a-97ff-24e499d13a83___YLCV_GCREC 2590.JPG,17,17,Tomato_Yellow_Leaf_Curl_Virus,Tomato_Yellow_Leaf_Curl_Virus,0.99999917
e31df11256b326866ace4b0c9118556d,PV_data/Tomato___Tomato_Yellow_Leaf_Curl_Virus/82c9f4ee-648c-4f54-aac0-dd2062636163___YLCV_NREC 2455.JPG,17,17,Tomato_Yellow_Leaf_Curl_Virus,Tomato_Yellow_Leaf_Curl_Virus,0.99998224
2d3cda8d2c625a160f53ef365301a4f3,PV_data/Tomato___Tomato_Yellow_Leaf_Curl_Virus/8346c330-dec6-4c68-814b-d3065a2b1dae___UF.GRC_YLCV_Lab 02742.JPG,17,17,Tomato_Yellow_Leaf_Curl_Virus,Tomato_Yellow_Leaf_Curl_Virus,1.0
1156209509aa82df337148fc3cbff43d,PV_data/Tomato___Tomato_Yellow_Leaf_Curl_Virus/83ad7dfb-bd0d-46b9-84d5-59871052a796___YLCV_GCREC 2414.JPG,17,17,Tomato_Yellow_Leaf_Curl_Virus,Tomato_Yellow_Leaf_Curl_Virus,1.0
93cf6707335f531f12590b85be5fe628,PV_data/Tomato___Tomato_Yellow_Leaf_Curl_Virus/843abaaf-e144-4200-90ea-4fe6ee81e185___UF.GRC_YLCV_Lab 09608.JPG,17,17,Tomato_Yellow_Leaf_Curl_Virus,Tomato_Yellow_Leaf_Curl_Virus,1.0
dfd92d91fa9cac515313f633535995bf,PV_data/Tomato___Tomato_Yellow_Leaf_Curl_Virus/844653ae-8a16-434b-82c9-e4ad7dadb867___YLCV_GCREC 2816.JPG,17,17,Tomato_Yellow_Leaf_Curl_Virus,Tomato_Yellow_Leaf_Curl_Virus,1.0
5230b9a14bcd1d375145c08774bd4cb9,PV_data/Tomato___Tomato_Yellow_Leaf_Curl_Virus/847db734-bdee-4ced-a078-b8cc21bf4c58___UF.GRC_YLCV_Lab 01554.JPG,17,17,Tomato_Yellow_Leaf_Curl_Virus,Tomato_Yellow_Leaf_Curl_Virus,1.0
1b331d74fd5c995c32972047f69ebed7,PV_data/Tomato___Tomato_Yellow_Leaf_Curl_Virus/853a1beb-80b1-4fcd-87c6-1668bfa0c92d___UF.GRC_YLCV_Lab 01428.JPG,17,17,Tomato_Yellow_Leaf_Curl_Virus,Tomato_Yellow_Leaf_Curl_Virus,1.0
c508fc998ea53913856ec8e79127ca15,PV_data/Tomato___Tomato_Yellow_Leaf_Curl_Virus/8602323f-a327-4c3b-832b-9343db6bafab___UF.GRC_YLCV_Lab 02516.JPG,17,17,Tomato_Yellow_Leaf_Curl_Virus,Tomato_Yellow_Leaf_Curl_Virus,1.0
b38ea021020cf0eec176dac1c9db5a4a,PV_data/Tomato___Tomato_Yellow_Leaf_Curl_Virus/86655e14-c482-44f2-8576-f0b510dd0273___YLCV_NREC 2752.JPG,17,17,Tomato_Yellow_Leaf_Curl_Virus,Tomato_Yellow_Leaf_Curl_Virus,0.9999999
fafd4001d2924cc61ffcb337431a98b8,PV_data/Tomato___Tomato_Yellow_Leaf_Curl_Virus/8675f924-c2d3-4586-9f4d-273fe490af8b___UF.GRC_YLCV_Lab 01435.JPG,17,17,Tomato_Yellow_Leaf_Curl_Virus,Tomato_Yellow_Leaf_Curl_Virus,1.0
e0c051c4eaf42b3a24bd366a39e31baa,PV_data/Tomato___Tomato_Yellow_Leaf_Curl_Virus/87226c34-d7bf-4767-afdc-8a56cf45586a___YLCV_NREC 2380.JPG,17,17,Tomato_Yellow_Leaf_Curl_Virus,Tomato_Yellow_Leaf_Curl_Virus,0.99999976
b251da986b86a5dee317072cc40c2e3c,PV_data/Tomato___Tomato_Yellow_Leaf_Curl_Virus/8767e44f-de3d-4491-a21d-e93a78094ae0___UF.GRC_YLCV_Lab 03168.JPG,17,17,Tomato_Yellow_Leaf_Curl_Virus,Tomato_Yellow_Leaf_Curl_Virus,1.0
b91fc4dca350633db4b06f8ea7ba7634,PV_data/Tomato___Tomato_Yellow_Leaf_Curl_Virus/87a0203e-4e4a-4078-b202-a755983743d7___YLCV_NREC 2984.JPG,17,17,Tomato_Yellow_Leaf_Curl_Virus,Tomato_Yellow_Leaf_Curl_Virus,1.0
003c81877939a877b1d6379987f3fbbd,PV_data/Tomato___Tomato_Yellow_Leaf_Curl_Virus/87ccc5c0-37fc-4e12-b7b3-ed22653fcf36___YLCV_NREC 2197.JPG,17,17,Tomato_Yellow_Leaf_Curl_Virus,Tomato_Yellow_Leaf_Curl_Virus,0.9999957
3d12d72fef8b3a4ec4eeac07ef3ee3d0,PV_data/Tomato___Tomato_Yellow_Leaf_Curl_Virus/87cea921-e038-4cd2-a14e-31a45ae2560d___UF.GRC_YLCV_Lab 03298.JPG,17,17,Tomato_Yellow_Leaf_Curl_Virus,Tomato_Yellow_Leaf_Curl_Virus,1.0
ace7aebb46189fb963c2a9e78928f938,PV_data/Tomato___Tomato_Yellow_Leaf_Curl_Virus/87f81b35-9059-478b-a775-33f232b8228f___YLCV_GCREC 2177.JPG,17,17,Tomato_Yellow_Leaf_Curl_Virus,Tomato_Yellow_Leaf_Curl_Virus,0.9999999
b9516aa51e7b7616c3699508c0f66da6,PV_data/Tomato___Tomato_Yellow_Leaf_Curl_Virus/87ff4433-edf3-414e-9699-c6780f664b2b___YLCV_NREC 2917.JPG,17,17,Tomato_Yellow_Leaf_Curl_Virus,Tomato_Yellow_Leaf_Curl_Virus,0.99991286
e037749e106090e7f221f57f1665fd88,PV_data/Tomato___Tomato_Yellow_Leaf_Curl_Virus/884c75d8-4cb8-40d3-9730-8ece772595a0___UF.GRC_YLCV_Lab 09537.JPG,17,17,Tomato_Yellow_Leaf_Curl_Virus,Tomato_Yellow_Leaf_Curl_Virus,1.0
fb19501bcc2cc2e7322ea64b1d67cd17,PV_data/Tomato___Tomato_Yellow_Leaf_Curl_Virus/88614302-e6d2-4327-a4fb-a3db9c9ea72e___YLCV_NREC 2861.JPG,17,17,Tomato_Yellow_Leaf_Curl_Virus,Tomato_Yellow_Leaf_Curl_Virus,0.99999475
0576a046b5874a5c200c7806ff4bca47,PV_data/Tomato___Tomato_Yellow_Leaf_Curl_Virus/888611a3-a785-48c5-9df6-d5e39797b71b___UF.GRC_YLCV_Lab 03370.JPG,17,17,Tomato_Yellow_Leaf_Curl_Virus,Tomato_Yellow_Leaf_Curl_Virus,1.0
863ae925e9d52ac7772842904ed999d2,PV_data/Tomato___Tomato_Yellow_Leaf_Curl_Virus/88d97e45-8b32-4267-be07-60faaa1fc0bc___YLCV_NREC 2585.JPG,17,17,Tomato_Yellow_Leaf_Curl_Virus,Tomato_Yellow_Leaf_Curl_Virus,0.99999964
1936e1fc0ab80bd7f010164a7e8047bb,PV_data/Tomato___Tomato_Yellow_Leaf_Curl_Virus/892451b0-68b4-4787-9856-e07c933dbeb1___YLCV_GCREC 2359.JPG,17,17,Tomato_Yellow_Leaf_Curl_Virus,Tomato_Yellow_Leaf_Curl_Virus,0.99999845
f0eb2451a4206c0ddc1f8a192cf40f8c,PV_data/Tomato___Tomato_Yellow_Leaf_Curl_Virus/89cff955-c142-4874-aa13-a0b9ca6c11e1___YLCV_NREC 2148.JPG,17,17,Tomato_Yellow_Leaf_Curl_Virus,Tomato_Yellow_Leaf_Curl_Virus,0.99999106
6b76ba70c091e40f72201a0021c21888,PV_data/Tomato___Tomato_Yellow_Leaf_Curl_Virus/8a72f728-8a36-4e96-bcfc-da5a04626338___UF.GRC_YLCV_Lab 02417.JPG,17,17,Tomato_Yellow_Leaf_Curl_Virus,Tomato_Yellow_Leaf_Curl_Virus,1.0
b38a76cfc351868c9856371349bf7bc9,PV_data/Tomato___Tomato_Yellow_Leaf_Curl_Virus/8abdbac6-0685-400e-94bd-436f1424dcca___YLCV_NREC 2957.JPG,17,17,Tomato_Yellow_Leaf_Curl_Virus,Tomato_Yellow_Leaf_Curl_Virus,0.9999995
d47ef70cbd4e168ea8d66b64e4a9ecc9,PV_data/Tomato___Tomato_Yellow_Leaf_Curl_Virus/8abed001-72ef-4918-ba5e-3487fabb240a___UF.GRC_YLCV_Lab 02478.JPG,17,17,Tomato_Yellow_Leaf_Curl_Virus,Tomato_Yellow_Leaf_Curl_Virus,1.0
f0c241906dfa3568ef704dca42a07430,PV_data/Tomato___Tomato_Yellow_Leaf_Curl_Virus/8add9891-86bd-4b82-a37c-be8691b0002e___UF.GRC_YLCV_Lab 02230.JPG,17,17,Tomato_Yellow_Leaf_Curl_Virus,Tomato_Yellow_Leaf_Curl_Virus,1.0
8248326b1714a1636c1168a41f9c70b0,PV_data/Tomato___Tomato_Yellow_Leaf_Curl_Virus/8b16cc37-30cc-4685-a5fd-6259d200451a___YLCV_NREC 2270.JPG,17,17,Tomato_Yellow_Leaf_Curl_Virus,Tomato_Yellow_Leaf_Curl_Virus,0.99999094
de50381b36f1aa501d9ba65616debf9f,PV_data/Tomato___Tomato_Yellow_Leaf_Curl_Virus/8b63fb5c-6731-451e-8151-639482fb81d8___UF.GRC_YLCV_Lab 01612.JPG,17,17,Tomato_Yellow_Leaf_Curl_Virus,Tomato_Yellow_Leaf_Curl_Virus,1.0
eabd21277b4206e22014a27c5cab2648,PV_data/Tomato___Tomato_Yellow_Leaf_Curl_Virus/8bfd27c6-f744-4039-ae87-e856bbaf4ca5___UF.GRC_YLCV_Lab 09483.JPG,17,17,Tomato_Yellow_Leaf_Curl_Virus,Tomato_Yellow_Leaf_Curl_Virus,1.0
3b02b5cd232b88dcc6010faea00180dc,PV_data/Tomato___Tomato_Yellow_Leaf_Curl_Virus/8c5d2176-74cd-443e-a1a3-3077b397463b___UF.GRC_YLCV_Lab 01929.JPG,17,17,Tomato_Yellow_Leaf_Curl_Virus,Tomato_Yellow_Leaf_Curl_Virus,1.0
b5ef2e3dee0e96ee859c26992c059195,PV_data/Tomato___Tomato_Yellow_Leaf_Curl_Virus/8c5fa2c2-8748-4798-a8b8-bbe0b3409cb9___UF.GRC_YLCV_Lab 03176.JPG,17,17,Tomato_Yellow_Leaf_Curl_Virus,Tomato_Yellow_Leaf_Curl_Virus,1.0
903ec07b3fedec6a8a91cbe7fefe4ca4,PV_data/Tomato___Tomato_Yellow_Leaf_Curl_Virus/8ca1a93a-09d4-4c7e-a898-e8967eb7e908___YLCV_GCREC 2265.JPG,17,17,Tomato_Yellow_Leaf_Curl_Virus,Tomato_Yellow_Leaf_Curl_Virus,1.0
8ecd7e6c63502d4d277d4c89bfe2f879,PV_data/Tomato___Tomato_Yellow_Leaf_Curl_Virus/8cebc9f3-bd56-4110-bc69-54dbba40619f___YLCV_NREC 2279.JPG,17,17,Tomato_Yellow_Leaf_Curl_Virus,Tomato_Yellow_Leaf_Curl_Virus,0.9999933
19754561c70d1ecc4222ee3903529e74,PV_data/Tomato___Tomato_Yellow_Leaf_Curl_Virus/8cec28f2-470f-4726-b080-50b68f408ee0___UF.GRC_YLCV_Lab 01796.JPG,17,17,Tomato_Yellow_Leaf_Curl_Virus,Tomato_Yellow_Leaf_Curl_Virus,1.0
a83b08925ede068b1751bbec580065fc,PV_data/Tomato___Tomato_Yellow_Leaf_Curl_Virus/8cf12f2f-30db-4019-9efd-6eabed9713f7___YLCV_NREC 2280.JPG,17,17,Tomato_Yellow_Leaf_Curl_Virus,Tomato_Yellow_Leaf_Curl_Virus,0.9999999
84674b078ef9fad184338098e46ea4d1,PV_data/Tomato___Tomato_Yellow_Leaf_Curl_Virus/8cf65a4a-7186-4d3b-ab25-b947ca20cb9b___YLCV_GCREC 5392.JPG,17,17,Tomato_Yellow_Leaf_Curl_Virus,Tomato_Yellow_Leaf_Curl_Virus,0.9999893
6bd7a5dd5ed8a724b78459603e08d5c1,PV_data/Tomato___Tomato_Yellow_Leaf_Curl_Virus/8d62f35b-2070-4ee7-9013-2b3c6c6ae2af___UF.GRC_YLCV_Lab 02488.JPG,17,17,Tomato_Yellow_Leaf_Curl_Virus,Tomato_Yellow_Leaf_Curl_Virus,1.0
457f99588c641ac8034126e5f73664ac,PV_data/Tomato___Tomato_Yellow_Leaf_Curl_Virus/8df54a61-7be4-42cc-9b55-3a2f7632b2bc___UF.GRC_YLCV_Lab 02085.JPG,17,17,Tomato_Yellow_Leaf_Curl_Virus,Tomato_Yellow_Leaf_Curl_Virus,1.0
d2284cb551c151903f30959ca92c8498,PV_data/Tomato___Tomato_Yellow_Leaf_Curl_Virus/8e0fd42c-7e1e-42f8-b77d-07bae2b9ec85___YLCV_GCREC 5395.JPG,17,17,Tomato_Yellow_Leaf_Curl_Virus,Tomato_Yellow_Leaf_Curl_Virus,0.9999604
fc44ae02ec51b36de613b694f8888acb,PV_data/Tomato___Tomato_Yellow_Leaf_Curl_Virus/8e404e46-bbbb-4e7a-ad8d-833d58534324___UF.GRC_YLCV_Lab 02939.JPG,17,17,Tomato_Yellow_Leaf_Curl_Virus,Tomato_Yellow_Leaf_Curl_Virus,1.0
7782b394e8385611d2ddc4effc78963f,PV_data/Tomato___Tomato_Yellow_Leaf_Curl_Virus/8e48ed0b-90d5-4d74-bea6-697c4146535e___UF.GRC_YLCV_Lab 08505.JPG,17,17,Tomato_Yellow_Leaf_Curl_Virus,Tomato_Yellow_Leaf_Curl_Virus,0.9999919
87d23736e8c029afc0eb4790ad9ceb6f,PV_data/Tomato___Tomato_Yellow_Leaf_Curl_Virus/8e76ad8c-a0e1-485a-b42f-7a5102d3ec33___YLCV_NREC 2958.JPG,17,17,Tomato_Yellow_Leaf_Curl_Virus,Tomato_Yellow_Leaf_Curl_Virus,1.0
779c86abcf1376e96e3e7d0910701272,PV_data/Tomato___Tomato_Yellow_Leaf_Curl_Virus/8ef68219-39f1-4d0c-9f1c-8fb07e920cbf___YLCV_GCREC 2580.JPG,17,17,Tomato_Yellow_Leaf_Curl_Virus,Tomato_Yellow_Leaf_Curl_Virus,1.0
9787f8b749e2c196879a9e12445b32d4,PV_data/Tomato___Tomato_Yellow_Leaf_Curl_Virus/8f1a743b-d0cf-4405-9d85-8d40f9187da3___YLCV_NREC 2212.JPG,17,17,Tomato_Yellow_Leaf_Curl_Virus,Tomato_Yellow_Leaf_Curl_Virus,1.0
3becc53e43b561a4b45544a430e0aaed,PV_data/Tomato___Tomato_Yellow_Leaf_Curl_Virus/8f2d1ca5-aaa7-4aeb-a59a-4c4624da3113___UF.GRC_YLCV_Lab 01256.JPG,17,17,Tomato_Yellow_Leaf_Curl_Virus,Tomato_Yellow_Leaf_Curl_Virus,1.0
019bcdcec18f90251b8a6909a115d521,PV_data/Tomato___Tomato_Yellow_Leaf_Curl_Virus/8f35a104-edeb-474c-9902-b6734df6273b___YLCV_NREC 2500.JPG,17,17,Tomato_Yellow_Leaf_Curl_Virus,Tomato_Yellow_Leaf_Curl_Virus,0.9999994
950320930052ee000ed847151a367d67,PV_data/Tomato___Tomato_Yellow_Leaf_Curl_Virus/8f7f2459-7493-416d-af69-200d1eeb07fa___YLCV_NREC 2082.JPG,17,17,Tomato_Yellow_Leaf_Curl_Virus,Tomato_Yellow_Leaf_Curl_Virus,1.0
60fdcc0e8d244d59eb8e0704d1ad5d25,PV_data/Tomato___Tomato_Yellow_Leaf_Curl_Virus/8f8f5b03-854c-4572-ac84-2893366dffef___YLCV_GCREC 2750.JPG,17,17,Tomato_Yellow_Leaf_Curl_Virus,Tomato_Yellow_Leaf_Curl_Virus,1.0
b49d911b2d539575285b2b671c262753,PV_data/Tomato___Tomato_Yellow_Leaf_Curl_Virus/90a7c7fb-f268-4b0d-bb5a-2666c44b2768___YLCV_NREC 2315.JPG,17,17,Tomato_Yellow_Leaf_Curl_Virus,Tomato_Yellow_Leaf_Curl_Virus,1.0
bf2ff9f7db755965ae180d400428512e,PV_data/Tomato___Tomato_Yellow_Leaf_Curl_Virus/90bb9f6a-cf26-4f03-a7b9-80b9e8ecaed1___YLCV_NREC 2453.JPG,17,17,Tomato_Yellow_Leaf_Curl_Virus,Tomato_Yellow_Leaf_Curl_Virus,0.99999976
2796be38b2e2735799d5094847d9600d,PV_data/Tomato___Tomato_Yellow_Leaf_Curl_Virus/91283b6b-c36d-4ee6-8ab9-fae527f1dce0___UF.GRC_YLCV_Lab 01775.JPG,17,17,Tomato_Yellow_Leaf_Curl_Virus,Tomato_Yellow_Leaf_Curl_Virus,1.0
3a50676c245944b72a114acd0af91dfb,PV_data/Tomato___Tomato_Yellow_Leaf_Curl_Virus/9152d7df-6394-4456-971b-551a87a15028___UF.GRC_YLCV_Lab 01903.JPG,17,17,Tomato_Yellow_Leaf_Curl_Virus,Tomato_Yellow_Leaf_Curl_Virus,1.0
cc52eea6ba1d2af9af7252eac6d23748,PV_data/Tomato___Tomato_Yellow_Leaf_Curl_Virus/926c6c73-6a8a-4410-9b25-c2649ca1eb53___YLCV_NREC 2132.JPG,17,17,Tomato_Yellow_Leaf_Curl_Virus,Tomato_Yellow_Leaf_Curl_Virus,0.9999999
07f4941de6ff33ef24436bdabd329411,PV_data/Tomato___Tomato_Yellow_Leaf_Curl_Virus/92be52f2-8218-498e-8d63-49a17404f626___YLCV_GCREC 2603.JPG,17,17,Tomato_Yellow_Leaf_Curl_Virus,Tomato_Yellow_Leaf_Curl_Virus,1.0
0fd7188223c32372255bd635376afdcd,PV_data/Tomato___Tomato_Yellow_Leaf_Curl_Virus/92d50995-b924-4c8c-97d9-5083effeb227___UF.GRC_YLCV_Lab 09611.JPG,17,17,Tomato_Yellow_Leaf_Curl_Virus,Tomato_Yellow_Leaf_Curl_Virus,1.0
a017c8cdacf321a371c7ef66d26c0a6f,PV_data/Tomato___Tomato_Yellow_Leaf_Curl_Virus/92f042ea-7da7-43e7-b228-eb901883da85___YLCV_GCREC 5538.JPG,17,17,Tomato_Yellow_Leaf_Curl_Virus,Tomato_Yellow_Leaf_Curl_Virus,0.99999976
6ee18fc3f4453d05fda67047de5c0769,PV_data/Tomato___Tomato_Yellow_Leaf_Curl_Virus/9300962c-fa16-4c51-b18c-bd0022434680___YLCV_GCREC 2484.JPG,17,17,Tomato_Yellow_Leaf_Curl_Virus,Tomato_Yellow_Leaf_Curl_Virus,0.99999964
cfe189bd1e743fccc819c787899d2f3c,PV_data/Tomato___Tomato_Yellow_Leaf_Curl_Virus/9314c285-23d4-4107-b9a5-67d2d2a32921___YLCV_GCREC 2600.JPG,17,17,Tomato_Yellow_Leaf_Curl_Virus,Tomato_Yellow_Leaf_Curl_Virus,1.0
b09de8dc71bfd44366066abfefae7a90,PV_data/Tomato___Tomato_Yellow_Leaf_Curl_Virus/9361bd7c-6cda-4fc6-a07e-f9d3e0ac815b___UF.GRC_YLCV_Lab 01827.JPG,17,17,Tomato_Yellow_Leaf_Curl_Virus,Tomato_Yellow_Leaf_Curl_Virus,1.0
c917c9e94b17baa2cb371aec683fbd3f,PV_data/Tomato___Tomato_Yellow_Leaf_Curl_Virus/9430ec1f-c0c4-40ea-9dc1-6821a4c4f84f___YLCV_GCREC 5537.JPG,17,17,Tomato_Yellow_Leaf_Curl_Virus,Tomato_Yellow_Leaf_Curl_Virus,0.99999976
e71c56aacaa88faa58ea8997091bdac4,PV_data/Tomato___Tomato_Yellow_Leaf_Curl_Virus/955440d3-eea8-468f-a7bb-fa5a55be7d0b___YLCV_GCREC 5230.JPG,17,17,Tomato_Yellow_Leaf_Curl_Virus,Tomato_Yellow_Leaf_Curl_Virus,0.99999964
c37503444fcdffee3092b360352bf46d,PV_data/Tomato___Tomato_Yellow_Leaf_Curl_Virus/95663aad-c162-439e-b12e-9f9061b9474e___UF.GRC_YLCV_Lab 08463.JPG,17,17,Tomato_Yellow_Leaf_Curl_Virus,Tomato_Yellow_Leaf_Curl_Virus,0.9999994
ea3198ec26b420c635f9149cd3961936,PV_data/Tomato___Tomato_Yellow_Leaf_Curl_Virus/95a71e07-6e97-4dc3-a9b0-0bd21c014c20___UF.GRC_YLCV_Lab 02885.JPG,17,17,Tomato_Yellow_Leaf_Curl_Virus,Tomato_Yellow_Leaf_Curl_Virus,1.0
ce6265f36597885d4128eb8a90e76812,PV_data/Tomato___Tomato_Yellow_Leaf_Curl_Virus/95b2ee1b-bad2-40b9-8d17-190828ebdfde___YLCV_NREC 2283.JPG,17,17,Tomato_Yellow_Leaf_Curl_Virus,Tomato_Yellow_Leaf_Curl_Virus,1.0
5d86b0164ae50540a052a6d5dcfe9b83,PV_data/Tomato___Tomato_Yellow_Leaf_Curl_Virus/95f6eefd-e3f9-40ee-a6bd-7189b60c7fca___UF.GRC_YLCV_Lab 02069.JPG,17,17,Tomato_Yellow_Leaf_Curl_Virus,Tomato_Yellow_Leaf_Curl_Virus,1.0
b41efa965e006e0c8a76b1eafbd5445a,PV_data/Tomato___Tomato_Yellow_Leaf_Curl_Virus/96482ffd-50f6-4f9e-94e7-7646198678fa___YLCV_GCREC 1944.JPG,17,17,Tomato_Yellow_Leaf_Curl_Virus,Tomato_Yellow_Leaf_Curl_Virus,0.99999523
55dc1542cedf6bfc43b8821bb92dc652,PV_data/Tomato___Tomato_Yellow_Leaf_Curl_Virus/96704227-fc47-4936-b22a-cea82babc0c4___UF.GRC_YLCV_Lab 02426.JPG,17,17,Tomato_Yellow_Leaf_Curl_Virus,Tomato_Yellow_Leaf_Curl_Virus,1.0
09c92221e983c7ea7c9189884d6bad80,PV_data/Tomato___Tomato_Yellow_Leaf_Curl_Virus/96b41e79-8310-41fa-b128-99d98ae8ca45___UF.GRC_YLCV_Lab 09619.JPG,17,17,Tomato_Yellow_Leaf_Curl_Virus,Tomato_Yellow_Leaf_Curl_Virus,1.0
b0b25d96b0d6dae6c2e84117b4dd3b22,PV_data/Tomato___Tomato_Yellow_Leaf_Curl_Virus/97436d8e-5497-4039-b006-50c9dc0ad9a0___UF.GRC_YLCV_Lab 09445.JPG,17,17,Tomato_Yellow_Leaf_Curl_Virus,Tomato_Yellow_Leaf_Curl_Virus,1.0
46716433e0dc2bcfb76d12c58a4cc685,PV_data/Tomato___Tomato_Yellow_Leaf_Curl_Virus/97986b54-3ac3-403d-8780-e67a56e74e92___UF.GRC_YLCV_Lab 09575.JPG,17,17,Tomato_Yellow_Leaf_Curl_Virus,Tomato_Yellow_Leaf_Curl_Virus,1.0
569fb6e83be8f83cda9838044775d60f,PV_data/Tomato___Tomato_Yellow_Leaf_Curl_Virus/97b5ebf5-880b-471b-9361-1d4834e88e53___YLCV_GCREC 2760.JPG,17,17,Tomato_Yellow_Leaf_Curl_Virus,Tomato_Yellow_Leaf_Curl_Virus,0.9999958
11f10c5b05a2cecf1c01dc46867b372f,PV_data/Tomato___Tomato_Yellow_Leaf_Curl_Virus/98235a1a-fe41-4d86-b5b3-8e4dc1794b43___YLCV_GCREC 2325.JPG,17,17,Tomato_Yellow_Leaf_Curl_Virus,Tomato_Yellow_Leaf_Curl_Virus,1.0
fc7440971794e199300b924d4c315609,PV_data/Tomato___Tomato_Yellow_Leaf_Curl_Virus/982fea5c-cba8-406b-a760-ce505ac3adf2___UF.GRC_YLCV_Lab 09468.JPG,17,17,Tomato_Yellow_Leaf_Curl_Virus,Tomato_Yellow_Leaf_Curl_Virus,1.0
576cfc099e7e2cd90d6dfd31166b27c9,PV_data/Tomato___Tomato_Yellow_Leaf_Curl_Virus/997a4387-5c1d-4da4-90d0-b552e8149af8___UF.GRC_YLCV_Lab 01273.JPG,17,17,Tomato_Yellow_Leaf_Curl_Virus,Tomato_Yellow_Leaf_Curl_Virus,1.0
e2000b567cd1cab966efe38ce78de325,PV_data/Tomato___Tomato_Yellow_Leaf_Curl_Virus/99a7c3ea-17fa-4215-b089-9a3efdcd7610___UF.GRC_YLCV_Lab 01260.JPG,17,17,Tomato_Yellow_Leaf_Curl_Virus,Tomato_Yellow_Leaf_Curl_Virus,1.0
cf1f38e28597c562b3f139d66a0e848e,PV_data/Tomato___Tomato_Yellow_Leaf_Curl_Virus/99c239a8-0599-443c-be9d-146275cb8e28___YLCV_NREC 2826.JPG,17,17,Tomato_Yellow_Leaf_Curl_Virus,Tomato_Yellow_Leaf_Curl_Virus,0.9999802
adfa8b87e05e1faee3ca4f234c20dad2,PV_data/Tomato___Tomato_Yellow_Leaf_Curl_Virus/99c72556-2ccf-46c8-93de-54132dcf87d9___UF.GRC_YLCV_Lab 03079.JPG,17,17,Tomato_Yellow_Leaf_Curl_Virus,Tomato_Yellow_Leaf_Curl_Virus,1.0
bbbad69b7bf4b7e09b414849e169ee47,PV_data/Tomato___Tomato_Yellow_Leaf_Curl_Virus/99d03333-064f-4a57-aeda-13b5fe17219e___UF.GRC_YLCV_Lab 01634.JPG,17,17,Tomato_Yellow_Leaf_Curl_Virus,Tomato_Yellow_Leaf_Curl_Virus,1.0
6d87ccca3fbaf555c1d87470e309317d,PV_data/Tomato___Tomato_Yellow_Leaf_Curl_Virus/9a699ebc-8da5-4d66-adf6-e7d7c6a498e5___UF.GRC_YLCV_Lab 02629.JPG,17,17,Tomato_Yellow_Leaf_Curl_Virus,Tomato_Yellow_Leaf_Curl_Virus,1.0
461dbd933f5df94bec9da78d9943822c,PV_data/Tomato___Tomato_Yellow_Leaf_Curl_Virus/9abc5afe-f6bd-4c9e-9670-7722d167da78___YLCV_GCREC 2213.JPG,17,17,Tomato_Yellow_Leaf_Curl_Virus,Tomato_Yellow_Leaf_Curl_Virus,1.0
c3b7f6c618fc1f073497e2fa69a62e53,PV_data/Tomato___Tomato_Yellow_Leaf_Curl_Virus/9b1edb7f-cb28-400e-82bb-3a4bbaa6b582___UF.GRC_YLCV_Lab 01806.JPG,17,17,Tomato_Yellow_Leaf_Curl_Virus,Tomato_Yellow_Leaf_Curl_Virus,1.0
ec7121f2c363e558f321a8e17e371296,PV_data/Tomato___Tomato_Yellow_Leaf_Curl_Virus/9b45050c-a671-48a3-b8da-2a2c7d752e4e___YLCV_NREC 0125.JPG,17,17,Tomato_Yellow_Leaf_Curl_Virus,Tomato_Yellow_Leaf_Curl_Virus,0.9999999
2c83e646c725926087aa6a40a9a32904,PV_data/Tomato___Tomato_Yellow_Leaf_Curl_Virus/9bf28103-50ef-4fdc-a06c-86b61d34e8ae___YLCV_NREC 2865.JPG,17,17,Tomato_Yellow_Leaf_Curl_Virus,Tomato_Yellow_Leaf_Curl_Virus,1.0
a47ba398e7f233cbe06d3b70fec1f03c,PV_data/Tomato___Tomato_Yellow_Leaf_Curl_Virus/9ceb850c-df3c-42aa-86d1-9614d372becf___UF.GRC_YLCV_Lab 08487.JPG,17,17,Tomato_Yellow_Leaf_Curl_Virus,Tomato_Yellow_Leaf_Curl_Virus,0.76157635
5d234c3010a363fb5141a1b68cc56934,PV_data/Tomato___Tomato_Yellow_Leaf_Curl_Virus/9cf9a08e-9351-4899-90cc-0441f2654849___YLCV_NREC 0060.JPG,17,17,Tomato_Yellow_Leaf_Curl_Virus,Tomato_Yellow_Leaf_Curl_Virus,0.99989974
a85836b20e1fa792c746223090ef6cee,PV_data/Tomato___Tomato_Yellow_Leaf_Curl_Virus/9d1f2f28-34e4-45ca-9517-e9410054ba5f___YLCV_GCREC 2503.JPG,17,17,Tomato_Yellow_Leaf_Curl_Virus,Tomato_Yellow_Leaf_Curl_Virus,1.0
09a77ea54333e855d190ca724985fc61,PV_data/Tomato___Tomato_Yellow_Leaf_Curl_Virus/9e91f5cd-0988-4e34-af69-941e07e05869___YLCV_GCREC 2347.JPG,17,17,Tomato_Yellow_Leaf_Curl_Virus,Tomato_Yellow_Leaf_Curl_Virus,0.9999995
3bc994c37f051ebbd5b75f00f9ff1390,PV_data/Tomato___Tomato_Yellow_Leaf_Curl_Virus/9ecd884d-9394-4676-88d9-18f17f046361___YLCV_GCREC 2413.JPG,17,17,Tomato_Yellow_Leaf_Curl_Virus,Tomato_Yellow_Leaf_Curl_Virus,1.0
6a906c466f8caa080e5f6ce2d419eaef,PV_data/Tomato___Tomato_Yellow_Leaf_Curl_Virus/9ee6c0b2-37ba-4559-b597-c1cce9f2a201___YLCV_NREC 0299.JPG,17,17,Tomato_Yellow_Leaf_Curl_Virus,Tomato_Yellow_Leaf_Curl_Virus,0.9999994
1752b838091847ef34496f21c48ba11e,PV_data/Tomato___Tomato_Yellow_Leaf_Curl_Virus/9eefdc79-1c2c-4a5b-892c-a72ab1448674___UF.GRC_YLCV_Lab 02275.JPG,17,17,Tomato_Yellow_Leaf_Curl_Virus,Tomato_Yellow_Leaf_Curl_Virus,0.99982166
3f83412ec912248693f5ace48d8e69c7,PV_data/Tomato___Tomato_Yellow_Leaf_Curl_Virus/9ef056de-ae23-4271-823f-e951404348ce___YLCV_GCREC 5231.JPG,17,17,Tomato_Yellow_Leaf_Curl_Virus,Tomato_Yellow_Leaf_Curl_Virus,0.9999999
5b7563b6aa969ed09c109fd66c79a3f8,PV_data/Tomato___Tomato_Yellow_Leaf_Curl_Virus/a067f829-f243-4a0f-8172-41a072f51b83___YLCV_GCREC 2496.JPG,17,17,Tomato_Yellow_Leaf_Curl_Virus,Tomato_Yellow_Leaf_Curl_Virus,1.0
9b178ef4488ed43b021c0772937ed322,PV_data/Tomato___Tomato_Yellow_Leaf_Curl_Virus/a0913bb7-f133-470c-8fa7-8e77b7797206___UF.GRC_YLCV_Lab 02073.JPG,17,17,Tomato_Yellow_Leaf_Curl_Virus,Tomato_Yellow_Leaf_Curl_Virus,1.0
3e18fba223f9d4127d96b85910352f7d,PV_data/Tomato___Tomato_Yellow_Leaf_Curl_Virus/a09fa0f1-e128-44a0-9033-ce053b4971b6___UF.GRC_YLCV_Lab 01698.JPG,17,17,Tomato_Yellow_Leaf_Curl_Virus,Tomato_Yellow_Leaf_Curl_Virus,1.0
c40d958bf90992c3d49e9f17345c616c,PV_data/Tomato___Tomato_Yellow_Leaf_Curl_Virus/a0af1fbb-f3f4-4081-bea3-0ab45a21b2cc___UF.GRC_YLCV_Lab 02271.JPG,17,17,Tomato_Yellow_Leaf_Curl_Virus,Tomato_Yellow_Leaf_Curl_Virus,0.9999701
da462760a8d269290aff2aac009a0918,PV_data/Tomato___Tomato_Yellow_Leaf_Curl_Virus/a0ba3609-c990-42ba-8352-b42afa889e35___YLCV_NREC 2791.JPG,17,17,Tomato_Yellow_Leaf_Curl_Virus,Tomato_Yellow_Leaf_Curl_Virus,0.9999918
67f5ff4eadd4139bea26df0bb5ae47d3,PV_data/Tomato___Tomato_Yellow_Leaf_Curl_Virus/a0cd91a3-0d02-4985-b8ab-eaa7b27c975a___UF.GRC_YLCV_Lab 01848.JPG,17,17,Tomato_Yellow_Leaf_Curl_Virus,Tomato_Yellow_Leaf_Curl_Virus,1.0
959365ebf6f0c5e7e3204ba9e134fc18,PV_data/Tomato___Tomato_Yellow_Leaf_Curl_Virus/a1463530-2830-48d2-8b0c-76bb880572d8___YLCV_GCREC 2196.JPG,17,17,Tomato_Yellow_Leaf_Curl_Virus,Tomato_Yellow_Leaf_Curl_Virus,0.9999999
2cacc725f22bd6b5f50c38beea1cfec6,PV_data/Tomato___Tomato_Yellow_Leaf_Curl_Virus/a19cb8f8-577a-4b0b-bc11-ba0b0e13199f___YLCV_GCREC 2462.JPG,17,17,Tomato_Yellow_Leaf_Curl_Virus,Tomato_Yellow_Leaf_Curl_Virus,1.0
33f6fde720bf5caa580800cf25247350,PV_data/Tomato___Tomato_Yellow_Leaf_Curl_Virus/a1e1c763-0b15-46be-a205-8530232f0384___YLCV_NREC 2874.JPG,17,17,Tomato_Yellow_Leaf_Curl_Virus,Tomato_Yellow_Leaf_Curl_Virus,1.0
d6d92e62018cd81db9517fc28e1a4f5b,PV_data/Tomato___Tomato_Yellow_Leaf_Curl_Virus/a25fbdfa-6918-4913-9ba1-659882fa331b___UF.GRC_YLCV_Lab 01816.JPG,17,17,Tomato_Yellow_Leaf_Curl_Virus,Tomato_Yellow_Leaf_Curl_Virus,1.0
8467a7a3d098b2c90c3f4d415ddf5c36,PV_data/Tomato___Tomato_Yellow_Leaf_Curl_Virus/a319f5b0-962b-4656-bb25-140c2d19fe94___YLCV_GCREC 2779.JPG,17,17,Tomato_Yellow_Leaf_Curl_Virus,Tomato_Yellow_Leaf_Curl_Virus,1.0
aefd3795dc1f50c7255b8236e5dac68d,PV_data/Tomato___Tomato_Yellow_Leaf_Curl_Virus/a36b52a5-2852-4ba9-8e1d-7cede4241ca6___UF.GRC_YLCV_Lab 01617.JPG,17,17,Tomato_Yellow_Leaf_Curl_Virus,Tomato_Yellow_Leaf_Curl_Virus,1.0
c5ad2228acbc66b02cd6834bf9b1c9be,PV_data/Tomato___Tomato_Yellow_Leaf_Curl_Virus/a3870855-b026-436d-8884-b41a940bcd04___YLCV_NREC 2513.JPG,17,17,Tomato_Yellow_Leaf_Curl_Virus,Tomato_Yellow_Leaf_Curl_Virus,0.99999833
f2b429ab34e2a4b37745af26db34dffb,PV_data/Tomato___Tomato_Yellow_Leaf_Curl_Virus/a39053fb-74c8-489d-b0c1-8b27bdc7087c___UF.GRC_YLCV_Lab 02776.JPG,17,17,Tomato_Yellow_Leaf_Curl_Virus,Tomato_Yellow_Leaf_Curl_Virus,1.0
3159bf40f02e207f183a77cfad1e5513,PV_data/Tomato___Tomato_Yellow_Leaf_Curl_Virus/a39d6453-a2e7-45ef-8887-b99383ad308f___UF.GRC_YLCV_Lab 03222.JPG,17,17,Tomato_Yellow_Leaf_Curl_Virus,Tomato_Yellow_Leaf_Curl_Virus,1.0
4edb88429af806a8ace61e9a2a65be71,PV_data/Tomato___Tomato_Yellow_Leaf_Curl_Virus/a3b413d6-3d34-425a-9fdc-c889a6ac2a26___YLCV_GCREC 5333.JPG,17,17,Tomato_Yellow_Leaf_Curl_Virus,Tomato_Yellow_Leaf_Curl_Virus,0.99998164
bc73ebc0f096bec4d6bb34dd2922ae37,PV_data/Tomato___Tomato_Yellow_Leaf_Curl_Virus/a48dfc2f-9f3c-42b7-b403-86ec357d8805___UF.GRC_YLCV_Lab 02900.JPG,17,17,Tomato_Yellow_Leaf_Curl_Virus,Tomato_Yellow_Leaf_Curl_Virus,1.0
551e4163d4b6346dd2806cf60fa43c0f,PV_data/Tomato___Tomato_Yellow_Leaf_Curl_Virus/a5048329-d815-47ea-a7cc-cae2424e3834___UF.GRC_YLCV_Lab 01328.JPG,17,17,Tomato_Yellow_Leaf_Curl_Virus,Tomato_Yellow_Leaf_Curl_Virus,1.0
b71e8ed88f249c4cd758e20d4d196c25,PV_data/Tomato___Tomato_Yellow_Leaf_Curl_Virus/a51dda95-20cd-4c61-a1c8-b3a57e2b4ef1___YLCV_GCREC 2657.JPG,17,17,Tomato_Yellow_Leaf_Curl_Virus,Tomato_Yellow_Leaf_Curl_Virus,1.0
cbf569c52d78c2c1cdd2ec32156845af,PV_data/Tomato___Tomato_Yellow_Leaf_Curl_Virus/a51ed97c-e9b6-4e45-be04-8df10e99f949___UF.GRC_YLCV_Lab 01332.JPG,17,17,Tomato_Yellow_Leaf_Curl_Virus,Tomato_Yellow_Leaf_Curl_Virus,1.0
91901a97193143ba8ba9ac661d5f4032,PV_data/Tomato___Tomato_Yellow_Leaf_Curl_Virus/a579b3de-13da-4332-b717-988cc5d576de___YLCV_NREC 2678.JPG,17,17,Tomato_Yellow_Leaf_Curl_Virus,Tomato_Yellow_Leaf_Curl_Virus,0.9999931
c33d19679de96fa7c62b9640ae1c3b67,PV_data/Tomato___Tomato_Yellow_Leaf_Curl_Virus/a5e84295-fbcc-4353-af35-59aca809604f___UF.GRC_YLCV_Lab 01898.JPG,17,17,Tomato_Yellow_Leaf_Curl_Virus,Tomato_Yellow_Leaf_Curl_Virus,1.0
2d20edc00f0c4debabeafe6742bb953e,PV_data/Tomato___Tomato_Yellow_Leaf_Curl_Virus/a5e96f64-2ecb-4d87-b4c4-084afd8119d7___YLCV_NREC 2275.JPG,17,17,Tomato_Yellow_Leaf_Curl_Virus,Tomato_Yellow_Leaf_Curl_Virus,1.0
76aa0ce5529ff5660807ddcb24e960b1,PV_data/Tomato___Tomato_Yellow_Leaf_Curl_Virus/a632706d-3001-4084-999b-b6afbadf48d1___UF.GRC_YLCV_Lab 01337.JPG,17,17,Tomato_Yellow_Leaf_Curl_Virus,Tomato_Yellow_Leaf_Curl_Virus,0.9999995
05b8f2c8c6e1161d09d39f515cc4c30b,PV_data/Tomato___Tomato_Yellow_Leaf_Curl_Virus/a661fdcc-c6fa-4e49-9405-f038e1031718___UF.GRC_YLCV_Lab 03345.JPG,17,17,Tomato_Yellow_Leaf_Curl_Virus,Tomato_Yellow_Leaf_Curl_Virus,0.9999995
92f21063c989134670a2f9e724261e32,PV_data/Tomato___Tomato_Yellow_Leaf_Curl_Virus/a66ea3a5-e259-45fa-a4c1-9c1022bec963___UF.GRC_YLCV_Lab 09620.JPG,17,17,Tomato_Yellow_Leaf_Curl_Virus,Tomato_Yellow_Leaf_Curl_Virus,1.0
037418e211aab09d8879bfb6e0313531,PV_data/Tomato___Tomato_Yellow_Leaf_Curl_Virus/a6891d50-81a2-4611-86cb-4db90ac9cda8___YLCV_NREC 2050.JPG,17,17,Tomato_Yellow_Leaf_Curl_Virus,Tomato_Yellow_Leaf_Curl_Virus,1.0
5054cb873ebf1e2577d3b03fd81f13f9,PV_data/Tomato___Tomato_Yellow_Leaf_Curl_Virus/a68faa88-d0e4-480e-b2db-48326344853d___UF.GRC_YLCV_Lab 09426.JPG,17,17,Tomato_Yellow_Leaf_Curl_Virus,Tomato_Yellow_Leaf_Curl_Virus,1.0
b1fcfc11ff056306e8717031f4d34d01,PV_data/Tomato___Tomato_Yellow_Leaf_Curl_Virus/a7ce029b-1f3e-4b52-bc91-e4197c476da6___YLCV_NREC 2019.JPG,17,17,Tomato_Yellow_Leaf_Curl_Virus,Tomato_Yellow_Leaf_Curl_Virus,0.9999964
ecdaeffcfad3f40d4e15a51db9d7d040,PV_data/Tomato___Tomato_Yellow_Leaf_Curl_Virus/a81afe60-1f4d-4035-80e6-ff724104b03e___UF.GRC_YLCV_Lab 03103.JPG,17,17,Tomato_Yellow_Leaf_Curl_Virus,Tomato_Yellow_Leaf_Curl_Virus,1.0
34e7549591fd586328feab6d56da1219,PV_data/Tomato___Tomato_Yellow_Leaf_Curl_Virus/a82454b2-906e-4fdb-bbad-9582e970f052___UF.GRC_YLCV_Lab 01501.JPG,17,17,Tomato_Yellow_Leaf_Curl_Virus,Tomato_Yellow_Leaf_Curl_Virus,0.9999999
5512d87f25d6b4306bb8864bdc28a865,PV_data/Tomato___Tomato_Yellow_Leaf_Curl_Virus/a83c8167-490a-46ca-81da-aa5cb863f4e6___YLCV_GCREC 2161.JPG,17,17,Tomato_Yellow_Leaf_Curl_Virus,Tomato_Yellow_Leaf_Curl_Virus,0.999998
82f48d2a59f3d585504ea288e0296968,PV_data/Tomato___Tomato_Yellow_Leaf_Curl_Virus/a89d28eb-a4c5-41cc-8588-b5f44e139282___UF.GRC_YLCV_Lab 09443.JPG,17,17,Tomato_Yellow_Leaf_Curl_Virus,Tomato_Yellow_Leaf_Curl_Virus,1.0
dfbaac495b5d3ec69cf1b141390e50f7,PV_data/Tomato___Tomato_Yellow_Leaf_Curl_Virus/a8f05897-4bf3-477b-9d57-4b19feb88eac___UF.GRC_YLCV_Lab 01956.JPG,17,17,Tomato_Yellow_Leaf_Curl_Virus,Tomato_Yellow_Leaf_Curl_Virus,1.0
d6ea04841c60cecd5abb41bcb1991082,PV_data/Tomato___Tomato_Yellow_Leaf_Curl_Virus/a8fc1db5-0074-426e-a9cc-d695876ae8a6___YLCV_NREC 2223.JPG,17,17,Tomato_Yellow_Leaf_Curl_Virus,Tomato_Yellow_Leaf_Curl_Virus,0.9999974
89988caaf61e66d2ddbc363434940296,PV_data/Tomato___Tomato_Yellow_Leaf_Curl_Virus/a9171c0c-e224-4f8b-b84f-1caba2c3c989___UF.GRC_YLCV_Lab 01935.JPG,17,17,Tomato_Yellow_Leaf_Curl_Virus,Tomato_Yellow_Leaf_Curl_Virus,1.0
81c66174f743ea11f000fbd02ebda187,PV_data/Tomato___Tomato_Yellow_Leaf_Curl_Virus/a94d6979-509f-447f-93d7-d4166797a97d___UF.GRC_YLCV_Lab 09389.JPG,17,17,Tomato_Yellow_Leaf_Curl_Virus,Tomato_Yellow_Leaf_Curl_Virus,1.0
7eba495d886942aae181ebdead339ba2,PV_data/Tomato___Tomato_Yellow_Leaf_Curl_Virus/a99b21b6-6e33-4919-a425-49fabc6eb031___UF.GRC_YLCV_Lab 09610.JPG,17,17,Tomato_Yellow_Leaf_Curl_Virus,Tomato_Yellow_Leaf_Curl_Virus,1.0
c03b1fef261500a729a630f3143dd8cd,PV_data/Tomato___Tomato_Yellow_Leaf_Curl_Virus/a9c30850-8986-4594-b013-0ce9fe80bc9f___UF.GRC_YLCV_Lab 01423.JPG,17,17,Tomato_Yellow_Leaf_Curl_Virus,Tomato_Yellow_Leaf_Curl_Virus,1.0
08f403e2f6a648cb270fef2ab9052018,PV_data/Tomato___Tomato_Yellow_Leaf_Curl_Virus/a9fb17c5-1fc0-45ec-a215-83cbb5dffa39___YLCV_NREC 2946.JPG,17,17,Tomato_Yellow_Leaf_Curl_Virus,Tomato_Yellow_Leaf_Curl_Virus,0.99979556
52f926fc50be93595f0c1c062e550040,PV_data/Tomato___Tomato_Yellow_Leaf_Curl_Virus/aae8a4c1-5369-48f2-a1d0-276c6a2b32ae___UF.GRC_YLCV_Lab 02907.JPG,17,17,Tomato_Yellow_Leaf_Curl_Virus,Tomato_Yellow_Leaf_Curl_Virus,1.0
02a8392072305ba2c05bd71b26f841c7,PV_data/Tomato___Tomato_Yellow_Leaf_Curl_Virus/ab0ceb65-a1ef-4f77-8778-80c2731c599d___YLCV_NREC 2301.JPG,17,17,Tomato_Yellow_Leaf_Curl_Virus,Tomato_Yellow_Leaf_Curl_Virus,1.0
b5101c0a552e91a9bab83bca6be46c3c,PV_data/Tomato___Tomato_Yellow_Leaf_Curl_Virus/ab49fd7d-9b48-436a-8a5a-37454bb14811___YLCV_GCREC 2567.JPG,17,17,Tomato_Yellow_Leaf_Curl_Virus,Tomato_Yellow_Leaf_Curl_Virus,1.0
ff8ee07c9957eacffd84243fd0fb21ff,PV_data/Tomato___Tomato_Yellow_Leaf_Curl_Virus/ab592870-b6d1-42a1-8169-e9c5b797c497___UF.GRC_YLCV_Lab 08500.JPG,17,17,Tomato_Yellow_Leaf_Curl_Virus,Tomato_Yellow_Leaf_Curl_Virus,0.99952596
c7b40e4cc16b0c50636614eb8f114ab4,PV_data/Tomato___Tomato_Yellow_Leaf_Curl_Virus/abb354f9-5722-43bd-b4f8-07beddc9c9b4___UF.GRC_YLCV_Lab 08575.JPG,17,17,Tomato_Yellow_Leaf_Curl_Virus,Tomato_Yellow_Leaf_Curl_Virus,0.999892
c922a95609ee959335f5d48fb7c73f21,PV_data/Tomato___Tomato_Yellow_Leaf_Curl_Virus/ac073eaf-9515-409a-9459-d6f1e448a720___UF.GRC_YLCV_Lab 02961.JPG,17,17,Tomato_Yellow_Leaf_Curl_Virus,Tomato_Yellow_Leaf_Curl_Virus,1.0
ae1c2ae4cac2d69e20ad572f207dfb1a,PV_data/Tomato___Tomato_Yellow_Leaf_Curl_Virus/ac4dd753-ac30-4a2b-ae63-7cf0ec85dddb___YLCV_GCREC 2578.JPG,17,17,Tomato_Yellow_Leaf_Curl_Virus,Tomato_Yellow_Leaf_Curl_Virus,1.0
0055c5bb31aac655cae13f5e77aecb36,PV_data/Tomato___Tomato_Yellow_Leaf_Curl_Virus/acffc077-20f5-4f6d-a13a-a9405afd082b___UF.GRC_YLCV_Lab 03341.JPG,17,17,Tomato_Yellow_Leaf_Curl_Virus,Tomato_Yellow_Leaf_Curl_Virus,1.0
fec533b76d4111b0fca92ffe6b2105a7,PV_data/Tomato___Tomato_Yellow_Leaf_Curl_Virus/ad088f1a-0b3a-49f6-85fb-461180ae3124___YLCV_NREC 2272.JPG,17,17,Tomato_Yellow_Leaf_Curl_Virus,Tomato_Yellow_Leaf_Curl_Virus,1.0
adf09b5ce9275961598f5fcaa19f247b,PV_data/Tomato___Tomato_Yellow_Leaf_Curl_Virus/ad1cf4ce-7321-42e0-b094-0445a93771eb___YLCV_GCREC 2673.JPG,17,17,Tomato_Yellow_Leaf_Curl_Virus,Tomato_Yellow_Leaf_Curl_Virus,1.0
ff593389abc0ae98ed7a6dbef0fef392,PV_data/Tomato___Tomato_Yellow_Leaf_Curl_Virus/ad33c873-d846-4330-86f8-4cab39e7056c___YLCV_GCREC 2522.JPG,17,17,Tomato_Yellow_Leaf_Curl_Virus,Tomato_Yellow_Leaf_Curl_Virus,0.9999999
cde92917abc44287c93fc799eb76fc28,PV_data/Tomato___Tomato_Yellow_Leaf_Curl_Virus/ad42a0ba-af33-4be7-a194-4aeca155586d___UF.GRC_YLCV_Lab 09573.JPG,17,17,Tomato_Yellow_Leaf_Curl_Virus,Tomato_Yellow_Leaf_Curl_Virus,1.0
324af106b14b94b77a4eb17aa22519e5,PV_data/Tomato___Tomato_Yellow_Leaf_Curl_Virus/ad43b849-be2e-42e2-9052-1fb0df55fbc8___UF.GRC_YLCV_Lab 01882.JPG,17,17,Tomato_Yellow_Leaf_Curl_Virus,Tomato_Yellow_Leaf_Curl_Virus,1.0
ff38b2e03252cedc619276fd1b874662,PV_data/Tomato___Tomato_Yellow_Leaf_Curl_Virus/adb5b398-73ef-481c-90da-62bad3128135___UF.GRC_YLCV_Lab 08481.JPG,17,17,Tomato_Yellow_Leaf_Curl_Virus,Tomato_Yellow_Leaf_Curl_Virus,0.9999974
c9576e1a2b9a2d1f2989f7b0601fff97,PV_data/Tomato___Tomato_Yellow_Leaf_Curl_Virus/ae1c30b2-9563-4914-8ba8-b4bcb3da9d20___UF.GRC_YLCV_Lab 02019.JPG,17,17,Tomato_Yellow_Leaf_Curl_Virus,Tomato_Yellow_Leaf_Curl_Virus,1.0
5fb92e761dca955723de38538b71c01f,PV_data/Tomato___Tomato_Yellow_Leaf_Curl_Virus/ae81b2fa-df0c-4087-b4c3-c2ea74e2e4af___UF.GRC_YLCV_Lab 03076.JPG,17,17,Tomato_Yellow_Leaf_Curl_Virus,Tomato_Yellow_Leaf_Curl_Virus,0.99999964
28472e22037e87b806fc2cbf4746894a,PV_data/Tomato___Tomato_Yellow_Leaf_Curl_Virus/af365615-b167-4487-ab90-8c1e22a95c8a___UF.GRC_YLCV_Lab 02831.JPG,17,17,Tomato_Yellow_Leaf_Curl_Virus,Tomato_Yellow_Leaf_Curl_Virus,1.0
3f60961c92f51023f1e8aa16bb4d9720,PV_data/Tomato___Tomato_Yellow_Leaf_Curl_Virus/aff5a34b-6b5a-48f3-97ef-5ff520c7477b___UF.GRC_YLCV_Lab 09382.JPG,17,17,Tomato_Yellow_Leaf_Curl_Virus,Tomato_Yellow_Leaf_Curl_Virus,1.0
4f42b7231781fdc95c06722f0221a579,PV_data/Tomato___Tomato_Yellow_Leaf_Curl_Virus/b019f1b4-d5ab-41b2-b024-b4e9786f6e26___YLCV_NREC 0244.JPG,17,17,Tomato_Yellow_Leaf_Curl_Virus,Tomato_Yellow_Leaf_Curl_Virus,0.99999976
c9aa6398ff5025ef3b3944bb09b2ce96,PV_data/Tomato___Tomato_Yellow_Leaf_Curl_Virus/b02fab9e-b7f5-410f-83b4-44236f41f7a4___YLCV_NREC 2309.JPG,17,17,Tomato_Yellow_Leaf_Curl_Virus,Tomato_Yellow_Leaf_Curl_Virus,0.99999917
d46a8f5d2073c2eadbbf25d8d60976aa,PV_data/Tomato___Tomato_Yellow_Leaf_Curl_Virus/b0330004-05d4-4710-a13b-f26a45a9a9ea___YLCV_GCREC 2923.JPG,17,17,Tomato_Yellow_Leaf_Curl_Virus,Tomato_Yellow_Leaf_Curl_Virus,0.9999988
503b9c4becef006e78aaccf51b528c09,PV_data/Tomato___Tomato_Yellow_Leaf_Curl_Virus/b086e7d4-52fe-4779-b2a5-5927aec3e636___UF.GRC_YLCV_Lab 02437.JPG,17,17,Tomato_Yellow_Leaf_Curl_Virus,Tomato_Yellow_Leaf_Curl_Virus,1.0
aff0e5750fcd43032262ff1df51e88c4,PV_data/Tomato___Tomato_Yellow_Leaf_Curl_Virus/b0920815-b348-4737-b7e4-ca8ca72a1501___UF.GRC_YLCV_Lab 02984.JPG,17,17,Tomato_Yellow_Leaf_Curl_Virus,Tomato_Yellow_Leaf_Curl_Virus,0.9999995
ebd4afc51f4a216b4011b47dc41ca807,PV_data/Tomato___Tomato_Yellow_Leaf_Curl_Virus/b0b5c2ee-19ad-4374-a043-28c4df1b5a58___YLCV_NREC 2654.JPG,17,17,Tomato_Yellow_Leaf_Curl_Virus,Tomato_Yellow_Leaf_Curl_Virus,1.0
bac6291bcaf60ad8d244b574e9c78aef,PV_data/Tomato___Tomato_Yellow_Leaf_Curl_Virus/b0c09bba-f23e-451e-9b1a-24cbb5878c47___UF.GRC_YLCV_Lab 09356.JPG,17,17,Tomato_Yellow_Leaf_Curl_Virus,Tomato_Yellow_Leaf_Curl_Virus,1.0
e85916c589862554e9bee560d6266f7f,PV_data/Tomato___Tomato_Yellow_Leaf_Curl_Virus/b1147553-8cf3-44ff-b802-4cdfeba9bace___UF.GRC_YLCV_Lab 02190.JPG,17,17,Tomato_Yellow_Leaf_Curl_Virus,Tomato_Yellow_Leaf_Curl_Virus,1.0
ea3d5259c4cd665bb0032524dad4283e,PV_data/Tomato___Tomato_Yellow_Leaf_Curl_Virus/b180c2cb-f3d0-496b-8a86-c6d54d25816f___UF.GRC_YLCV_Lab 03033.JPG,17,17,Tomato_Yellow_Leaf_Curl_Virus,Tomato_Yellow_Leaf_Curl_Virus,1.0
501818f48236bc4108ee119093ac8e63,PV_data/Tomato___Tomato_Yellow_Leaf_Curl_Virus/b1c01d02-66f9-4b4e-a426-696cbf28955d___UF.GRC_YLCV_Lab 01737.JPG,17,17,Tomato_Yellow_Leaf_Curl_Virus,Tomato_Yellow_Leaf_Curl_Virus,1.0
38c812d0135a67ceae24610f95bd0e5c,PV_data/Tomato___Tomato_Yellow_Leaf_Curl_Virus/b2659e1b-ad7f-4c9c-8bd5-c61c0fc0c21c___YLCV_GCREC 1962.JPG,17,17,Tomato_Yellow_Leaf_Curl_Virus,Tomato_Yellow_Leaf_Curl_Virus,0.9999999
25b945535f512b083d9473845ea36258,PV_data/Tomato___Tomato_Yellow_Leaf_Curl_Virus/b27aa870-169f-48be-8bfe-84a32b1cf9f7___UF.GRC_YLCV_Lab 02226.JPG,17,17,Tomato_Yellow_Leaf_Curl_Virus,Tomato_Yellow_Leaf_Curl_Virus,0.99982774
7a6104724b274ddd2f8d951bac8d137b,PV_data/Tomato___Tomato_Yellow_Leaf_Curl_Virus/b27e4071-2c3c-4e7d-bbf0-ba531f44b62d___UF.GRC_YLCV_Lab 02301.JPG,17,17,Tomato_Yellow_Leaf_Curl_Virus,Tomato_Yellow_Leaf_Curl_Virus,1.0
6f6798c2567436d81e550c6c1d794080,PV_data/Tomato___Tomato_Yellow_Leaf_Curl_Virus/b291b318-3d10-498b-a5bd-45604e26340f___YLCV_GCREC 2863.JPG,17,17,Tomato_Yellow_Leaf_Curl_Virus,Tomato_Yellow_Leaf_Curl_Virus,0.9999999
2b62e6d41b5a6a4154d983324e69d8fe,PV_data/Tomato___Tomato_Yellow_Leaf_Curl_Virus/b31c5bf6-8fbe-4346-a2d4-c4eb1c3a2435___YLCV_NREC 2320.JPG,17,17,Tomato_Yellow_Leaf_Curl_Virus,Tomato_Yellow_Leaf_Curl_Virus,0.99979544
294c78f11d33f0c3df1f18c668040121,PV_data/Tomato___Tomato_Yellow_Leaf_Curl_Virus/b37e1706-abf7-49c1-9a4c-361b9f586b8a___UF.GRC_YLCV_Lab 02815.JPG,17,17,Tomato_Yellow_Leaf_Curl_Virus,Tomato_Yellow_Leaf_Curl_Virus,0.9999995
82349b5b938b3d56e782c2b25e551df1,PV_data/Tomato___Tomato_Yellow_Leaf_Curl_Virus/b3e5ed32-90c2-47de-8c91-2ef3b829ca32___YLCV_NREC 2969.JPG,17,17,Tomato_Yellow_Leaf_Curl_Virus,Tomato_Yellow_Leaf_Curl_Virus,0.9999881
de3e32f64d71736e6513234e4f05a1c2,PV_data/Tomato___Tomato_Yellow_Leaf_Curl_Virus/b43fe710-df20-4a43-95e2-76d3c04caf97___UF.GRC_YLCV_Lab 02913.JPG,17,17,Tomato_Yellow_Leaf_Curl_Virus,Tomato_Yellow_Leaf_Curl_Virus,1.0
3a835f3a8632f4715b81d516b9b47c06,PV_data/Tomato___Tomato_Yellow_Leaf_Curl_Virus/b5790898-c8a4-435f-b1a2-5b70bb0d9ae2___UF.GRC_YLCV_Lab 03225.JPG,17,17,Tomato_Yellow_Leaf_Curl_Virus,Tomato_Yellow_Leaf_Curl_Virus,1.0
5a88bc7b8671d8fe3b75297675f4b526,PV_data/Tomato___Tomato_Yellow_Leaf_Curl_Virus/b5feffb4-8676-41fa-9b89-6496c97effc8___YLCV_GCREC 2352.JPG,17,17,Tomato_Yellow_Leaf_Curl_Virus,Tomato_Yellow_Leaf_Curl_Virus,0.99999785
0aa26aeba9e08069cbf7b23cb4b69955,PV_data/Tomato___Tomato_Yellow_Leaf_Curl_Virus/b633d977-9372-4286-9a34-792b7fae45b8___YLCV_GCREC 2622.JPG,17,17,Tomato_Yellow_Leaf_Curl_Virus,Tomato_Yellow_Leaf_Curl_Virus,1.0
91646f9ba0fdd772a35551c9efe9b497,PV_data/Tomato___Tomato_Yellow_Leaf_Curl_Virus/b65bb385-3d4a-411a-9358-766e03683e07___YLCV_GCREC 2119.JPG,17,17,Tomato_Yellow_Leaf_Curl_Virus,Tomato_Yellow_Leaf_Curl_Virus,1.0
d66048958b1f5638bf961fbc79e2a853,PV_data/Tomato___Tomato_Yellow_Leaf_Curl_Virus/b689c61e-2685-4c51-9b1c-a136bc61cae7___YLCV_NREC 0276.JPG,17,17,Tomato_Yellow_Leaf_Curl_Virus,Tomato_Yellow_Leaf_Curl_Virus,0.9999857
ca46e431fb32e99f520f804da7fd9a94,PV_data/Tomato___Tomato_Yellow_Leaf_Curl_Virus/b69afe5d-8ac9-48ba-af9a-b37f8ac5f36d___YLCV_GCREC 2530.JPG,17,17,Tomato_Yellow_Leaf_Curl_Virus,Tomato_Yellow_Leaf_Curl_Virus,0.99980307
8caa4f758b9839e7d4b06be368e6d188,PV_data/Tomato___Tomato_Yellow_Leaf_Curl_Virus/b6d776d1-2edf-4ff2-85fc-30a12a4b01bb___YLCV_GCREC 5295.JPG,17,17,Tomato_Yellow_Leaf_Curl_Virus,Tomato_Yellow_Leaf_Curl_Virus,1.0
7d23b8227ce5248d4f7f58565b0abea6,PV_data/Tomato___Tomato_Yellow_Leaf_Curl_Virus/b6fcb317-d94b-4e6b-b1ba-c9bd91fb84e2___YLCV_GCREC 2871.JPG,17,17,Tomato_Yellow_Leaf_Curl_Virus,Tomato_Yellow_Leaf_Curl_Virus,0.99873
2a710b8a8a1c26420bcf603eceb055b5,PV_data/Tomato___Tomato_Yellow_Leaf_Curl_Virus/b7048895-f27a-431a-9ffd-6a4b81132cbf___YLCV_GCREC 2346.JPG,17,17,Tomato_Yellow_Leaf_Curl_Virus,Tomato_Yellow_Leaf_Curl_Virus,0.9999964
9d1a3ed35c8a818c3b5107dff5e4c2b3,PV_data/Tomato___Tomato_Yellow_Leaf_Curl_Virus/b79d3ba3-281f-4365-8ca4-9615d19a07bb___YLCV_GCREC 2866.JPG,17,17,Tomato_Yellow_Leaf_Curl_Virus,Tomato_Yellow_Leaf_Curl_Virus,0.99999595
ad7d023991e1fbcf27be14c20b04d0be,PV_data/Tomato___Tomato_Yellow_Leaf_Curl_Virus/b7e8d7c4-01a4-4565-8c0f-4389c71dfc9d___UF.GRC_YLCV_Lab 09331.JPG,17,17,Tomato_Yellow_Leaf_Curl_Virus,Tomato_Yellow_Leaf_Curl_Virus,1.0
7c3c23d7e1c1d6f24d0aa177d4a56fe2,PV_data/Tomato___Tomato_Yellow_Leaf_Curl_Virus/b83635c3-2d03-4b7d-bb99-1506b311d7e8___UF.GRC_YLCV_Lab 02746.JPG,17,17,Tomato_Yellow_Leaf_Curl_Virus,Tomato_Yellow_Leaf_Curl_Virus,1.0
4ffe7a5c33f5b599879b3bfebe8bf594,PV_data/Tomato___Tomato_Yellow_Leaf_Curl_Virus/b8ac2812-223e-4d85-8ecf-09757af74bf7___YLCV_GCREC 1928.JPG,17,17,Tomato_Yellow_Leaf_Curl_Virus,Tomato_Yellow_Leaf_Curl_Virus,1.0
6a45fbca6794f37f5790d07ff4faf41b,PV_data/Tomato___Tomato_Yellow_Leaf_Curl_Virus/b8d2f745-4883-4ab9-baf6-1638c2b7a4f5___UF.GRC_YLCV_Lab 03258.JPG,17,17,Tomato_Yellow_Leaf_Curl_Virus,Tomato_Yellow_Leaf_Curl_Virus,0.9999999
c7ed996e0f68423a229b97781d864e49,PV_data/Tomato___Tomato_Yellow_Leaf_Curl_Virus/b90000cd-d3a8-4672-a8ff-5ecb84fc7013___UF.GRC_YLCV_Lab 01381.JPG,17,17,Tomato_Yellow_Leaf_Curl_Virus,Tomato_Yellow_Leaf_Curl_Virus,1.0
4b89c9bfaa170af80221de36d129c0fc,PV_data/Tomato___Tomato_Yellow_Leaf_Curl_Virus/b99920fb-c886-43e6-a079-80f28baffd20___UF.GRC_YLCV_Lab 03059.JPG,17,17,Tomato_Yellow_Leaf_Curl_Virus,Tomato_Yellow_Leaf_Curl_Virus,1.0
1ab59ad40aa22fe371ad30eef18e7002,PV_data/Tomato___Tomato_Yellow_Leaf_Curl_Virus/ba09834c-97ec-4225-8a19-66ddb3d4c06e___YLCV_GCREC 2382.JPG,17,17,Tomato_Yellow_Leaf_Curl_Virus,Tomato_Yellow_Leaf_Curl_Virus,0.99999344
abe05ad098e67437673dfd9424b5e803,PV_data/Tomato___Tomato_Yellow_Leaf_Curl_Virus/ba5e23a8-c610-43bc-8a21-3a2f067b6ca9___UF.GRC_YLCV_Lab 02662.JPG,17,17,Tomato_Yellow_Leaf_Curl_Virus,Tomato_Yellow_Leaf_Curl_Virus,1.0
679436db07837ce4ec76aa432cd835fe,PV_data/Tomato___Tomato_Yellow_Leaf_Curl_Virus/baa0acd2-1824-4206-8e9d-cb4338f58864___UF.GRC_YLCV_Lab 01942.JPG,17,17,Tomato_Yellow_Leaf_Curl_Virus,Tomato_Yellow_Leaf_Curl_Virus,1.0
b76246e678307935dc4d89eb73b47586,PV_data/Tomato___Tomato_Yellow_Leaf_Curl_Virus/bae705f0-d149-474c-b6ee-f7d026dd0e5e___YLCV_NREC 2230.JPG,17,17,Tomato_Yellow_Leaf_Curl_Virus,Tomato_Yellow_Leaf_Curl_Virus,0.99999976
411aeae9a89c9e1dcaa6601a6bb8b999,PV_data/Tomato___Tomato_Yellow_Leaf_Curl_Virus/bb796b60-61d8-457e-963f-3b3a7ecdd717___YLCV_GCREC 2159.JPG,17,17,Tomato_Yellow_Leaf_Curl_Virus,Tomato_Yellow_Leaf_Curl_Virus,1.0
79c6b250a43728905f9ee600892af1d6,PV_data/Tomato___Tomato_Yellow_Leaf_Curl_Virus/bb8a0bb8-f149-4dbf-a7fb-16c568b181fb___UF.GRC_YLCV_Lab 02506.JPG,17,17,Tomato_Yellow_Leaf_Curl_Virus,Tomato_Yellow_Leaf_Curl_Virus,1.0
423d6ff55e628b20d6fb8165b4bcc36f,PV_data/Tomato___Tomato_Yellow_Leaf_Curl_Virus/bbb6cf6d-d691-4c63-99fd-0437cd536562___UF.GRC_YLCV_Lab 01355.JPG,17,17,Tomato_Yellow_Leaf_Curl_Virus,Tomato_Yellow_Leaf_Curl_Virus,1.0
73efa83a0ee4a67f5e2f2ee4cad2a6de,PV_data/Tomato___Tomato_Yellow_Leaf_Curl_Virus/bbc63a52-2d8c-41b9-ad18-86f8022a70b7___UF.GRC_YLCV_Lab 09436.JPG,17,17,Tomato_Yellow_Leaf_Curl_Virus,Tomato_Yellow_Leaf_Curl_Virus,1.0
4a4ebe93e88982c1e0bca587e68e5cea,PV_data/Tomato___Tomato_Yellow_Leaf_Curl_Virus/bbd8268a-76f0-4480-b398-c1b3d25e5c16___UF.GRC_YLCV_Lab 03379.JPG,17,17,Tomato_Yellow_Leaf_Curl_Virus,Tomato_Yellow_Leaf_Curl_Virus,1.0
78bc5d811cc62434778b9b8de16c5e06,PV_data/Tomato___Tomato_Yellow_Leaf_Curl_Virus/bcb6edf4-271f-4b6c-bdc9-c68c1f63795f___UF.GRC_YLCV_Lab 01965.JPG,17,17,Tomato_Yellow_Leaf_Curl_Virus,Tomato_Yellow_Leaf_Curl_Virus,1.0
dd8acc5b554252b471efdc825424fa41,PV_data/Tomato___Tomato_Yellow_Leaf_Curl_Virus/bcb6f16c-bbf3-4b7f-845b-3ed044aeb3b4___UF.GRC_YLCV_Lab 02049.JPG,17,17,Tomato_Yellow_Leaf_Curl_Virus,Tomato_Yellow_Leaf_Curl_Virus,0.99999964
40c5f05ad840c0b4b1a1f598abf785ef,PV_data/Tomato___Tomato_Yellow_Leaf_Curl_Virus/bcd05e57-4a54-41f0-a586-18abba3c1caa___UF.GRC_YLCV_Lab 03035.JPG,17,17,Tomato_Yellow_Leaf_Curl_Virus,Tomato_Yellow_Leaf_Curl_Virus,1.0
4385cdfad16efb589059bae47c4bd9b8,PV_data/Tomato___Tomato_Yellow_Leaf_Curl_Virus/bd257fb0-a603-46e4-9c36-23963eded620___YLCV_NREC 2252.JPG,17,17,Tomato_Yellow_Leaf_Curl_Virus,Tomato_Yellow_Leaf_Curl_Virus,0.9999957
a374adf568140f2cb7efe00af9de1ea2,PV_data/Tomato___Tomato_Yellow_Leaf_Curl_Virus/bd596379-8494-4a58-92fb-4403589b9863___YLCV_GCREC 2286.JPG,17,17,Tomato_Yellow_Leaf_Curl_Virus,Tomato_Yellow_Leaf_Curl_Virus,1.0
897fb52002cdb6026e375cf410160924,PV_data/Tomato___Tomato_Yellow_Leaf_Curl_Virus/bd7593bc-0d9e-4579-9648-685d94e8bd44___UF.GRC_YLCV_Lab 03354.JPG,17,17,Tomato_Yellow_Leaf_Curl_Virus,Tomato_Yellow_Leaf_Curl_Virus,1.0
f924456b680389b75131f80c04a9bb09,PV_data/Tomato___Tomato_Yellow_Leaf_Curl_Virus/bdd2fe13-a09d-4419-957e-3910234f8d0d___UF.GRC_YLCV_Lab 02581.JPG,17,17,Tomato_Yellow_Leaf_Curl_Virus,Tomato_Yellow_Leaf_Curl_Virus,1.0
7452d2547a08ca52e173eb378094a146,PV_data/Tomato___Tomato_Yellow_Leaf_Curl_Virus/be0e0a05-c753-4550-99fb-430092da89b8___YLCV_GCREC 2943.JPG,17,17,Tomato_Yellow_Leaf_Curl_Virus,Tomato_Yellow_Leaf_Curl_Virus,1.0
19eb08c79007192e6ce55e06bb3120fd,PV_data/Tomato___Tomato_Yellow_Leaf_Curl_Virus/be1eeefb-fd4b-4382-8339-b31bc4932d2e___YLCV_GCREC 1913.JPG,17,17,Tomato_Yellow_Leaf_Curl_Virus,Tomato_Yellow_Leaf_Curl_Virus,1.0
a46ecdcdd087657325e2f41a0fbe2b0d,PV_data/Tomato___Tomato_Yellow_Leaf_Curl_Virus/be2f2c8c-031d-47e5-941c-af5f17b5a310___YLCV_NREC 2740.JPG,17,17,Tomato_Yellow_Leaf_Curl_Virus,Tomato_Yellow_Leaf_Curl_Virus,1.0
ded94bce828df419fa7fb57c6b2fe1b4,PV_data/Tomato___Tomato_Yellow_Leaf_Curl_Virus/be84d0ff-3de6-4035-b14d-bbd86d001373___UF.GRC_YLCV_Lab 01468.JPG,17,17,Tomato_Yellow_Leaf_Curl_Virus,Tomato_Yellow_Leaf_Curl_Virus,1.0
4eeed20076dc89151720c811a13112fc,PV_data/Tomato___Tomato_Yellow_Leaf_Curl_Virus/bf15138a-9e8b-4742-8a0b-ac3e754ace8e___UF.GRC_YLCV_Lab 01518.JPG,17,17,Tomato_Yellow_Leaf_Curl_Virus,Tomato_Yellow_Leaf_Curl_Virus,1.0
f8c38519f79e3f1f85611c6fd9d8ec1a,PV_data/Tomato___Tomato_Yellow_Leaf_Curl_Virus/bf9b8471-c0a7-42a3-bf77-f82fc1bc3fa8___YLCV_NREC 2022.JPG,17,17,Tomato_Yellow_Leaf_Curl_Virus,Tomato_Yellow_Leaf_Curl_Virus,0.9999995
0fbb373a3559a73f2b97b57007765766,PV_data/Tomato___Tomato_Yellow_Leaf_Curl_Virus/bfab4e39-8c07-48c6-9951-4486267f7e21___YLCV_NREC 2949.JPG,17,17,Tomato_Yellow_Leaf_Curl_Virus,Tomato_Yellow_Leaf_Curl_Virus,0.99999845
a933f527e3a61bab92ecda8eaf66c04f,PV_data/Tomato___Tomato_Yellow_Leaf_Curl_Virus/c04607d5-5ec0-4065-9428-61f78b5162dd___UF.GRC_YLCV_Lab 03123.JPG,17,17,Tomato_Yellow_Leaf_Curl_Virus,Tomato_Yellow_Leaf_Curl_Virus,1.0
116a40b07926f7dddbd8d0eedc919efe,PV_data/Tomato___Tomato_Yellow_Leaf_Curl_Virus/c049a303-b54a-43ff-a90c-7b563d7a1d5e___UF.GRC_YLCV_Lab 03272.JPG,17,17,Tomato_Yellow_Leaf_Curl_Virus,Tomato_Yellow_Leaf_Curl_Virus,1.0
bfb83067ae8c083f0b32afa4afe9d12e,PV_data/Tomato___Tomato_Yellow_Leaf_Curl_Virus/c0b6257d-b68a-485e-8318-a3a91f89a01c___YLCV_NREC 2367.JPG,17,17,Tomato_Yellow_Leaf_Curl_Virus,Tomato_Yellow_Leaf_Curl_Virus,0.99999964
913faa981d189f3960b2adc140900ed6,PV_data/Tomato___Tomato_Yellow_Leaf_Curl_Virus/c0c22a84-dfa6-497c-be1d-88a96aa317cf___UF.GRC_YLCV_Lab 03025.JPG,17,17,Tomato_Yellow_Leaf_Curl_Virus,Tomato_Yellow_Leaf_Curl_Virus,1.0
00292e2d263aca882d31dcea75cc5046,PV_data/Tomato___Tomato_Yellow_Leaf_Curl_Virus/c0e761af-b9de-4edf-9b30-8f11f108f71d___YLCV_NREC 0237.JPG,17,17,Tomato_Yellow_Leaf_Curl_Virus,Tomato_Yellow_Leaf_Curl_Virus,1.0
0d1c5c710ecdb3536e7ef6d2ae670ab7,PV_data/Tomato___Tomato_Yellow_Leaf_Curl_Virus/c17979b7-3cef-4c9c-b758-c6749c92bf67___YLCV_NREC 2385.JPG,17,17,Tomato_Yellow_Leaf_Curl_Virus,Tomato_Yellow_Leaf_Curl_Virus,0.99999726
dfa70958aa3b7cc2249aeab6b7eb8ea9,PV_data/Tomato___Tomato_Yellow_Leaf_Curl_Virus/c1fd6c41-2c00-498d-bb46-0ebb172b02e6___YLCV_NREC 2364.JPG,17,17,Tomato_Yellow_Leaf_Curl_Virus,Tomato_Yellow_Leaf_Curl_Virus,1.0
3170f102ddb2b79f22f57e778e1b83b3,PV_data/Tomato___Tomato_Yellow_Leaf_Curl_Virus/c30eff89-329e-47d9-b010-0947ddc5d423___YLCV_NREC 2919.JPG,17,17,Tomato_Yellow_Leaf_Curl_Virus,Tomato_Yellow_Leaf_Curl_Virus,0.9998033
aae1aaa1d9aab19dc07f87edfc160123,PV_data/Tomato___Tomato_Yellow_Leaf_Curl_Virus/c31aca2b-5248-44c9-99f1-97f6a29677c1___YLCV_GCREC 5382.JPG,17,17,Tomato_Yellow_Leaf_Curl_Virus,Tomato_Yellow_Leaf_Curl_Virus,1.0
76c17945f6921d2a79ef755cd295eb06,PV_data/Tomato___Tomato_Yellow_Leaf_Curl_Virus/c5171ccc-a13a-4d14-8a1d-df80522f476a___YLCV_GCREC 5305.JPG,17,17,Tomato_Yellow_Leaf_Curl_Virus,Tomato_Yellow_Leaf_Curl_Virus,1.0
3555009d5cfa0ecf86bde89655e77910,PV_data/Tomato___Tomato_Yellow_Leaf_Curl_Virus/c580fceb-bef0-484f-98b9-823756884fea___UF.GRC_YLCV_Lab 01912.JPG,17,17,Tomato_Yellow_Leaf_Curl_Virus,Tomato_Yellow_Leaf_Curl_Virus,1.0
c4cd3ed99d776e36b6576ce9203dc35e,PV_data/Tomato___Tomato_Yellow_Leaf_Curl_Virus/c5be09ec-81c8-42ec-b196-621ec950376e___UF.GRC_YLCV_Lab 03043.JPG,17,17,Tomato_Yellow_Leaf_Curl_Virus,Tomato_Yellow_Leaf_Curl_Virus,1.0
25ddeb6eac3abd924966f6654728e023,PV_data/Tomato___Tomato_Yellow_Leaf_Curl_Virus/c5c097b5-81fd-4765-bb9b-85eee684cba4___YLCV_GCREC 2461.JPG,17,17,Tomato_Yellow_Leaf_Curl_Virus,Tomato_Yellow_Leaf_Curl_Virus,1.0
0a8b9f91574fac77f8ef2108b2c4f4b2,PV_data/Tomato___Tomato_Yellow_Leaf_Curl_Virus/c6e646b6-0a63-44cf-ba0b-c3e14c0957fb___YLCV_NREC 2912.JPG,17,17,Tomato_Yellow_Leaf_Curl_Virus,Tomato_Yellow_Leaf_Curl_Virus,0.9999956
717e4c628330f58db0598a20951acb09,PV_data/Tomato___Tomato_Yellow_Leaf_Curl_Virus/c7ea0d7b-d6f0-462a-a374-216ab8cb406c___YLCV_GCREC 2896.JPG,17,17,Tomato_Yellow_Leaf_Curl_Virus,Tomato_Yellow_Leaf_Curl_Virus,1.0
45988ffc4060805afa52a9eb9c1f8ad6,PV_data/Tomato___Tomato_Yellow_Leaf_Curl_Virus/c8731e18-4abd-42b4-8885-7ce5ad8b81f4___UF.GRC_YLCV_Lab 01547.JPG,17,17,Tomato_Yellow_Leaf_Curl_Virus,Tomato_Yellow_Leaf_Curl_Virus,0.9999907
9aa32850fb6624e2b4766b3057a332c8,PV_data/Tomato___Tomato_Yellow_Leaf_Curl_Virus/c91b0581-41e8-48a5-9807-842ee3ba12ef___UF.GRC_YLCV_Lab 08495.JPG,17,17,Tomato_Yellow_Leaf_Curl_Virus,Tomato_Yellow_Leaf_Curl_Virus,0.99199533
5d01ea0f2ff7765bf7eb9628f87a80d1,PV_data/Tomato___Tomato_Yellow_Leaf_Curl_Virus/c93faa39-15d1-4a73-98d5-40b0a897a893___YLCV_NREC 2913.JPG,17,17,Tomato_Yellow_Leaf_Curl_Virus,Tomato_Yellow_Leaf_Curl_Virus,1.0
033dc1506871ef66d689e1ce0b2d3559,PV_data/Tomato___Tomato_Yellow_Leaf_Curl_Virus/c973c3b8-18b4-4b98-a894-c810f7dd7b4f___YLCV_GCREC 5521.JPG,17,17,Tomato_Yellow_Leaf_Curl_Virus,Tomato_Yellow_Leaf_Curl_Virus,1.0
89d5a9ac7d51e0dfd4189d9fc27d3ebf,PV_data/Tomato___Tomato_Yellow_Leaf_Curl_Virus/c983c63c-02d3-4678-8920-1ac68be940ec___UF.GRC_YLCV_Lab 01589.JPG,17,17,Tomato_Yellow_Leaf_Curl_Virus,Tomato_Yellow_Leaf_Curl_Virus,1.0
3b75f8e72877565774df6d2cc706dfbf,PV_data/Tomato___Tomato_Yellow_Leaf_Curl_Virus/c9e7eee1-2cbd-45f7-9a31-8db7ad1bba5c___UF.GRC_YLCV_Lab 01309.JPG,17,17,Tomato_Yellow_Leaf_Curl_Virus,Tomato_Yellow_Leaf_Curl_Virus,1.0
862eed21d9535b9023ebf16e2d5bcd2a,PV_data/Tomato___Tomato_Yellow_Leaf_Curl_Virus/ca1ec300-5c67-4746-8342-ade53f3d3bdb___YLCV_GCREC 2379.JPG,17,17,Tomato_Yellow_Leaf_Curl_Virus,Tomato_Yellow_Leaf_Curl_Virus,0.99999964
7bbc4fed8d021dac3e920f57799c5c04,PV_data/Tomato___Tomato_Yellow_Leaf_Curl_Virus/cae879b4-3e77-4c4a-9387-274034fc2c28___YLCV_NREC 2346.JPG,17,17,Tomato_Yellow_Leaf_Curl_Virus,Tomato_Yellow_Leaf_Curl_Virus,0.9999807
0946d94ae04b443f754bd678e7cf7a7e,PV_data/Tomato___Tomato_Yellow_Leaf_Curl_Virus/cb4cd7c2-b3e9-496a-9d61-8a80b6bb0e11___UF.GRC_YLCV_Lab 03049.JPG,17,17,Tomato_Yellow_Leaf_Curl_Virus,Tomato_Yellow_Leaf_Curl_Virus,1.0
efbd67eef0e1fac2bead39de183ffd5c,PV_data/Tomato___Tomato_Yellow_Leaf_Curl_Virus/cb54c93e-bfd4-482a-bd84-68e35470fb2e___YLCV_GCREC 2260.JPG,17,17,Tomato_Yellow_Leaf_Curl_Virus,Tomato_Yellow_Leaf_Curl_Virus,1.0
ce78eb286687eb60831956e29c5a05c1,PV_data/Tomato___Tomato_Yellow_Leaf_Curl_Virus/cb8cbb51-3883-4251-9dca-31463ee447cc___YLCV_GCREC 2432.JPG,17,17,Tomato_Yellow_Leaf_Curl_Virus,Tomato_Yellow_Leaf_Curl_Virus,1.0
9b542ed78f8433821caa278180b02983,PV_data/Tomato___Tomato_Yellow_Leaf_Curl_Virus/cba33653-12e7-4aa8-b941-a247437250a8___UF.GRC_YLCV_Lab 01857.JPG,17,17,Tomato_Yellow_Leaf_Curl_Virus,Tomato_Yellow_Leaf_Curl_Virus,1.0
0052fc9e12729e6379d34bb7899e7f6c,PV_data/Tomato___Tomato_Yellow_Leaf_Curl_Virus/cbf86900-e987-4675-b7a3-23802305f415___UF.GRC_YLCV_Lab 01493.JPG,17,17,Tomato_Yellow_Leaf_Curl_Virus,Tomato_Yellow_Leaf_Curl_Virus,1.0
7c2775c6076a44fe29855ad8384f9e00,PV_data/Tomato___Tomato_Yellow_Leaf_Curl_Virus/cc626576-7249-415d-88b1-4dfc47168b8e___UF.GRC_YLCV_Lab 03093.JPG,17,17,Tomato_Yellow_Leaf_Curl_Virus,Tomato_Yellow_Leaf_Curl_Virus,1.0
b8ad20033030525374e1960939c06cdf,PV_data/Tomato___Tomato_Yellow_Leaf_Curl_Virus/cc7c429d-798c-4635-bf9b-22966967c58c___UF.GRC_YLCV_Lab 02258.JPG,17,17,Tomato_Yellow_Leaf_Curl_Virus,Tomato_Yellow_Leaf_Curl_Virus,0.9999697
035f8f83586f8c76fbcd78b5bb7335d8,PV_data/Tomato___Tomato_Yellow_Leaf_Curl_Virus/cd565527-68c8-4d57-88a5-f93518275b83___YLCV_GCREC 2888.JPG,17,17,Tomato_Yellow_Leaf_Curl_Virus,Tomato_Yellow_Leaf_Curl_Virus,0.99999905
9433fe93560d1dfd600ed5a846f1f56f,PV_data/Tomato___Tomato_Yellow_Leaf_Curl_Virus/cd830c58-c2ec-474d-bd2f-64ef8d2c863e___UF.GRC_YLCV_Lab 01872.JPG,17,17,Tomato_Yellow_Leaf_Curl_Virus,Tomato_Yellow_Leaf_Curl_Virus,1.0
cd6c0b399c01b740217bd58ed5c716d6,PV_data/Tomato___Tomato_Yellow_Leaf_Curl_Virus/cda7a100-03bb-4b91-be24-16ec2105917a___UF.GRC_YLCV_Lab 01970.JPG,17,17,Tomato_Yellow_Leaf_Curl_Virus,Tomato_Yellow_Leaf_Curl_Virus,1.0
d9973f9dda55e25b536ba1b6eb27114d,PV_data/Tomato___Tomato_Yellow_Leaf_Curl_Virus/cdbc9dce-70d2-4e96-97e5-87a005ab30ef___YLCV_GCREC 2700.JPG,17,17,Tomato_Yellow_Leaf_Curl_Virus,Tomato_Yellow_Leaf_Curl_Virus,1.0
d4ab8460eb135fe23a4423a1fa831576,PV_data/Tomato___Tomato_Yellow_Leaf_Curl_Virus/ce0e794d-dc63-416a-91d6-7f242359829c___YLCV_GCREC 2787.JPG,17,17,Tomato_Yellow_Leaf_Curl_Virus,Tomato_Yellow_Leaf_Curl_Virus,1.0
f03af09bcd44c2726e252f4e8f61e2e8,PV_data/Tomato___Tomato_Yellow_Leaf_Curl_Virus/ce2901f4-99fe-496c-a432-d4a9e226c227___YLCV_NREC 2452.JPG,17,17,Tomato_Yellow_Leaf_Curl_Virus,Tomato_Yellow_Leaf_Curl_Virus,0.99999964
0ec23e4ce5b450992eb2fdb47eef0c6b,PV_data/Tomato___Tomato_Yellow_Leaf_Curl_Virus/cede7d83-dae3-4fd2-94f4-9bfeacec7de5___UF.GRC_YLCV_Lab 03324.JPG,17,17,Tomato_Yellow_Leaf_Curl_Virus,Tomato_Yellow_Leaf_Curl_Virus,1.0
1a3e3ef3ba2e25464097c8ff76965afb,PV_data/Tomato___Tomato_Yellow_Leaf_Curl_Virus/cefb6cb4-bf0a-449d-aeac-8f960f6c1670___UF.GRC_YLCV_Lab 01356.JPG,17,17,Tomato_Yellow_Leaf_Curl_Virus,Tomato_Yellow_Leaf_Curl_Virus,1.0
8b30c97ef7411ccc9d63f8c5e55d22cd,PV_data/Tomato___Tomato_Yellow_Leaf_Curl_Virus/cf311413-7541-4c1a-a45b-92f37a7c7726___UF.GRC_YLCV_Lab 09571.JPG,17,17,Tomato_Yellow_Leaf_Curl_Virus,Tomato_Yellow_Leaf_Curl_Virus,1.0
bfa2a6ad998e8fa9f3624ffb629a66f1,PV_data/Tomato___Tomato_Yellow_Leaf_Curl_Virus/cf6b1631-2e64-492c-ae12-60cdea9f205b___UF.GRC_YLCV_Lab 02582.JPG,17,17,Tomato_Yellow_Leaf_Curl_Virus,Tomato_Yellow_Leaf_Curl_Virus,1.0
37339bfa05afa84d6d1bc57134de5f77,PV_data/Tomato___Tomato_Yellow_Leaf_Curl_Virus/cf77d6ff-bd59-4944-bdbf-97c1150fb9c3___YLCV_NREC 0318.JPG,17,17,Tomato_Yellow_Leaf_Curl_Virus,Tomato_Yellow_Leaf_Curl_Virus,0.99999285
e800f3d582d225eade791b3add2b27ab,PV_data/Tomato___Tomato_Yellow_Leaf_Curl_Virus/d09318c5-8be1-437c-a82f-cf20e6e7514a___YLCV_NREC 2576.JPG,17,17,Tomato_Yellow_Leaf_Curl_Virus,Tomato_Yellow_Leaf_Curl_Virus,0.9999939
def517dafc64029cf0404030a2654c2e,PV_data/Tomato___Tomato_Yellow_Leaf_Curl_Virus/d1e56323-31b5-4044-9508-5314cc7290c4___YLCV_GCREC 5445.JPG,17,17,Tomato_Yellow_Leaf_Curl_Virus,Tomato_Yellow_Leaf_Curl_Virus,1.0
b4b0f3388b81bf5777b722e452554cc6,PV_data/Tomato___Tomato_Yellow_Leaf_Curl_Virus/d24762bf-16b5-4e1f-ba8c-785850bca6de___YLCV_NREC 2140.JPG,17,17,Tomato_Yellow_Leaf_Curl_Virus,Tomato_Yellow_Leaf_Curl_Virus,0.9999995
d455408eab548038057fc5b45374275e,PV_data/Tomato___Tomato_Yellow_Leaf_Curl_Virus/d2be9006-5f93-4260-9693-fe3beecbbcbf___UF.GRC_YLCV_Lab 01526.JPG,17,17,Tomato_Yellow_Leaf_Curl_Virus,Tomato_Yellow_Leaf_Curl_Virus,1.0
e039a70185836f6f8f6a17e2fddf203f,PV_data/Tomato___Tomato_Yellow_Leaf_Curl_Virus/d2e63e00-d635-462b-b818-8ce17bfa37ff___UF.GRC_YLCV_Lab 01609.JPG,17,17,Tomato_Yellow_Leaf_Curl_Virus,Tomato_Yellow_Leaf_Curl_Virus,1.0
72f287c1706ba69612955920ff1c4c1f,PV_data/Tomato___Tomato_Yellow_Leaf_Curl_Virus/d2eed669-d94e-415d-b3e4-ec852b4e2189___UF.GRC_YLCV_Lab 02240.JPG,17,17,Tomato_Yellow_Leaf_Curl_Virus,Tomato_Yellow_Leaf_Curl_Virus,0.9999999
6ebf44929e0ded44390987c8ff8dc51d,PV_data/Tomato___Tomato_Yellow_Leaf_Curl_Virus/d2eedd7f-f199-4800-95eb-49c7e5f827c7___UF.GRC_YLCV_Lab 03071.JPG,17,17,Tomato_Yellow_Leaf_Curl_Virus,Tomato_Yellow_Leaf_Curl_Virus,0.99999964
766d9c919793bfde2e6da7783dd3e546,PV_data/Tomato___Tomato_Yellow_Leaf_Curl_Virus/d2f97cbb-36ef-4232-99a0-096be08ff320___YLCV_GCREC 1961.JPG,17,17,Tomato_Yellow_Leaf_Curl_Virus,Tomato_Yellow_Leaf_Curl_Virus,1.0
baf0c4583da1d3c44a703e19b40d9b64,PV_data/Tomato___Tomato_Yellow_Leaf_Curl_Virus/d3134594-e868-4bc8-8a16-5db5b156e1ac___UF.GRC_YLCV_Lab 02096.JPG,17,17,Tomato_Yellow_Leaf_Curl_Virus,Tomato_Yellow_Leaf_Curl_Virus,1.0
168faeae69636380cca9ad2b16321a73,PV_data/Tomato___Tomato_Yellow_Leaf_Curl_Virus/d3140b67-2cda-4e98-ae9c-b6ae57444072___UF.GRC_YLCV_Lab 02153.JPG,17,17,Tomato_Yellow_Leaf_Curl_Virus,Tomato_Yellow_Leaf_Curl_Virus,1.0
c7910cf368a8bac322162b1fb65cfd0b,PV_data/Tomato___Tomato_Yellow_Leaf_Curl_Virus/d390a20d-375a-4a46-94a6-59d014b39760___YLCV_NREC 2125.JPG,17,17,Tomato_Yellow_Leaf_Curl_Virus,Tomato_Yellow_Leaf_Curl_Virus,1.0
736698c66c12d2991adc48050ab7e966,PV_data/Tomato___Tomato_Yellow_Leaf_Curl_Virus/d390ac1e-17a3-4443-85c3-4b0965f664b3___YLCV_NREC 0268.JPG,17,17,Tomato_Yellow_Leaf_Curl_Virus,Tomato_Yellow_Leaf_Curl_Virus,0.99999857
f8348ab8b91427a03d5e1225235ecf5f,PV_data/Tomato___Tomato_Yellow_Leaf_Curl_Virus/d3c6bad1-4783-4d9a-a1df-941f414274c7___YLCV_GCREC 2586.JPG,17,17,Tomato_Yellow_Leaf_Curl_Virus,Tomato_Yellow_Leaf_Curl_Virus,0.99999535
55b96ade60b6e7728da1f61915eedb35,PV_data/Tomato___Tomato_Yellow_Leaf_Curl_Virus/d4135cbe-93ee-4736-b728-9fa8bfa87774___UF.GRC_YLCV_Lab 08468.JPG,17,17,Tomato_Yellow_Leaf_Curl_Virus,Tomato_Yellow_Leaf_Curl_Virus,0.99999547
67fe4c06e5992ff6d136e667d71a2f41,PV_data/Tomato___Tomato_Yellow_Leaf_Curl_Virus/d42c86c9-c93e-4836-b8ce-22da6536259c___UF.GRC_YLCV_Lab 03008.JPG,17,17,Tomato_Yellow_Leaf_Curl_Virus,Tomato_Yellow_Leaf_Curl_Virus,0.9999999
9884c76b1760aef1394df0a8d7cd4646,PV_data/Tomato___Tomato_Yellow_Leaf_Curl_Virus/d44e9ae2-c6cf-4112-b598-08c4395eceb6___UF.GRC_YLCV_Lab 02837.JPG,17,17,Tomato_Yellow_Leaf_Curl_Virus,Tomato_Yellow_Leaf_Curl_Virus,1.0
3e371e5430834a012ecc945767d88cd4,PV_data/Tomato___Tomato_Yellow_Leaf_Curl_Virus/d4d42768-5d09-440c-bf66-1ab79bc99a45___YLCV_NREC 2316.JPG,17,17,Tomato_Yellow_Leaf_Curl_Virus,Tomato_Yellow_Leaf_Curl_Virus,0.99999976
20d3407f3f54abc54bcd325452fbfde5,PV_data/Tomato___Tomato_Yellow_Leaf_Curl_Virus/d5eabd3a-306a-458f-9221-79b76db632c0___UF.GRC_YLCV_Lab 02517.JPG,17,17,Tomato_Yellow_Leaf_Curl_Virus,Tomato_Yellow_Leaf_Curl_Virus,1.0
e4c3dd906d8d45c3d1fe85f5bd20dbb0,PV_data/Tomato___Tomato_Yellow_Leaf_Curl_Virus/d5f6782b-d92b-426d-b2b6-b0faea99935b___YLCV_NREC 2607.JPG,17,17,Tomato_Yellow_Leaf_Curl_Virus,Tomato_Yellow_Leaf_Curl_Virus,0.9999496
2f82e3dc57e5b0af8594b564bb6efc73,PV_data/Tomato___Tomato_Yellow_Leaf_Curl_Virus/d689d07a-1c53-425a-9b99-fd6db330aa48___YLCV_NREC 2877.JPG,17,17,Tomato_Yellow_Leaf_Curl_Virus,Tomato_Yellow_Leaf_Curl_Virus,1.0
3e37e21af705f8c709569c165f88daab,PV_data/Tomato___Tomato_Yellow_Leaf_Curl_Virus/d763fcb9-4407-4bc9-91f6-b43ef24a5e1a___UF.GRC_YLCV_Lab 02671.JPG,17,17,Tomato_Yellow_Leaf_Curl_Virus,Tomato_Yellow_Leaf_Curl_Virus,1.0
ad7e5e03b658dfdf6f71d2570fc568cc,PV_data/Tomato___Tomato_Yellow_Leaf_Curl_Virus/d78615aa-debd-4e88-885d-947beb782e96___YLCV_NREC 2411.JPG,17,17,Tomato_Yellow_Leaf_Curl_Virus,Tomato_Yellow_Leaf_Curl_Virus,0.9999963
ddb0ba14b7f6b598bb6352589c85d1c6,PV_data/Tomato___Tomato_Yellow_Leaf_Curl_Virus/d92f4492-2e10-4cd9-a612-71a8a85ecb74___UF.GRC_YLCV_Lab 01505.JPG,17,17,Tomato_Yellow_Leaf_Curl_Virus,Tomato_Yellow_Leaf_Curl_Virus,1.0
5756983b202213959683fd0f771c0ee8,PV_data/Tomato___Tomato_Yellow_Leaf_Curl_Virus/d941f1aa-e14a-4079-95a7-80416652f601___YLCV_NREC 0282.JPG,17,17,Tomato_Yellow_Leaf_Curl_Virus,Tomato_Yellow_Leaf_Curl_Virus,1.0
d0d6e1baef5a48b621967824f0e10feb,PV_data/Tomato___Tomato_Yellow_Leaf_Curl_Virus/d99411f6-2658-4046-aa6f-f9fc8262c27a___YLCV_GCREC 5210.JPG,17,17,Tomato_Yellow_Leaf_Curl_Virus,Tomato_Yellow_Leaf_Curl_Virus,1.0
8d4af75da9cb07aae0ef8cc13841532f,PV_data/Tomato___Tomato_Yellow_Leaf_Curl_Virus/d9bbcc98-5cb3-4f63-a799-9f53f71fe320___YLCV_NREC 2907.JPG,17,17,Tomato_Yellow_Leaf_Curl_Virus,Tomato_Yellow_Leaf_Curl_Virus,1.0
931bde73532baa868e0d98ae7edcb58b,PV_data/Tomato___Tomato_Yellow_Leaf_Curl_Virus/d9df9ccb-0f9f-4f52-ac50-eda73b4804c8___YLCV_NREC 2414.JPG,17,17,Tomato_Yellow_Leaf_Curl_Virus,Tomato_Yellow_Leaf_Curl_Virus,1.0
bf75ef053bcdb84fb48b7efa5852c34f,PV_data/Tomato___Tomato_Yellow_Leaf_Curl_Virus/d9e74a3b-ae98-4c42-a697-fe85cdb068cd___UF.GRC_YLCV_Lab 01370.JPG,17,17,Tomato_Yellow_Leaf_Curl_Virus,Tomato_Yellow_Leaf_Curl_Virus,1.0
9b428f40a256a36002ef8da22e776b32,PV_data/Tomato___Tomato_Yellow_Leaf_Curl_Virus/da7239e3-8854-4f6c-b5e2-4609c1ec4214___YLCV_GCREC 2283.JPG,17,17,Tomato_Yellow_Leaf_Curl_Virus,Tomato_Yellow_Leaf_Curl_Virus,0.9999995
a8164904f590307870e88dfd988a59c2,PV_data/Tomato___Tomato_Yellow_Leaf_Curl_Virus/dafde709-7760-43e8-9b19-b303c0ca95da___YLCV_NREC 0068.JPG,17,17,Tomato_Yellow_Leaf_Curl_Virus,Tomato_Yellow_Leaf_Curl_Virus,0.99999833
69e9515b309b5d4fc69209ab1c34aec5,PV_data/Tomato___Tomato_Yellow_Leaf_Curl_Virus/db3e7eb6-5ccf-450b-8a07-e8be07ac833f___YLCV_GCREC 5229.JPG,17,17,Tomato_Yellow_Leaf_Curl_Virus,Tomato_Yellow_Leaf_Curl_Virus,0.9999995
0bdf2fc8f09a07301e0b9a1f6c8322bc,PV_data/Tomato___Tomato_Yellow_Leaf_Curl_Virus/db4d97fa-700b-457f-a05f-1e1cf22bf88f___YLCV_NREC 2903.JPG,17,17,Tomato_Yellow_Leaf_Curl_Virus,Tomato_Yellow_Leaf_Curl_Virus,0.99999785
7366a26afcbe7d68a945f02519210ea9,PV_data/Tomato___Tomato_Yellow_Leaf_Curl_Virus/db5a401d-fc3a-435e-86db-c3902dc0db84___UF.GRC_YLCV_Lab 02202.JPG,17,17,Tomato_Yellow_Leaf_Curl_Virus,Tomato_Yellow_Leaf_Curl_Virus,1.0
b05665847695d1d63d9517acd48337de,PV_data/Tomato___Tomato_Yellow_Leaf_Curl_Virus/db84d988-ad71-41bb-90c1-80ce52319eb3___YLCV_NREC 2889.JPG,17,17,Tomato_Yellow_Leaf_Curl_Virus,Tomato_Yellow_Leaf_Curl_Virus,0.9999312
13bde347519497891855a424ec2dca3a,PV_data/Tomato___Tomato_Yellow_Leaf_Curl_Virus/db95e564-778f-46ff-8f37-0dc98d76b495___YLCV_GCREC 5378.JPG,17,17,Tomato_Yellow_Leaf_Curl_Virus,Tomato_Yellow_Leaf_Curl_Virus,0.9999999
308cb4afc56844a908770a0b0441811a,PV_data/Tomato___Tomato_Yellow_Leaf_Curl_Virus/dbbfa69e-b641-4bf1-b2a3-fd3969c11ffc___UF.GRC_YLCV_Lab 01302.JPG,17,17,Tomato_Yellow_Leaf_Curl_Virus,Tomato_Yellow_Leaf_Curl_Virus,1.0
284762c951139f7fca7de5348b54afcb,PV_data/Tomato___Tomato_Yellow_Leaf_Curl_Virus/dc4756b0-aca4-4bad-a224-c6a3be0708bf___YLCV_GCREC 5239.JPG,17,17,Tomato_Yellow_Leaf_Curl_Virus,Tomato_Yellow_Leaf_Curl_Virus,1.0
0c44e1dcd3fcb3a280ae573a37dc44a6,PV_data/Tomato___Tomato_Yellow_Leaf_Curl_Virus/dd9ce866-cec0-4aaa-8ee2-70cd4a623f95___YLCV_GCREC 5403.JPG,17,17,Tomato_Yellow_Leaf_Curl_Virus,Tomato_Yellow_Leaf_Curl_Virus,1.0
daf0faaac8d4192c96374d4007f48346,PV_data/Tomato___Tomato_Yellow_Leaf_Curl_Virus/de05f358-a440-423a-ba9f-617788fe3e65___UF.GRC_YLCV_Lab 02199.JPG,17,17,Tomato_Yellow_Leaf_Curl_Virus,Tomato_Yellow_Leaf_Curl_Virus,1.0
f6cc8ecd6689c237a3487043fc7b5196,PV_data/Tomato___Tomato_Yellow_Leaf_Curl_Virus/de6f350f-cf51-4ed0-be53-109c944b484c___UF.GRC_YLCV_Lab 02205.JPG,17,17,Tomato_Yellow_Leaf_Curl_Virus,Tomato_Yellow_Leaf_Curl_Virus,1.0
e43edb7bf96998a2bd0d4dc7e95d9194,PV_data/Tomato___Tomato_Yellow_Leaf_Curl_Virus/df985c71-76c5-488b-92b5-70ee58d21dc5___UF.GRC_YLCV_Lab 01778.JPG,17,17,Tomato_Yellow_Leaf_Curl_Virus,Tomato_Yellow_Leaf_Curl_Virus,1.0
d306c9e72e105d946f1df89befa9549c,PV_data/Tomato___Tomato_Yellow_Leaf_Curl_Virus/dfb954cb-5f24-40da-b6e6-f1afb138a115___YLCV_NREC 2326.JPG,17,17,Tomato_Yellow_Leaf_Curl_Virus,Tomato_Yellow_Leaf_Curl_Virus,0.9999999
a832201e0282c524e81e607580a7eac1,PV_data/Tomato___Tomato_Yellow_Leaf_Curl_Virus/dfc2a2b4-aa33-40fb-8bbb-39c5608b9b9e___YLCV_NREC 2372.JPG,17,17,Tomato_Yellow_Leaf_Curl_Virus,Tomato_Yellow_Leaf_Curl_Virus,1.0
8b916f6b9439d07c305fd54fc0ac3512,PV_data/Tomato___Tomato_Yellow_Leaf_Curl_Virus/dff1fb33-642b-40de-aee4-e34a8ba80aa6___YLCV_NREC 0246.JPG,17,17,Tomato_Yellow_Leaf_Curl_Virus,Tomato_Yellow_Leaf_Curl_Virus,1.0
a002b16dad0171917d503f021b390edc,PV_data/Tomato___Tomato_Yellow_Leaf_Curl_Virus/e0acae25-3f4b-403e-8365-9f81f1601510___YLCV_NREC 2495.JPG,17,17,Tomato_Yellow_Leaf_Curl_Virus,Tomato_Yellow_Leaf_Curl_Virus,0.99997723
5173fddc244a154e38c3434d10a59fb2,PV_data/Tomato___Tomato_Yellow_Leaf_Curl_Virus/e0ff2b2a-a547-411b-bef9-b0563eeec249___YLCV_GCREC 2453.JPG,17,17,Tomato_Yellow_Leaf_Curl_Virus,Tomato_Yellow_Leaf_Curl_Virus,0.99999976
54c4185052f49b2dab942953cbaacd84,PV_data/Tomato___Tomato_Yellow_Leaf_Curl_Virus/e14de8d0-dea6-4d96-b9f3-6b0355ef106b___UF.GRC_YLCV_Lab 01743.JPG,17,17,Tomato_Yellow_Leaf_Curl_Virus,Tomato_Yellow_Leaf_Curl_Virus,1.0
80f9b9001b69f781636596992221c598,PV_data/Tomato___Tomato_Yellow_Leaf_Curl_Virus/e1cb57db-98b3-4b1a-8324-475d2e810556___UF.GRC_YLCV_Lab 01860.JPG,17,17,Tomato_Yellow_Leaf_Curl_Virus,Tomato_Yellow_Leaf_Curl_Virus,1.0
ace28cd9a6065610ca673598a27a1e40,PV_data/Tomato___Tomato_Yellow_Leaf_Curl_Virus/e2127684-aa48-4a4b-b569-1685a39ba5a3___YLCV_GCREC 2486.JPG,17,17,Tomato_Yellow_Leaf_Curl_Virus,Tomato_Yellow_Leaf_Curl_Virus,1.0
936b2e02aad96f9fbdb8f642821d84bb,PV_data/Tomato___Tomato_Yellow_Leaf_Curl_Virus/e29e518d-b7e4-4203-a815-b74bebc552fe___YLCV_NREC 0190.JPG,17,17,Tomato_Yellow_Leaf_Curl_Virus,Tomato_Yellow_Leaf_Curl_Virus,0.9999896
89db8d713b4defa5fd076be2efc8f8be,PV_data/Tomato___Tomato_Yellow_Leaf_Curl_Virus/e29ec2e5-6b23-4351-bd51-99d7e4d1316e___YLCV_NREC 2674.JPG,17,17,Tomato_Yellow_Leaf_Curl_Virus,Tomato_Yellow_Leaf_Curl_Virus,0.99965703
9cd3a248bcd95635125d813f04ce3d09,PV_data/Tomato___Tomato_Yellow_Leaf_Curl_Virus/e32287f1-acd0-4ba2-88f9-414950912efc___YLCV_NREC 2616.JPG,17,17,Tomato_Yellow_Leaf_Curl_Virus,Tomato_Yellow_Leaf_Curl_Virus,0.99999964
bf0ab112822eeb9055754df4d2da6ca4,PV_data/Tomato___Tomato_Yellow_Leaf_Curl_Virus/e34c6884-cf13-49cb-aac4-06d77e4c1155___YLCV_GCREC 2350.JPG,17,17,Tomato_Yellow_Leaf_Curl_Virus,Tomato_Yellow_Leaf_Curl_Virus,0.9999993
51ae308a764c38d6461f38323f2b8b16,PV_data/Tomato___Tomato_Yellow_Leaf_Curl_Virus/e3650c26-1c04-4ed1-bd66-a77da126216f___UF.GRC_YLCV_Lab 01344.JPG,17,17,Tomato_Yellow_Leaf_Curl_Virus,Tomato_Yellow_Leaf_Curl_Virus,1.0
a8b630c2222a5319c31ec7533637d9bd,PV_data/Tomato___Tomato_Yellow_Leaf_Curl_Virus/e40229f4-e9a0-41f8-9923-4dd79d10c975___UF.GRC_YLCV_Lab 01650.JPG,17,17,Tomato_Yellow_Leaf_Curl_Virus,Tomato_Yellow_Leaf_Curl_Virus,0.9999999
7fabd8b2d344ded719a1ce2c34824419,PV_data/Tomato___Tomato_Yellow_Leaf_Curl_Virus/e4ca3bba-f530-4b09-b751-5bd11c13b669___UF.GRC_YLCV_Lab 03122.JPG,17,17,Tomato_Yellow_Leaf_Curl_Virus,Tomato_Yellow_Leaf_Curl_Virus,1.0
c5cf23b2e2c7913959b54b3bbe025922,PV_data/Tomato___Tomato_Yellow_Leaf_Curl_Virus/e5b770ee-62f3-41c2-a552-933fa8912734___UF.GRC_YLCV_Lab 09594.JPG,17,17,Tomato_Yellow_Leaf_Curl_Virus,Tomato_Yellow_Leaf_Curl_Virus,1.0
491f0e8102b4ff867e099ad8d7844791,PV_data/Tomato___Tomato_Yellow_Leaf_Curl_Virus/e75528ae-dc22-49b4-9b5f-e9b8340d2f06___UF.GRC_YLCV_Lab 03174.JPG,17,17,Tomato_Yellow_Leaf_Curl_Virus,Tomato_Yellow_Leaf_Curl_Virus,1.0
f01c050af6b427bb615abfc6a4613dd0,PV_data/Tomato___Tomato_Yellow_Leaf_Curl_Virus/e7793d98-ca6c-4030-8b4a-4bd506cde757___YLCV_NREC 2268.JPG,17,17,Tomato_Yellow_Leaf_Curl_Virus,Tomato_Yellow_Leaf_Curl_Virus,0.99997807
65aeb113ca0e949666ccc94ad7d9210d,PV_data/Tomato___Tomato_Yellow_Leaf_Curl_Virus/e7893c26-4ad9-45b0-8cde-cd5a0dfc4620___YLCV_GCREC 2546.JPG,17,17,Tomato_Yellow_Leaf_Curl_Virus,Tomato_Yellow_Leaf_Curl_Virus,1.0
e99d4bbe76a398d62556916fea26e5ac,PV_data/Tomato___Tomato_Yellow_Leaf_Curl_Virus/e7c80ace-56b0-4579-bec9-8fc7c0682fec___UF.GRC_YLCV_Lab 02834.JPG,17,17,Tomato_Yellow_Leaf_Curl_Virus,Tomato_Yellow_Leaf_Curl_Virus,1.0
73dc20222f73d43ae839bb4dce7d146d,PV_data/Tomato___Tomato_Yellow_Leaf_Curl_Virus/e7f56302-1fda-4696-b273-38d58c3f3b78___UF.GRC_YLCV_Lab 09419.JPG,17,17,Tomato_Yellow_Leaf_Curl_Virus,Tomato_Yellow_Leaf_Curl_Virus,1.0
6be55f478da7cc2ee7fa4fb4cc8f1fa8,PV_data/Tomato___Tomato_Yellow_Leaf_Curl_Virus/e84bb3fa-abdb-466d-9bde-fef008801f6e___YLCV_NREC 2422.JPG,17,17,Tomato_Yellow_Leaf_Curl_Virus,Tomato_Yellow_Leaf_Curl_Virus,0.9999473
b0d5d32a8b7f6621d91a5cf7a58aff50,PV_data/Tomato___Tomato_Yellow_Leaf_Curl_Virus/e8825fa7-93a0-45f5-b0e7-704541eba913___YLCV_GCREC 2740.JPG,17,17,Tomato_Yellow_Leaf_Curl_Virus,Tomato_Yellow_Leaf_Curl_Virus,0.99994564
46b8248d4ff6da5d75bffa583de090fb,PV_data/Tomato___Tomato_Yellow_Leaf_Curl_Virus/e8a00295-fd3b-4fc4-895e-8e574aad6913___YLCV_GCREC 5429.JPG,17,17,Tomato_Yellow_Leaf_Curl_Virus,Tomato_Yellow_Leaf_Curl_Virus,0.9997896
fe3c4f486a6ed171c34315a09d1d3b62,PV_data/Tomato___Tomato_Yellow_Leaf_Curl_Virus/e8c03179-1d85-479c-92d0-ad1616ebf139___UF.GRC_YLCV_Lab 02308.JPG,17,17,Tomato_Yellow_Leaf_Curl_Virus,Tomato_Yellow_Leaf_Curl_Virus,1.0
36be82b5a89269eb60cd416eeae35467,PV_data/Tomato___Tomato_Yellow_Leaf_Curl_Virus/e8f9aa7f-8fc9-49d1-b6eb-a27d3c8ca240___UF.GRC_YLCV_Lab 03191.JPG,17,17,Tomato_Yellow_Leaf_Curl_Virus,Tomato_Yellow_Leaf_Curl_Virus,1.0
86333cc90c78a07cf6f356903d4b2cf3,PV_data/Tomato___Tomato_Yellow_Leaf_Curl_Virus/e97a81a5-6948-4869-90ea-c2129a8d4836___YLCV_GCREC 2794.JPG,17,17,Tomato_Yellow_Leaf_Curl_Virus,Tomato_Yellow_Leaf_Curl_Virus,0.9999963
7976d4661c0b64145fd3b8f69c22f968,PV_data/Tomato___Tomato_Yellow_Leaf_Curl_Virus/e9a3621a-624d-4f37-b93b-ed97bb715a06___UF.GRC_YLCV_Lab 03055.JPG,17,17,Tomato_Yellow_Leaf_Curl_Virus,Tomato_Yellow_Leaf_Curl_Virus,1.0
63d66de261a0fdab99a724bffb2fdb4e,PV_data/Tomato___Tomato_Yellow_Leaf_Curl_Virus/e9f4f035-b416-49b0-8714-f54a532d87ca___YLCV_GCREC 2494.JPG,17,17,Tomato_Yellow_Leaf_Curl_Virus,Tomato_Yellow_Leaf_Curl_Virus,1.0
ab3adf80dea761f158a10c8c2c0bc2a6,PV_data/Tomato___Tomato_Yellow_Leaf_Curl_Virus/e9fcc06b-8b46-4940-9094-781e7ee431b3___YLCV_GCREC 2048.JPG,17,17,Tomato_Yellow_Leaf_Curl_Virus,Tomato_Yellow_Leaf_Curl_Virus,0.9999244
bc80e4abba8c019ad9312aafef96683f,PV_data/Tomato___Tomato_Yellow_Leaf_Curl_Virus/ea9288b5-dfd9-408b-a691-fd53729e0b3b___UF.GRC_YLCV_Lab 01906.JPG,17,17,Tomato_Yellow_Leaf_Curl_Virus,Tomato_Yellow_Leaf_Curl_Virus,1.0
325aa89d84bbac737812a26e0d106fd7,PV_data/Tomato___Tomato_Yellow_Leaf_Curl_Virus/eb5df69a-d470-4487-aa27-a5609e0c6ee2___UF.GRC_YLCV_Lab 02584.JPG,17,17,Tomato_Yellow_Leaf_Curl_Virus,Tomato_Yellow_Leaf_Curl_Virus,1.0
3cb09e15d5b489ce6d3a4095d2420be6,PV_data/Tomato___Tomato_Yellow_Leaf_Curl_Virus/ecd6faa9-df99-4444-9fa9-11acccb0d06f___YLCV_NREC 2508.JPG,17,17,Tomato_Yellow_Leaf_Curl_Virus,Tomato_Yellow_Leaf_Curl_Virus,1.0
77e6ad93eb3c60d8b4bd41bbe6af2a6d,PV_data/Tomato___Tomato_Yellow_Leaf_Curl_Virus/ed864a58-8a10-451c-9a65-c12a71b6c10a___UF.GRC_YLCV_Lab 01425.JPG,17,17,Tomato_Yellow_Leaf_Curl_Virus,Tomato_Yellow_Leaf_Curl_Virus,1.0
b22407169d229e20315905b182f35129,PV_data/Tomato___Tomato_Yellow_Leaf_Curl_Virus/edbeb216-1ad8-4593-848e-84cc21886897___YLCV_GCREC 2380.JPG,17,17,Tomato_Yellow_Leaf_Curl_Virus,Tomato_Yellow_Leaf_Curl_Virus,1.0
1497c20d6cafea29364d1a0c2f0cc375,PV_data/Tomato___Tomato_Yellow_Leaf_Curl_Virus/ee189597-5c55-49a4-885b-00783dbdb72f___UF.GRC_YLCV_Lab 01294.JPG,17,17,Tomato_Yellow_Leaf_Curl_Virus,Tomato_Yellow_Leaf_Curl_Virus,1.0
8da3461d550a51f7511d3fad4e713496,PV_data/Tomato___Tomato_Yellow_Leaf_Curl_Virus/ee4cb522-6d57-41a5-a425-f1038a1ffe9f___UF.GRC_YLCV_Lab 01432.JPG,17,17,Tomato_Yellow_Leaf_Curl_Virus,Tomato_Yellow_Leaf_Curl_Virus,1.0
3aadedad09b80729cd66003d9bbd380d,PV_data/Tomato___Tomato_Yellow_Leaf_Curl_Virus/ee615249-0f00-47d7-b286-a0093eb97aa0___YLCV_GCREC 2255.JPG,17,17,Tomato_Yellow_Leaf_Curl_Virus,Tomato_Yellow_Leaf_Curl_Virus,1.0
a854f11c6ebacec3436091203937a10d,PV_data/Tomato___Tomato_Yellow_Leaf_Curl_Virus/ee86daba-f145-4bb3-966c-236725a53f82___YLCV_GCREC 1918.JPG,17,17,Tomato_Yellow_Leaf_Curl_Virus,Tomato_Yellow_Leaf_Curl_Virus,1.0
0562532a5341b08b958771a629dd9d5d,PV_data/Tomato___Tomato_Yellow_Leaf_Curl_Virus/eec4f920-1035-4846-86fa-63ec4f218229___UF.GRC_YLCV_Lab 02283.JPG,17,17,Tomato_Yellow_Leaf_Curl_Virus,Tomato_Yellow_Leaf_Curl_Virus,1.0
11a295ee4e913f399f45e21e77a3d553,PV_data/Tomato___Tomato_Yellow_Leaf_Curl_Virus/eee74500-b024-4f27-9494-3e4d2d34c236___YLCV_GCREC 2302.JPG,17,17,Tomato_Yellow_Leaf_Curl_Virus,Tomato_Yellow_Leaf_Curl_Virus,1.0
4a2ef82abdb15b770f1c26addd3fbaef,PV_data/Tomato___Tomato_Yellow_Leaf_Curl_Virus/ef24c02d-8209-49b0-9afe-a1020ade05a8___UF.GRC_YLCV_Lab 01876.JPG,17,17,Tomato_Yellow_Leaf_Curl_Virus,Tomato_Yellow_Leaf_Curl_Virus,1.0
d8e60884bc4f520cf02ef58bd84e54c8,PV_data/Tomato___Tomato_Yellow_Leaf_Curl_Virus/ef41ba00-6d39-4686-9916-9c94a08b070c___YLCV_NREC 2859.JPG,17,17,Tomato_Yellow_Leaf_Curl_Virus,Tomato_Yellow_Leaf_Curl_Virus,0.9999895
779b84a2be7188cb9272e96df65cac4a,PV_data/Tomato___Tomato_Yellow_Leaf_Curl_Virus/efa48701-ac0e-40d2-b6bc-36cc3b4693b9___YLCV_GCREC 1950.JPG,17,17,Tomato_Yellow_Leaf_Curl_Virus,Tomato_Yellow_Leaf_Curl_Virus,0.9999951
fae2654000988775a355679426a7d539,PV_data/Tomato___Tomato_Yellow_Leaf_Curl_Virus/eff5b4c8-5688-482f-86a1-50ed4d18a850___YLCV_GCREC 2049.JPG,17,17,Tomato_Yellow_Leaf_Curl_Virus,Tomato_Yellow_Leaf_Curl_Virus,0.999995
b53f9315f35a61155f6af2c31db6e5a1,PV_data/Tomato___Tomato_Yellow_Leaf_Curl_Virus/f098bfc4-7253-4790-a572-3cb059748089___UF.GRC_YLCV_Lab 03240.JPG,17,17,Tomato_Yellow_Leaf_Curl_Virus,Tomato_Yellow_Leaf_Curl_Virus,1.0
a505c0f8e45c6707d9ab3a11a661ee1a,PV_data/Tomato___Tomato_Yellow_Leaf_Curl_Virus/f1115807-c2a7-4ac0-af3e-5605cf4125c0___YLCV_NREC 2845.JPG,17,17,Tomato_Yellow_Leaf_Curl_Virus,Tomato_Yellow_Leaf_Curl_Virus,0.9999999
b1fa5e3a8164f45a024b283df1a1c9ec,PV_data/Tomato___Tomato_Yellow_Leaf_Curl_Virus/f17ad011-c811-4d77-9010-fa5887f68e58___YLCV_NREC 2265.JPG,17,17,Tomato_Yellow_Leaf_Curl_Virus,Tomato_Yellow_Leaf_Curl_Virus,0.99999607
6ce9fd12593925f3d74db311ed446d43,PV_data/Tomato___Tomato_Yellow_Leaf_Curl_Virus/f25837d4-f083-4078-b487-3227709a9891___UF.GRC_YLCV_Lab 02407.JPG,17,17,Tomato_Yellow_Leaf_Curl_Virus,Tomato_Yellow_Leaf_Curl_Virus,0.9999999
be820f0cf42a3276d85a18ce22612e44,PV_data/Tomato___Tomato_Yellow_Leaf_Curl_Virus/f2aeea72-b927-49f5-8c32-7fc4397ab0c2___YLCV_NREC 2177.JPG,17,17,Tomato_Yellow_Leaf_Curl_Virus,Tomato_Yellow_Leaf_Curl_Virus,1.0
0379b8f9c6264a3e6ec4f6cb9f45f0fa,PV_data/Tomato___Tomato_Yellow_Leaf_Curl_Virus/f3188611-e3c8-448d-80d8-32c1ad1f4f16___YLCV_NREC 2805.JPG,17,17,Tomato_Yellow_Leaf_Curl_Virus,Tomato_Yellow_Leaf_Curl_Virus,0.99774605
dad56968acb512ae6aedda1f6f96eeba,PV_data/Tomato___Tomato_Yellow_Leaf_Curl_Virus/f33d68ff-d2e4-446a-8793-14d844c7edc9___YLCV_NREC 2760.JPG,17,17,Tomato_Yellow_Leaf_Curl_Virus,Tomato_Yellow_Leaf_Curl_Virus,1.0
11561bb8dde5021dcaa865fa6a11e80c,PV_data/Tomato___Tomato_Yellow_Leaf_Curl_Virus/f36c856c-b76f-4534-94cc-7b87197ebc60___UF.GRC_YLCV_Lab 02083.JPG,17,17,Tomato_Yellow_Leaf_Curl_Virus,Tomato_Yellow_Leaf_Curl_Virus,1.0
b484cd60501ea0931dfa4f36d8f42e98,PV_data/Tomato___Tomato_Yellow_Leaf_Curl_Virus/f3cb657b-6bd4-46c1-88db-660b43012e0d___UF.GRC_YLCV_Lab 02899.JPG,17,17,Tomato_Yellow_Leaf_Curl_Virus,Tomato_Yellow_Leaf_Curl_Virus,1.0
605093b908371509918b84db028e2693,PV_data/Tomato___Tomato_Yellow_Leaf_Curl_Virus/f3d78cbf-b3dd-431f-aace-ea35602e4095___UF.GRC_YLCV_Lab 03151.JPG,17,17,Tomato_Yellow_Leaf_Curl_Virus,Tomato_Yellow_Leaf_Curl_Virus,1.0
21f9586a8875e43ee7ca36dae9a69b41,PV_data/Tomato___Tomato_Yellow_Leaf_Curl_Virus/f40054b6-9432-4a53-994a-d614840b8540___UF.GRC_YLCV_Lab 02544.JPG,17,17,Tomato_Yellow_Leaf_Curl_Virus,Tomato_Yellow_Leaf_Curl_Virus,1.0
4103c97c6c5a3fd09659e6b6f8ba679e,PV_data/Tomato___Tomato_Yellow_Leaf_Curl_Virus/f401d3a2-f638-4260-a97f-fe6aa1811b71___UF.GRC_YLCV_Lab 02245.JPG,17,17,Tomato_Yellow_Leaf_Curl_Virus,Tomato_Yellow_Leaf_Curl_Virus,0.9999999
3de149ebf2cc146056d9752845f756d6,PV_data/Tomato___Tomato_Yellow_Leaf_Curl_Virus/f40419f9-4e4a-43ac-bddb-fec44293cdaf___YLCV_GCREC 5356.JPG,17,17,Tomato_Yellow_Leaf_Curl_Virus,Tomato_Yellow_Leaf_Curl_Virus,1.0
b07aa30e579a53274ceae09eafd365a6,PV_data/Tomato___Tomato_Yellow_Leaf_Curl_Virus/f43ee1b9-8881-445e-a689-19e59e396c0e___UF.GRC_YLCV_Lab 02385.JPG,17,17,Tomato_Yellow_Leaf_Curl_Virus,Tomato_Yellow_Leaf_Curl_Virus,1.0
3523ae4a76d99ad731ae0c213c1ab6c9,PV_data/Tomato___Tomato_Yellow_Leaf_Curl_Virus/f527ed8b-e5c2-4412-948f-d940039d60d3___YLCV_GCREC 5168.JPG,17,17,Tomato_Yellow_Leaf_Curl_Virus,Tomato_Yellow_Leaf_Curl_Virus,0.9999994
1881a88503fbad5bd56d9a25287c0a99,PV_data/Tomato___Tomato_Yellow_Leaf_Curl_Virus/f553bfab-4666-4e9d-a0fc-311e034a3e10___YLCV_NREC 2715.JPG,17,17,Tomato_Yellow_Leaf_Curl_Virus,Tomato_Yellow_Leaf_Curl_Virus,1.0
85752c9d89989b4b3be9a0da4852c021,PV_data/Tomato___Tomato_Yellow_Leaf_Curl_Virus/f591877b-3f56-491c-b522-8a192a92e78e___UF.GRC_YLCV_Lab 02503.JPG,17,17,Tomato_Yellow_Leaf_Curl_Virus,Tomato_Yellow_Leaf_Curl_Virus,1.0
2fc99e1fd54969f00b9bc7b81d96ad88,PV_data/Tomato___Tomato_Yellow_Leaf_Curl_Virus/f592cbe4-2d74-4969-8b1d-b6c6fc13d198___UF.GRC_YLCV_Lab 01633.JPG,17,17,Tomato_Yellow_Leaf_Curl_Virus,Tomato_Yellow_Leaf_Curl_Virus,1.0
538c2f81e6eace654f054acc11d50391,PV_data/Tomato___Tomato_Yellow_Leaf_Curl_Virus/f61e195a-8a2d-43f8-8559-44f18cca966a___UF.GRC_YLCV_Lab 03267.JPG,17,17,Tomato_Yellow_Leaf_Curl_Virus,Tomato_Yellow_Leaf_Curl_Virus,1.0
df2750e7dac657e6ecec38c883e3c277,PV_data/Tomato___Tomato_Yellow_Leaf_Curl_Virus/f6422ac6-b22c-4054-ba20-a207798227d0___YLCV_GCREC 2341.JPG,17,17,Tomato_Yellow_Leaf_Curl_Virus,Tomato_Yellow_Leaf_Curl_Virus,0.99999845
7b6dca386e5d58813a13f92700071b4d,PV_data/Tomato___Tomato_Yellow_Leaf_Curl_Virus/f6472197-3d9c-467a-8fd3-bc6b743d6e00___UF.GRC_YLCV_Lab 02522.JPG,17,17,Tomato_Yellow_Leaf_Curl_Virus,Tomato_Yellow_Leaf_Curl_Virus,1.0
f9f315e045caf6f93b701cd7484a170f,PV_data/Tomato___Tomato_Yellow_Leaf_Curl_Virus/f64b7e94-181f-4741-8a22-e52271503593___UF.GRC_YLCV_Lab 02327.JPG,17,17,Tomato_Yellow_Leaf_Curl_Virus,Tomato_Yellow_Leaf_Curl_Virus,1.0
e0157838835576b6604a11af11bafe99,PV_data/Tomato___Tomato_Yellow_Leaf_Curl_Virus/f6bfc52d-f4c7-410b-a867-04691d15df30___YLCV_NREC 2595.JPG,17,17,Tomato_Yellow_Leaf_Curl_Virus,Tomato_Yellow_Leaf_Curl_Virus,0.9999999
848af19a8ff3640a62c1cbd8443fdcdc,PV_data/Tomato___Tomato_Yellow_Leaf_Curl_Virus/f6ce32e5-da3a-40a9-a3b8-47c1325991f5___UF.GRC_YLCV_Lab 02878.JPG,17,17,Tomato_Yellow_Leaf_Curl_Virus,Tomato_Yellow_Leaf_Curl_Virus,1.0
1b3b615ac08a9c4b2e5e71061d46ce0e,PV_data/Tomato___Tomato_Yellow_Leaf_Curl_Virus/f6d5ad61-dfaf-4083-a9af-1b0755ec0a5d___YLCV_GCREC 2381.JPG,17,17,Tomato_Yellow_Leaf_Curl_Virus,Tomato_Yellow_Leaf_Curl_Virus,1.0
8ef957ac16fe4b8a0d08a87cdcf533f5,PV_data/Tomato___Tomato_Yellow_Leaf_Curl_Virus/f6ea01cd-2aef-45af-87e4-ab7df7ea3f3b___YLCV_NREC 2872.JPG,17,17,Tomato_Yellow_Leaf_Curl_Virus,Tomato_Yellow_Leaf_Curl_Virus,0.99999225
bada368ad7b5ac694a3467d75a091c60,PV_data/Tomato___Tomato_Yellow_Leaf_Curl_Virus/f6f313b5-a12a-4d0e-8d3d-63ea26b76985___UF.GRC_YLCV_Lab 01630.JPG,17,17,Tomato_Yellow_Leaf_Curl_Virus,Tomato_Yellow_Leaf_Curl_Virus,1.0
9bf414acaa682d7cad294819796f7ff3,PV_data/Tomato___Tomato_Yellow_Leaf_Curl_Virus/f7061a2b-cea4-4b99-8088-cca7585b6845___UF.GRC_YLCV_Lab 02740.JPG,17,17,Tomato_Yellow_Leaf_Curl_Virus,Tomato_Yellow_Leaf_Curl_Virus,1.0
0976e6a7cc8affa3e580c68c35b19e41,PV_data/Tomato___Tomato_Yellow_Leaf_Curl_Virus/f77be740-83d8-4c10-a29c-0277a12ef23c___YLCV_GCREC 2098.JPG,17,17,Tomato_Yellow_Leaf_Curl_Virus,Tomato_Yellow_Leaf_Curl_Virus,0.99999976
b27894fd4f1508282970c6b0ed693b12,PV_data/Tomato___Tomato_Yellow_Leaf_Curl_Virus/f7a55f69-a61c-4b94-b7a0-8f69cc225377___UF.GRC_YLCV_Lab 03189.JPG,17,17,Tomato_Yellow_Leaf_Curl_Virus,Tomato_Yellow_Leaf_Curl_Virus,1.0
bdf69a6cbd17ed1b517109c383e2452f,PV_data/Tomato___Tomato_Yellow_Leaf_Curl_Virus/f7fc5826-74eb-44aa-9b10-2a9dac4de845___YLCV_GCREC 2843.JPG,17,17,Tomato_Yellow_Leaf_Curl_Virus,Tomato_Yellow_Leaf_Curl_Virus,1.0
590f499349abdb93f8bdaf8078d4e01b,PV_data/Tomato___Tomato_Yellow_Leaf_Curl_Virus/f821af12-df2e-4b9e-851c-2bcf82bba07f___YLCV_GCREC 2712.JPG,17,17,Tomato_Yellow_Leaf_Curl_Virus,Tomato_Yellow_Leaf_Curl_Virus,1.0
6c3985befd7a789e55bfcf1a6c064ed9,PV_data/Tomato___Tomato_Yellow_Leaf_Curl_Virus/f8592a78-59ca-4f35-a7bf-1e4001af98a4___YLCV_GCREC 5500.JPG,17,17,Tomato_Yellow_Leaf_Curl_Virus,Tomato_Yellow_Leaf_Curl_Virus,1.0
f67eb8e593869e4dc7a36c68f070e2a2,PV_data/Tomato___Tomato_Yellow_Leaf_Curl_Virus/f860cc3b-acb0-474c-8f85-45dfbb1d3c80___UF.GRC_YLCV_Lab 09428.JPG,17,17,Tomato_Yellow_Leaf_Curl_Virus,Tomato_Yellow_Leaf_Curl_Virus,1.0
14ee9987117a89b68c80706f96a20fa4,PV_data/Tomato___Tomato_Yellow_Leaf_Curl_Virus/f8bff9a6-4e6f-43e3-9584-3783fd5571bb___UF.GRC_YLCV_Lab 02944.JPG,17,17,Tomato_Yellow_Leaf_Curl_Virus,Tomato_Yellow_Leaf_Curl_Virus,1.0
03fb3737895adb5297b1281e93abbd98,PV_data/Tomato___Tomato_Yellow_Leaf_Curl_Virus/f95286f6-b871-4797-84f4-8bef763654d4___UF.GRC_YLCV_Lab 01847.JPG,17,17,Tomato_Yellow_Leaf_Curl_Virus,Tomato_Yellow_Leaf_Curl_Virus,1.0
fc043fcdd2c67d5b5a271cc98e4651d0,PV_data/Tomato___Tomato_Yellow_Leaf_Curl_Virus/f98a3863-0896-4af5-8ed2-d151e321c368___UF.GRC_YLCV_Lab 02930.JPG,17,17,Tomato_Yellow_Leaf_Curl_Virus,Tomato_Yellow_Leaf_Curl_Virus,1.0
2a16f3a800fac6434484f1020e10920a,PV_data/Tomato___Tomato_Yellow_Leaf_Curl_Virus/f9a78343-10b7-4c1c-89ee-376463d561d7___UF.GRC_YLCV_Lab 03101.JPG,17,17,Tomato_Yellow_Leaf_Curl_Virus,Tomato_Yellow_Leaf_Curl_Virus,1.0
6963d423f33aad56a3e59b758dcaaf9e,PV_data/Tomato___Tomato_Yellow_Leaf_Curl_Virus/fa4dfd7e-b40d-48ac-b841-bb7d9645422a___YLCV_NREC 2631.JPG,17,17,Tomato_Yellow_Leaf_Curl_Virus,Tomato_Yellow_Leaf_Curl_Virus,0.9999989
ed790a70ea8f87f62bd43601694e38ae,PV_data/Tomato___Tomato_Yellow_Leaf_Curl_Virus/fad74307-6213-4e1b-9990-ca6283c2e29b___YLCV_NREC 2604.JPG,17,17,Tomato_Yellow_Leaf_Curl_Virus,Tomato_Yellow_Leaf_Curl_Virus,0.99999964
e4f44594d5a728b094c5b412ec47a543,PV_data/Tomato___Tomato_Yellow_Leaf_Curl_Virus/fcb216aa-c87a-4e73-a19a-a6e1e51a7f6d___UF.GRC_YLCV_Lab 09462.JPG,17,17,Tomato_Yellow_Leaf_Curl_Virus,Tomato_Yellow_Leaf_Curl_Virus,1.0
a53fa81f28dcad342f4a2f6f7dc20b8c,PV_data/Tomato___Tomato_Yellow_Leaf_Curl_Virus/fd549e70-e406-40cd-820f-6d1f186eb0ab___YLCV_NREC 2757.JPG,17,17,Tomato_Yellow_Leaf_Curl_Virus,Tomato_Yellow_Leaf_Curl_Virus,0.99999976
adca5d26964b482995fba5b65d073b5a,PV_data/Tomato___Tomato_Yellow_Leaf_Curl_Virus/fdcb2e51-140c-4e58-9ede-f16530840d9d___YLCV_GCREC 2116.JPG,17,17,Tomato_Yellow_Leaf_Curl_Virus,Tomato_Yellow_Leaf_Curl_Virus,1.0
0ed83b03cefa6e17684d5e1340c786bf,PV_data/Tomato___Tomato_Yellow_Leaf_Curl_Virus/fdd78f01-9327-45b9-903c-0e22bf295ec0___YLCV_NREC 2454.JPG,17,17,Tomato_Yellow_Leaf_Curl_Virus,Tomato_Yellow_Leaf_Curl_Virus,0.99999726
a58abd0dadbd4c721d478937bcf42df9,PV_data/Tomato___Tomato_Yellow_Leaf_Curl_Virus/fe3eb6e7-1f85-48ce-8cb3-4580ac110024___UF.GRC_YLCV_Lab 02735.JPG,17,17,Tomato_Yellow_Leaf_Curl_Virus,Tomato_Yellow_Leaf_Curl_Virus,1.0
33fe990518fda2cd4475d047a2727e5c,PV_data/Tomato___Tomato_Yellow_Leaf_Curl_Virus/fe40e21d-3391-4c08-9fce-c78de4b4c366___YLCV_GCREC 2264.JPG,17,17,Tomato_Yellow_Leaf_Curl_Virus,Tomato_Yellow_Leaf_Curl_Virus,0.9999976
93b0a5bba1e0ad97e5b6e270f500b9e4,PV_data/Tomato___Tomato_Yellow_Leaf_Curl_Virus/fead60b0-4ceb-46ff-8871-5b81b8ea7d32___YLCV_NREC 0293.JPG,17,17,Tomato_Yellow_Leaf_Curl_Virus,Tomato_Yellow_Leaf_Curl_Virus,0.9999976
171c35f209a030e0f44300e8cd99f9a1,PV_data/Tomato___Tomato_Yellow_Leaf_Curl_Virus/ff043970-b5bc-4738-a97b-0d9443a60eaa___YLCV_NREC 2622.JPG,17,17,Tomato_Yellow_Leaf_Curl_Virus,Tomato_Yellow_Leaf_Curl_Virus,0.9999485
dd1d15da395a9eaacaf7ba4f3317722b,PV_data/Tomato___Tomato_Yellow_Leaf_Curl_Virus/ff07cd60-e1c8-4888-ad64-da5c000c4df3___UF.GRC_YLCV_Lab 02412.JPG,17,17,Tomato_Yellow_Leaf_Curl_Virus,Tomato_Yellow_Leaf_Curl_Virus,1.0
e590c3317bb8f84a7a55590077c64931,PV_data/Tomato___Tomato_Yellow_Leaf_Curl_Virus/ff8ee69d-dcba-4a3f-92b1-cd3debce5e94___YLCV_GCREC 5128.JPG,17,17,Tomato_Yellow_Leaf_Curl_Virus,Tomato_Yellow_Leaf_Curl_Virus,0.9999995
e92930753f4eef67a8447182c227f8d0,PV_data/Tomato___Tomato_Yellow_Leaf_Curl_Virus/ffb295c9-f14e-4a15-831a-bf905da7fcb6___UF.GRC_YLCV_Lab 09560.JPG,17,17,Tomato_Yellow_Leaf_Curl_Virus,Tomato_Yellow_Leaf_Curl_Virus,1.0
4c41b32b81810aa1190876620ea46319,PV_data/Tomato___Tomato_mosaic_virus/000ec6ea-9063-4c33-8abe-d58ca8a88878___PSU_CG 2169.JPG,18,18,Tomato_mosaic_virus,Tomato_mosaic_virus,0.99999964
34cf45525c99b27bfeeec8f2ba77e648,PV_data/Tomato___Tomato_mosaic_virus/046a2559-23b4-4018-a3db-337347ceb391___PSU_CG 2321.JPG,18,18,Tomato_mosaic_virus,Tomato_mosaic_virus,0.99998915
fba68ce0dac433dd881eca3858844f6e,PV_data/Tomato___Tomato_mosaic_virus/0a91f50b-1263-4b2c-a8c1-f2a6025b82f3___PSU_CG 2136.JPG,18,18,Tomato_mosaic_virus,Tomato_mosaic_virus,0.9999919
e08875dbcc7833b97a953436ae2d20c8,PV_data/Tomato___Tomato_mosaic_virus/0bf3eb4c-e2cd-4e72-8834-4fc045bd67ae___PSU_CG 2414.JPG,18,18,Tomato_mosaic_virus,Tomato_mosaic_virus,0.99957365
4aa36c6b06f521402b96f5b71410153e,PV_data/Tomato___Tomato_mosaic_virus/119554ae-c777-46da-abb7-591404fdc65f___PSU_CG 2393.JPG,18,18,Tomato_mosaic_virus,Tomato_mosaic_virus,0.9997335
fb08a420ac9d9535c62ae95109b1bd41,PV_data/Tomato___Tomato_mosaic_virus/135dcfad-367c-483b-921b-5d24986c471c___PSU_CG 2221.JPG,18,18,Tomato_mosaic_virus,Tomato_mosaic_virus,0.99999976
e19ccb4c6567917ac90129b90eab35fd,PV_data/Tomato___Tomato_mosaic_virus/146eaf68-7f61-4717-ac81-2f8bb4533fec___PSU_CG 2406.JPG,18,18,Tomato_mosaic_virus,Tomato_mosaic_virus,0.99997556
22a5eec34952348c6c94aa552013ea07,PV_data/Tomato___Tomato_mosaic_virus/14c21616-aa9e-4d85-8aff-bdf7f4cf3720___PSU_CG 2079.JPG,18,18,Tomato_mosaic_virus,Tomato_mosaic_virus,0.9999739
2e46d5c14b8b2ba477ea7d50aecd22e6,PV_data/Tomato___Tomato_mosaic_virus/1d89d788-438c-4cee-9403-6fd8ac9863de___PSU_CG 2254.JPG,18,18,Tomato_mosaic_virus,Tomato_mosaic_virus,0.99999976
afed816564a7d11924cf157133a98e96,PV_data/Tomato___Tomato_mosaic_virus/20182b2d-dfda-4ef1-89cc-17856e051b00___PSU_CG 2072.JPG,18,18,Tomato_mosaic_virus,Tomato_mosaic_virus,0.99999964
afc620eb24e1b4b0b6ddc2d231bb7f75,PV_data/Tomato___Tomato_mosaic_virus/227c893f-5a46-4df3-859d-ba3a74e4cb82___PSU_CG 2277.JPG,18,18,Tomato_mosaic_virus,Tomato_mosaic_virus,0.9999994
ca82abd8e0b35cba2c92e92fc5d89bd9,PV_data/Tomato___Tomato_mosaic_virus/2370fa79-6f15-4ae5-a3cb-2d585a0043c2___PSU_CG 2178.JPG,18,18,Tomato_mosaic_virus,Tomato_mosaic_virus,1.0
88f4f5068891421bd276012c25923221,PV_data/Tomato___Tomato_mosaic_virus/2474f9d1-c3b6-4ec6-bb65-b5d1dd7021dc___PSU_CG 2201.JPG,18,18,Tomato_mosaic_virus,Tomato_mosaic_virus,0.99999964
3f4a99a541c0a524981500c4c79e2ea3,PV_data/Tomato___Tomato_mosaic_virus/2480c7f8-eb75-4606-bf92-24f09ac52a37___PSU_CG 2380.JPG,18,18,Tomato_mosaic_virus,Tomato_mosaic_virus,0.9999999
6d6608e5b5d4ba4aab7fa820d1f2c96a,PV_data/Tomato___Tomato_mosaic_virus/271772e3-6aeb-4d46-9233-ad877d12971f___PSU_CG 2317.JPG,18,18,Tomato_mosaic_virus,Tomato_mosaic_virus,1.0
05416eff14eee8e647f8debeb3f360eb,PV_data/Tomato___Tomato_mosaic_virus/2bd56a9c-3dec-41f7-ab7a-403670ea0462___PSU_CG 2346.JPG,18,18,Tomato_mosaic_virus,Tomato_mosaic_virus,0.99999905
5afa5b82911297c67225f52a80cccbb0,PV_data/Tomato___Tomato_mosaic_virus/2f240e5e-cbb9-406a-98aa-12028411429c___PSU_CG 2123.JPG,18,18,Tomato_mosaic_virus,Tomato_mosaic_virus,0.99999213
3c4a91e0dfd6663916e6192e2bd0ceae,PV_data/Tomato___Tomato_mosaic_virus/3117475d-3948-45a5-b2c7-630efb8bfab8___PSU_CG 2333.JPG,18,18,Tomato_mosaic_virus,Tomato_mosaic_virus,0.9999995
a7130a8ac6f45ef89846593d8e145233,PV_data/Tomato___Tomato_mosaic_virus/32a6609d-e858-4da0-a153-b59b4de976b7___PSU_CG 2061.JPG,18,18,Tomato_mosaic_virus,Tomato_mosaic_virus,0.99999964
99349f901589ec541622fa848870d6fb,PV_data/Tomato___Tomato_mosaic_virus/382828a4-dbdf-4ddc-a75b-9a6fcc4b600e___PSU_CG 2054.JPG,18,18,Tomato_mosaic_virus,Tomato_mosaic_virus,0.99999666
f323beee4fef4984de570f4a49385513,PV_data/Tomato___Tomato_mosaic_virus/388f46e3-32d3-45f3-84fd-12cb06feed12___PSU_CG 2119.JPG,18,18,Tomato_mosaic_virus,Tomato_mosaic_virus,0.9999999
f3bc0fe9a96fc6a79b3fbbca620a27e0,PV_data/Tomato___Tomato_mosaic_virus/3a99961c-cc66-44a9-b2c7-4d5a0714e839___PSU_CG 2162.JPG,18,18,Tomato_mosaic_virus,Tomato_mosaic_virus,0.9998313
253c512e3933014e86d680f9a8a0c7ff,PV_data/Tomato___Tomato_mosaic_virus/3d028390-f367-423b-b0f7-a44e2cac2393___PSU_CG 2205.JPG,18,18,Tomato_mosaic_virus,Tomato_mosaic_virus,0.99999404
33884ce8f4159564aa51daa77ac31c85,PV_data/Tomato___Tomato_mosaic_virus/526f2f56-2290-422d-a454-d576aa72d466___PSU_CG 2057.JPG,18,18,Tomato_mosaic_virus,Tomato_mosaic_virus,0.9999995
3b492ff730b3e6e2b649ae0d95461648,PV_data/Tomato___Tomato_mosaic_virus/54355f0e-7332-4990-b96e-fbff2637f5b7___PSU_CG 2245.JPG,18,18,Tomato_mosaic_virus,Tomato_mosaic_virus,1.0
55ecbc69f39a38b961e78b445e3fac15,PV_data/Tomato___Tomato_mosaic_virus/570486a0-abe0-4046-add9-14aab37de620___PSU_CG 2313.JPG,18,18,Tomato_mosaic_virus,Tomato_mosaic_virus,0.9995428
b6e9ff9f553adf8a8e527aa5fa108eb1,PV_data/Tomato___Tomato_mosaic_virus/59168647-7103-404e-86b4-2be640a85a98___PSU_CG 2156.JPG,18,18,Tomato_mosaic_virus,Tomato_mosaic_virus,0.9999993
a89293800b793e010ae6df8eca9cb489,PV_data/Tomato___Tomato_mosaic_virus/597f8dc8-681f-49a8-8985-4ba5b181b53a___PSU_CG 2193.JPG,18,18,Tomato_mosaic_virus,Tomato_mosaic_virus,1.0
950e1e4196ebd1ca25ad85e8b37fd22f,PV_data/Tomato___Tomato_mosaic_virus/5ab64087-b61c-48b9-9db7-5c6ce3eeefcd___PSU_CG 2299.JPG,18,18,Tomato_mosaic_virus,Tomato_mosaic_virus,0.9999994
f43cdc8e1ee885880b96aa9981fba0ea,PV_data/Tomato___Tomato_mosaic_virus/5d3eb639-b75e-4929-9a6a-4b89856b2345___PSU_CG 2273.JPG,18,18,Tomato_mosaic_virus,Tomato_mosaic_virus,0.99999833
74ffe5deca6024cac34443964c170dce,PV_data/Tomato___Tomato_mosaic_virus/629e19d4-c6f5-457f-9e17-80a1e77140fe___PSU_CG 2129.JPG,18,18,Tomato_mosaic_virus,Tomato_mosaic_virus,0.99999857
410a9ac0f3ccbfda8bb2c72305cce9c7,PV_data/Tomato___Tomato_mosaic_virus/66778ba1-eb89-4597-913a-71c68eb0251e___PSU_CG 2274.JPG,18,18,Tomato_mosaic_virus,Tomato_mosaic_virus,1.0
918d5c9d68cca3b14023f46115532d05,PV_data/Tomato___Tomato_mosaic_virus/67d62cc2-ac5e-4ad7-91a0-c097163df653___PSU_CG 2048.JPG,18,18,Tomato_mosaic_virus,Tomato_mosaic_virus,1.0
c2a1907e0f376d09da58d053822f683a,PV_data/Tomato___Tomato_mosaic_virus/71ed39c0-f601-4913-aaf0-7719b3cc75b2___PSU_CG 2152.JPG,18,18,Tomato_mosaic_virus,Tomato_mosaic_virus,0.9999994
f54001cb1c3827075fe726e3f733d1c3,PV_data/Tomato___Tomato_mosaic_virus/72124620-ccfa-40d7-a518-a0257def7afc___PSU_CG 2335.JPG,18,18,Tomato_mosaic_virus,Tomato_mosaic_virus,1.0
8227fa38df25cf2741e52447b75cb9e0,PV_data/Tomato___Tomato_mosaic_virus/739ccd84-1026-4871-8f5c-2320c205fe2e___PSU_CG 2399.JPG,18,18,Tomato_mosaic_virus,Tomato_mosaic_virus,0.999705
bf05ed557dad14231f6bf4c036f0f339,PV_data/Tomato___Tomato_mosaic_virus/78c968a3-8083-4924-b351-3f36569cf33a___PSU_CG 2214.JPG,18,18,Tomato_mosaic_virus,Tomato_mosaic_virus,0.9999989
f2b0d1e855edc79611c26f15cc64b6ab,PV_data/Tomato___Tomato_mosaic_virus/802d3f0c-8f4d-43ec-8bc9-c8bb43c2f8c2___PSU_CG 2354.JPG,18,18,Tomato_mosaic_virus,Tomato_mosaic_virus,0.999998
1a4c33aab40b30a3cc15d9d0d44b1751,PV_data/Tomato___Tomato_mosaic_virus/82a23930-4324-4d3e-b599-9861796f01db___PSU_CG 2366.JPG,18,18,Tomato_mosaic_virus,Tomato_mosaic_virus,0.9999453
4357843f8bab86717ef6606d81c2fbae,PV_data/Tomato___Tomato_mosaic_virus/86965ac5-b790-4218-a3c6-216d10da5211___PSU_CG 2066.JPG,18,18,Tomato_mosaic_virus,Tomato_mosaic_virus,0.9999988
541bc76163699d2b269febd98f4caf30,PV_data/Tomato___Tomato_mosaic_virus/8a01c89e-3a9f-465a-ac47-79cc99f5ffaa___PSU_CG 2329.JPG,18,18,Tomato_mosaic_virus,Tomato_mosaic_virus,0.99999976
d9229892719a30e102aa330026910d3e,PV_data/Tomato___Tomato_mosaic_virus/8e59061b-3802-4297-8724-a001efb95268___PSU_CG 2064.JPG,18,18,Tomato_mosaic_virus,Tomato_mosaic_virus,0.9999914
20adce6e35a7f3aa61d61b3630aced64,PV_data/Tomato___Tomato_mosaic_virus/94cfe1f8-8f00-48a1-abd2-6a4f8e2a4c55___PSU_CG 2077.JPG,18,18,Tomato_mosaic_virus,Tomato_mosaic_virus,0.9999311
a1e8d4abd1233d3a0da2fa7053372c2e,PV_data/Tomato___Tomato_mosaic_virus/9a3941e6-32bc-4417-862b-2f03e4040b65___PSU_CG 2159.JPG,18,18,Tomato_mosaic_virus,Tomato_mosaic_virus,1.0
3bff2695675bc33abd51949c00abdebd,PV_data/Tomato___Tomato_mosaic_virus/9a3a36e0-b0eb-4844-84f5-db08e2d9adef___PSU_CG 2300.JPG,18,18,Tomato_mosaic_virus,Tomato_mosaic_virus,0.99999475
86dda658749781cfe82678b17a67895b,PV_data/Tomato___Tomato_mosaic_virus/9c96bbe3-5599-4e31-996f-ae37d75872f5___PSU_CG 2215.JPG,18,18,Tomato_mosaic_virus,Tomato_mosaic_virus,0.9999999
baf518b836dac99dba7821f770390b69,PV_data/Tomato___Tomato_mosaic_virus/afd8bd61-a7fe-4ee1-8cf8-afa0c116d751___PSU_CG 2391.JPG,18,18,Tomato_mosaic_virus,Tomato_mosaic_virus,0.9999876
4f6a439ec033d54c6d1386802c0958ef,PV_data/Tomato___Tomato_mosaic_virus/c9bbf37c-d34f-41b7-9134-e3b81f4e739e___PSU_CG 2145.JPG,18,18,Tomato_mosaic_virus,Tomato_mosaic_virus,0.99996233
65f470654b16d300fc5f155136ef5ec1,PV_data/Tomato___Tomato_mosaic_virus/c9da2f9b-58f3-4715-8012-ee1fe722921f___PSU_CG 2199.JPG,18,18,Tomato_mosaic_virus,Tomato_mosaic_virus,0.9999995
aea1dbb3ef88fdb844397e3b5298ac65,PV_data/Tomato___Tomato_mosaic_virus/d636946f-b3da-4b36-aeb6-f602ef86a245___PSU_CG 2101.JPG,18,18,Tomato_mosaic_virus,Tomato_mosaic_virus,0.99897003
d56cbff8bb1f636382800a049110c8d6,PV_data/Tomato___Tomato_mosaic_virus/db6ecf05-d8bd-431f-86d7-d3f5403eab81___PSU_CG 2408.JPG,18,18,Tomato_mosaic_virus,Tomato_mosaic_virus,0.999995
6e641e67180bea5ff8f1c4a730836582,PV_data/Tomato___Tomato_mosaic_virus/db9e6f9e-2f4f-47dc-a576-287166ae6386___PSU_CG 2386.JPG,18,18,Tomato_mosaic_virus,Tomato_mosaic_virus,0.99995255
e4a21d9e8c2a4fbe2ec23f0d14af61b6,PV_data/Tomato___Tomato_mosaic_virus/e8c8a6a2-f3e4-4b4d-986b-76031a36abf4___PSU_CG 2371.JPG,18,18,Tomato_mosaic_virus,Tomato_mosaic_virus,0.9999871
e67c880c81aa93865edf2e46ba8d54b1,PV_data/Tomato___Tomato_mosaic_virus/eeeb214a-2f7d-4e91-991f-003a3a9508be___PSU_CG 2078.JPG,18,18,Tomato_mosaic_virus,Tomato_mosaic_virus,0.999577
28b869d50a57b776fbabd71ff6b0ffa6,PV_data/Tomato___Tomato_mosaic_virus/f5d2043f-a274-431f-accc-1a3e1a7df172___PSU_CG 2400.JPG,18,18,Tomato_mosaic_virus,Tomato_mosaic_virus,0.9716005
546d2f29fa2958b7837d1c3d6d133b1d,PV_data/Tomato___Tomato_mosaic_virus/f90809d6-8b8d-4a7d-81df-c0d708ed9bb4___PSU_CG 2176.JPG,18,18,Tomato_mosaic_virus,Tomato_mosaic_virus,0.9993725
667991899e0146d5cb785c401a75126b,PV_data/Tomato___healthy/03bc8804-bc25-4930-b9bf-35c35920dc3f___RS_HL 9940.JPG,19,19,healthy,healthy,0.9999982
4ae4e30c4e7722bd60ee0254836979eb,PV_data/Tomato___healthy/061bd6f1-8532-4bc8-977d-bc48ffab4ac3___RS_HL 0476.JPG,19,19,healthy,healthy,0.9999442
9ceebcf7136aa9148aeb6cce1344ddc4,PV_data/Tomato___healthy/06d90ad5-eb13-49aa-ae04-3a4a5454963d___RS_HL 0620.JPG,19,19,healthy,healthy,0.99998665
db9cef383304ac6c425c965d06cb8f06,PV_data/Tomato___healthy/07b44f68-fa0b-44b5-91cc-c6a7144fcc93___RS_HL 0357.JPG,19,19,healthy,healthy,0.9970529
17ee10ca9c55369aaa9a6a4dca1859c8,PV_data/Tomato___healthy/087e3b12-a80b-435f-8973-a3b07888f8b4___RS_HL 9847.JPG,19,19,healthy,healthy,0.9996668
0330fbcd58637e11ee71adad423cd079,PV_data/Tomato___healthy/0922314c-48ce-4a7b-a042-68fecb43a228___RS_HL 0260.JPG,19,19,healthy,healthy,0.9999974
1ecf383aa2c0f22d54858f0ba9f273a6,PV_data/Tomato___healthy/0971aa89-8f72-4f66-b4ee-dceca73add54___GH_HL Leaf 318.JPG,19,19,healthy,healthy,0.99995387
e542bf96c7379f6294254093e713b87a,PV_data/Tomato___healthy/0c4b06d5-4053-44fc-99b6-504934fdd3a9___GH_HL Leaf 199.1.JPG,19,19,healthy,healthy,0.99999774
de4f640524c5548eb2e38f5e6aa4c849,PV_data/Tomato___healthy/0d259481-e08d-459d-aa92-fe05e1524742___GH_HL Leaf 253.1.JPG,19,19,healthy,healthy,0.9999721
0af675ae70830c9e483c19e1df2cdadb,PV_data/Tomato___healthy/0f93b04b-73fc-4c5c-98d6-35842cafdd25___RS_HL 0278.JPG,19,19,healthy,healthy,0.9999957
0c04238627e1de80266951be068ec77a,PV_data/Tomato___healthy/1480b935-0081-4052-a7e8-09ef0040d9b5___GH_HL Leaf 338.JPG,19,19,healthy,healthy,0.99999976
a5fffeb23706f227081da8df0fc7eae3,PV_data/Tomato___healthy/1531dc0c-64d5-49f2-a78a-c7b39882a47a___RS_HL 9727.JPG,19,19,healthy,healthy,0.9999988
49bc43d71d2e8fe7831787bc2f93c03b,PV_data/Tomato___healthy/15cae3c8-6843-49d1-8da6-33bd014f05ce___GH_HL Leaf 169.JPG,19,19,healthy,healthy,0.99999595
db75131ce238de5051bbe2c05af0455a,PV_data/Tomato___healthy/164d5472-31c5-4145-b30a-93198436539d___RS_HL 0103.JPG,19,19,healthy,healthy,0.9999584
99df8def52576ed751218fb480a576b4,PV_data/Tomato___healthy/166b90f5-3bba-4aea-9bc4-212efb57a504___RS_HL 0377.JPG,19,19,healthy,healthy,0.9999378
eca1da02f6957293ab1cd94650387868,PV_data/Tomato___healthy/167247af-fd67-4b70-a72e-052dc5ea863b___GH_HL Leaf 388.1.JPG,19,19,healthy,healthy,0.99996126
1e4e5518edf333f3282255697ecc2a20,PV_data/Tomato___healthy/16ed4e23-5218-4e8b-85df-86a7069a675d___GH_HL Leaf 519.1.JPG,19,19,healthy,healthy,0.99134225
c7600f8a8ba69e009cb879e32e3ec6d8,PV_data/Tomato___healthy/170e86b9-f51d-49a6-a992-15e00c85ee5d___GH_HL Leaf 189.JPG,19,19,healthy,healthy,0.99999964
36f1fd1884f78ea080cd22a4ffc05267,PV_data/Tomato___healthy/1732045f-a451-4325-aa86-717a8cbdaf02___RS_HL 9698.JPG,19,19,healthy,healthy,0.99988234
221c8ee6f6fab3d31c9297a0a53c937c,PV_data/Tomato___healthy/190a6af7-d7b1-4265-b05b-c126a7962c93___GH_HL Leaf 408.JPG,19,19,healthy,healthy,0.99999285
421fc18c9f76365d9486937c3fa1b4bd,PV_data/Tomato___healthy/199f4f32-6e91-4031-b861-bac1abe3452a___RS_HL 9763.JPG,19,19,healthy,healthy,0.9999925
bddd3bf35bb9b74a9424c419bbc2795b,PV_data/Tomato___healthy/1a02fa87-a194-482e-b4ac-8dec2064d793___RS_HL 0022.JPG,19,19,healthy,healthy,0.9997802
7c1ff4c76c435332b0e0cacb68bbc7a9,PV_data/Tomato___healthy/1a0c4408-634e-4bd5-948d-e73ca5572976___RS_HL 0146.JPG,19,19,healthy,healthy,0.9999485
62f49dd4c211d4777380fa5b2f00fb0b,PV_data/Tomato___healthy/1a393116-cbd1-4e3f-acfc-563e96ae1e80___RS_HL 0268.JPG,19,19,healthy,healthy,0.9999825
0a8cdfb535bbe12f120146518f12401a,PV_data/Tomato___healthy/1a939012-5b9b-4dfa-aeda-ba97ec857903___GH_HL Leaf 278.JPG,19,19,healthy,healthy,0.99999976
dea33dde4c0656442b146dd5d6bd7f7d,PV_data/Tomato___healthy/1b6ac535-3a40-40c7-a626-d11181dfb5a4___GH_HL Leaf 304.JPG,19,19,healthy,healthy,0.9999975
e4625abb64ddba231f3b3c5daea3ee72,PV_data/Tomato___healthy/1d1017be-8cd6-4967-894b-1b9fb89d7d6e___RS_HL 0270.JPG,19,19,healthy,healthy,0.9999975
d7a9a80899c1b958aff29238bd9c89f1,PV_data/Tomato___healthy/1d10291e-a1ce-4309-b6a4-d034319e3875___GH_HL Leaf 251.1.JPG,19,19,healthy,healthy,0.99999833
ce4ac9d2ccfc49c1d2e7e26acf932eeb,PV_data/Tomato___healthy/1d46ec32-bf0a-4d44-a149-c6fc12920d57___RS_HL 0060.JPG,19,19,healthy,healthy,0.99992406
5f0bd0edac55f3ab9866632570e72143,PV_data/Tomato___healthy/225003c5-d8a1-48ce-b315-42df4b99c51a___RS_HL 0464.JPG,19,19,healthy,healthy,0.99945253
df87fd4170f83d5b33d5879c32ee95ef,PV_data/Tomato___healthy/23ffcd05-2b2a-48d2-a694-5c292e910b66___RS_HL 9842.JPG,19,19,healthy,healthy,0.9999596
2a1fa457e60670af0fc7b5a3a1756c4c,PV_data/Tomato___healthy/24336aa8-a0ad-404e-9669-3661d9920aec___GH_HL Leaf 435.1.JPG,19,19,healthy,healthy,0.9994305
8e5a614686777af33026750fe3573fa9,PV_data/Tomato___healthy/24b7c39d-53c6-4a71-8dc0-83dff1a877d0___RS_HL 0465.JPG,19,19,healthy,healthy,0.9999883
88ded568ad11fc97e7c8b47c031f3876,PV_data/Tomato___healthy/25cac927-fd33-4890-9948-8aa1e9a7af52___GH_HL Leaf 293.1.JPG,19,19,healthy,healthy,0.99932545
9c68287737fac60b8e678e02901ae164,PV_data/Tomato___healthy/271be296-4c0b-4817-a44b-cc9611d3f519___GH_HL Leaf 182.1.JPG,19,19,healthy,healthy,0.999959
682199d23caab283d97467e0b4035412,PV_data/Tomato___healthy/27bda660-1691-4763-a125-824f521587d9___RS_HL 0305.JPG,19,19,healthy,healthy,0.9998567
0c294d8d2462e2621965b9bc51f84fe7,PV_data/Tomato___healthy/28e62e2d-8aba-48df-9eff-3d70a5b7775d___RS_HL 9870.JPG,19,19,healthy,healthy,0.9999914
fd2b5ae899165133de4de3f18c75bd58,PV_data/Tomato___healthy/2996b910-fc94-43ef-99b3-efc0ae494872___RS_HL 0410.JPG,19,19,healthy,healthy,0.99999714
ee555aba3dc8a81f1e98268e6cc1517f,PV_data/Tomato___healthy/2a0d08cc-91b5-436b-abe4-31835c5f470b___RS_HL 0396.JPG,19,19,healthy,healthy,0.9999839
e556cd177ecaa7f79af35a361dafc792,PV_data/Tomato___healthy/2a99d5af-218f-4332-a8ce-505301abdbfe___RS_HL 9693.JPG,19,19,healthy,healthy,0.9999982
49d39e466a7abb53e07927414d3dbdc7,PV_data/Tomato___healthy/2bc7f6c3-7765-4ab0-926b-57fc918bfbf0___GH_HL Leaf 305.JPG,19,19,healthy,healthy,0.9999995
5c6ab45b43f074eab1dd976e51d5966a,PV_data/Tomato___healthy/2de3b39c-9fbd-4e94-b9e4-3f97dac9c34d___GH_HL Leaf 286.1.JPG,19,19,healthy,healthy,0.99903935
b36b7b68e6c216490fbf37cce2b3e5c3,PV_data/Tomato___healthy/2e0a7517-332f-4799-a083-5d393172909a___RS_HL 0612.JPG,19,19,healthy,healthy,0.9999995
8b28f031a9d4265e668202cf872ee685,PV_data/Tomato___healthy/2eb4a2fa-d41e-47f1-9e3f-e49035c5b24a___RS_HL 9995.JPG,19,19,healthy,healthy,0.9995142
1a275b214f328f21b15d441da8c8ae6a,PV_data/Tomato___healthy/31e077d4-97f5-4e4c-8b76-e2ccbf52ed2d___RS_HL 0460.JPG,19,19,healthy,healthy,0.9999995
8f15803cbf7e4497bf0d80dcc6532cdb,PV_data/Tomato___healthy/31e58e07-386c-4915-aa37-8ce39ee29ce9___RS_HL 9949.JPG,19,19,healthy,healthy,0.99998975
d437726adfbec7202f644306c0a8475f,PV_data/Tomato___healthy/3247a6d7-a473-414f-af51-2d8de917ee82___RS_HL 9622.JPG,19,19,healthy,healthy,0.9933854
27b6b1985c16ba5f66fe65653557b717,PV_data/Tomato___healthy/3367a9a6-6841-45db-bfa9-9b7b9fed0fa2___GH_HL Leaf 421.1.JPG,19,19,healthy,healthy,0.9999622
477f30ee809d253491cfb9ea71c426ae,PV_data/Tomato___healthy/3483a0b2-f04c-429f-a10e-f7f33ba5be6e___RS_HL 0439.JPG,19,19,healthy,healthy,0.9992716
b5b2d8fb89586f82556dccdf8b774524,PV_data/Tomato___healthy/388c05b0-964f-40e1-9319-2466a4021311___GH_HL Leaf 479.4.JPG,19,19,healthy,healthy,0.99995613
c76b83fede30cc1835daaefa9d235ccd,PV_data/Tomato___healthy/39b1d9c6-7a13-426f-9154-563e6a8d0438___RS_HL 0563.JPG,19,19,healthy,healthy,0.9985495
dc9fbdc70229150c1d2451afc10830ba,PV_data/Tomato___healthy/3b05e678-aa3c-47c6-9ebd-0650efd82b16___GH_HL Leaf 399.JPG,19,19,healthy,healthy,0.9999838
3706b904ec8f7c59c955b517fba7ea8a,PV_data/Tomato___healthy/3b97d56b-a10d-4518-a332-a16f58238d6c___RS_HL 0240.JPG,19,19,healthy,healthy,0.99998236
05e79c59877cf2005c578f5277bb4b5d,PV_data/Tomato___healthy/3be50742-0fe9-404a-809e-9597793748a8___GH_HL Leaf 191.JPG,19,19,healthy,healthy,0.9999999
693bc215308273c00469d9cc41b1b085,PV_data/Tomato___healthy/3e4f86b3-55d1-4efc-bd8a-f13af318b181___GH_HL Leaf 492.JPG,19,19,healthy,healthy,0.9998646
53aa1e131c76b57e798c26cd7cf0c06f,PV_data/Tomato___healthy/3f12b950-bfdc-4670-adad-b32588dde9a3___RS_HL 9666.JPG,19,19,healthy,healthy,0.99998665
2e0064a4641ba52abb21227e18eeb78a,PV_data/Tomato___healthy/3f1ce663-3715-4220-bbce-93bcc9f0c478___GH_HL Leaf 311.JPG,19,19,healthy,healthy,0.9999907
d44202e97b70608ad5c4bc69809be56b,PV_data/Tomato___healthy/409c349a-7738-41fc-8a3a-844cd33cfcae___RS_HL 9825.JPG,19,19,healthy,healthy,0.99890506
d901aa0af04a68d4332736a0c838ef83,PV_data/Tomato___healthy/436f658c-5e47-4d2b-9a8e-2509c6d88ad1___GH_HL Leaf 376.JPG,19,19,healthy,healthy,0.99999607
094b188e91d70c450486cf4131f1e741,PV_data/Tomato___healthy/43851153-bb56-46c3-b61c-b4e84baf0516___RS_HL 9935.JPG,19,19,healthy,healthy,0.99992645
180cdf8acfec7cc90d605b13f0e04e2e,PV_data/Tomato___healthy/43c4b555-4bc4-470f-9150-ef0a7b515e00___RS_HL 9702.JPG,19,19,healthy,healthy,0.9998183
703ec20c1067c14abd61dd59ed41b8d4,PV_data/Tomato___healthy/45fc3f1c-6ccc-4ffd-a0a9-f53cbe4e71a1___GH_HL Leaf 206.1.JPG,19,19,healthy,healthy,0.99999833
686c32c4552175f00242872f5836bd16,PV_data/Tomato___healthy/460909e5-dd8c-48f9-9a06-6daa2b3d0529___RS_HL 0341.JPG,19,19,healthy,healthy,0.9996375
4126e636a9daeb41bcfd2db6c294436f,PV_data/Tomato___healthy/4758f78c-2d77-4f22-aee8-914c0745edcf___RS_HL 0434.JPG,19,19,healthy,healthy,0.99925333
1cd53385274b4eb71f96637039e66287,PV_data/Tomato___healthy/476e6aa3-ad1e-4f86-abea-c37dfb3f8df9___RS_HL 0522.JPG,19,19,healthy,healthy,0.99986625
13fe78b40e01e2de6753844d2bda61e7,PV_data/Tomato___healthy/47a9bf22-281f-49d6-a03a-97be4983fc68___RS_HL 0604.JPG,19,19,healthy,healthy,0.9999975
e3b7168e7520083ee0392dcf188c65b2,PV_data/Tomato___healthy/47b93075-4991-4f6a-8510-5fe75a73567f___RS_HL 9719.JPG,19,19,healthy,healthy,0.99998116
73e932bfaad9108391dfc56b0ba39b5f,PV_data/Tomato___healthy/4806eef9-06a4-4da8-9327-939641fbb260___RS_HL 9692.JPG,19,19,healthy,healthy,0.99998844
0d1d6ca659836a1d97dc24b5757132dc,PV_data/Tomato___healthy/4b7deb4f-5bce-4915-ba64-7e75c66624c2___RS_HL 0153.JPG,19,19,healthy,healthy,0.9999927
cce9fb58af6fca783d324ddb1269e84a,PV_data/Tomato___healthy/4b8bc1e8-30e5-41ef-871e-0661d521418d___RS_HL 0445.JPG,19,19,healthy,healthy,0.99293584
080d902df5f6273e0d2348b86fc57c17,PV_data/Tomato___healthy/4ce6844e-2a92-47aa-9115-0eb1a9a0611c___GH_HL Leaf 464.1.JPG,19,19,healthy,healthy,0.99999857
b4fd8bc3c942309013efc67f8959419b,PV_data/Tomato___healthy/4d374048-0e08-4a09-ae57-e83f8e64082b___RS_HL 0564.JPG,19,19,healthy,healthy,0.99816245
7e5a8e389fffdc88a8f1ce1876e623e6,PV_data/Tomato___healthy/4e3f33a1-04a8-4d15-b36c-f757800f766f___RS_HL 0556.JPG,19,19,healthy,healthy,0.99999607
051576a14299a8a969ef73700f0042aa,PV_data/Tomato___healthy/4e690960-f6bb-43f6-b2e7-6ff3aaf81452___RS_HL 9823.JPG,19,19,healthy,healthy,0.99928236
e67d266a433b2a9c7550195e80611eb2,PV_data/Tomato___healthy/4ff86e18-434e-4d1d-819c-c40c908e064a___RS_HL 0273.JPG,19,19,healthy,healthy,0.9999964
90dd5d2ba52a9c8c8b878a1884f7929e,PV_data/Tomato___healthy/502bbd0a-8c84-4723-8e16-446655d5563d___RS_HL 0423.JPG,19,19,healthy,healthy,0.9471174
6c4a53dec43084cd4a8724773bc1ee12,PV_data/Tomato___healthy/509601a4-652c-4666-bb90-44e4a6d98062___RS_HL 9764.JPG,19,19,healthy,healthy,0.9999938
7842bb3e723272e23759d87d3e042449,PV_data/Tomato___healthy/50a1376a-3a56-40b5-9f95-614689509505___GH_HL Leaf 413.JPG,19,19,healthy,healthy,0.9999995
e8a7113cfeace8ef1ecb15f2018834a2,PV_data/Tomato___healthy/5216e02b-891f-4b00-9768-73f13e6d8ebf___GH_HL Leaf 433.1.JPG,19,19,healthy,healthy,0.9999716
2582230a3b98a30ae813e2459f670dea,PV_data/Tomato___healthy/53471454-9f9a-4182-91a3-c2c6c1268c56___RS_HL 0209.JPG,19,19,healthy,healthy,0.9999993
11743990a6e7378563a233302b67152f,PV_data/Tomato___healthy/5418b9ca-804d-4219-8272-805c0d78c28b___GH_HL Leaf 404.1.JPG,19,19,healthy,healthy,0.9999994
1d788515c51921302f5fc2d260648406,PV_data/Tomato___healthy/54bb7e75-5b69-4777-ad28-6a676e5fd46d___RS_HL 9631.JPG,19,19,healthy,healthy,0.99999297
cfd8115c6577188277ee614f963a0adf,PV_data/Tomato___healthy/5546f7a3-67af-432a-9a09-35f02e6cc741___GH_HL Leaf 216.JPG,19,19,healthy,healthy,1.0
5d7af2e08ba3a931d1a304eb08a08f1c,PV_data/Tomato___healthy/56a12dcc-cd88-47c3-97b2-8c3a33f7dba2___GH_HL Leaf 370.JPG,19,19,healthy,healthy,0.9999989
d412dbbcba67fd3afbe9816a64ca2171,PV_data/Tomato___healthy/579cec1c-8304-4b8c-84bb-be54a7e8c93f___GH_HL Leaf 367.JPG,19,19,healthy,healthy,0.9999976
0ee136b3e33ded005bf48f06acd1c252,PV_data/Tomato___healthy/5b2457f5-96d5-4bcd-8025-dc55e666f660___RS_HL 0605.JPG,19,19,healthy,healthy,0.99998856
d6a63cbbdaf98edd9b961c772775c0df,PV_data/Tomato___healthy/5c057128-2d09-4757-8e44-520fb30f2b60___RS_HL 0525.JPG,19,19,healthy,healthy,0.7668243
d885006cdb14b459942fd0e4e20c29d2,PV_data/Tomato___healthy/5df79085-2c00-41d6-ac0f-33a831a16d89___RS_HL 9634.JPG,19,19,healthy,healthy,0.9999976
38a68c5e655f13c8aa8bc9d198c0dcc5,PV_data/Tomato___healthy/5f887895-963a-4a96-8962-5af383dbe29a___GH_HL Leaf 425.1.JPG,19,19,healthy,healthy,0.9999944
f6e5a1ea46607fc6537db467a61f921d,PV_data/Tomato___healthy/6193b998-c9ab-46fc-9ca9-249efceb9220___RS_HL 0642.JPG,19,19,healthy,healthy,0.9999964
3c2a85437d6979ac65416f8663f23197,PV_data/Tomato___healthy/6200ddc6-ea83-42e0-9936-4f82cfa14a1f___RS_HL 9976.JPG,19,19,healthy,healthy,0.9999989
3af6d2648a6c2d9dd63eb7f9c9e5bb1f,PV_data/Tomato___healthy/6246e722-c34f-46cf-b670-0f403456cea1___RS_HL 9969.JPG,19,19,healthy,healthy,0.9999715
fea6f91f3856341a390e527c4b11498f,PV_data/Tomato___healthy/63612a6e-c1f1-4ae1-9741-52c28b264dfa___GH_HL Leaf 464.JPG,19,19,healthy,healthy,0.99999976
8ab08ad0a309c43abf68699a7a1cddf5,PV_data/Tomato___healthy/64796c19-d026-48ed-b433-0be64b859a7c___RS_HL 9892.JPG,19,19,healthy,healthy,0.9999968
cc8670c639a7b1a4390211450517af7c,PV_data/Tomato___healthy/6555b55c-78bc-4391-88ed-65b596fc7e76___GH_HL Leaf 441.JPG,19,19,healthy,healthy,0.9999937
322ae662b67e924fac472ca3ca2cb5d0,PV_data/Tomato___healthy/65d89a16-45b5-4ce7-9dad-f702c4b14e95___RS_HL 9896.JPG,19,19,healthy,healthy,0.99999976
d5ef4ceb82ce8838f0811ceb5e8037ff,PV_data/Tomato___healthy/668e811e-7b65-404e-9bc5-6519efb1c708___RS_HL 0160.JPG,19,19,healthy,healthy,0.9984523
3a7436679e8494e96ca9659f115afe2e,PV_data/Tomato___healthy/676eaef6-b16c-4f13-a39d-86c22f64da83___GH_HL Leaf 356.JPG,19,19,healthy,healthy,0.9999975
d6343d87d60acb27276f8f974701f874,PV_data/Tomato___healthy/679fc520-5ef8-499f-9d88-a963325bee3f___RS_HL 0571.JPG,19,19,healthy,healthy,0.99779785
f4cda7636b93b5e167566f4fd805ab6b,PV_data/Tomato___healthy/67fb6b30-9542-4606-9438-da3e96b6a2d7___GH_HL Leaf 213.2.JPG,19,19,healthy,healthy,0.9999715
fa7859a2c12cf14aad4619968a619f03,PV_data/Tomato___healthy/6900666d-da67-433d-a8bd-5a131c7ea4a9___GH_HL Leaf 467.JPG,19,19,healthy,healthy,0.99999785
00cd2992249a3ba268ae031454ca7152,PV_data/Tomato___healthy/6aed746b-e45b-40d6-addb-71bdd0456618___RS_HL 0638.JPG,19,19,healthy,healthy,0.9999237
5bf20becc8b57985081080166689a11b,PV_data/Tomato___healthy/6b9b1ad6-3e75-4378-ad97-7dc9b8fa084e___GH_HL Leaf 179.1.JPG,19,19,healthy,healthy,0.999853
d9ebec76ff480662e8e06c041d8cea64,PV_data/Tomato___healthy/6c125a79-9b14-4a91-8f03-342910c7fe57___GH_HL Leaf 433.JPG,19,19,healthy,healthy,0.9999968
6b8ee2ced35493bf0196ea111ca6a8c5,PV_data/Tomato___healthy/6c46af84-675e-4e35-8309-169c20ae8b62___RS_HL 0383.JPG,19,19,healthy,healthy,0.9999846
da21350d8895a9ddb8b4b6f794662b4b,PV_data/Tomato___healthy/6ca96968-d8cd-4849-a0d5-0784e585d768___RS_HL 0302.JPG,19,19,healthy,healthy,0.99999964
823472dbe214eea0d4f968340ab21032,PV_data/Tomato___healthy/70e2244d-152b-4dc7-b002-5991e1a195db___RS_HL 9948.JPG,19,19,healthy,healthy,0.99997675
ae470374debba682a567ac9bc60d6dc6,PV_data/Tomato___healthy/70f76975-801c-48f4-b757-c8b2d834a0ec___RS_HL 9738.JPG,19,19,healthy,healthy,0.997983
c344bb13fb99cfd59858c0280e90e458,PV_data/Tomato___healthy/7141e8d1-1554-4030-85dc-be5e984eb6ef___GH_HL Leaf 471.JPG,19,19,healthy,healthy,0.999997
5699f71c0c7df1debd20fcb74193aa7d,PV_data/Tomato___healthy/73cc02ea-96ad-4e02-8240-b599cf1e0384___RS_HL 9839.JPG,19,19,healthy,healthy,0.9999988
0e43d4397eb5f110295b0ee12877174d,PV_data/Tomato___healthy/741595d0-322d-4711-9005-b1e39b9567c1___RS_HL 0491.JPG,19,19,healthy,healthy,0.99760485
06b5524be3e39c1491e216dbcc32a1e4,PV_data/Tomato___healthy/74463e4f-524e-4dad-a936-b167d6846bcf___RS_HL 9971.JPG,19,19,healthy,healthy,0.9999231
1f2f598a9e5d4c95418e6f645957722d,PV_data/Tomato___healthy/757dc01f-63b5-47aa-b15d-37cbb3f8e76c___GH_HL Leaf 184.1.JPG,19,19,healthy,healthy,0.9999896
987803ee074f77d1a93d901b083a8f5c,PV_data/Tomato___healthy/76284899-9c5e-44bf-a160-02649418ec49___RS_HL 0077.JPG,19,19,healthy,healthy,0.9974498
7d18517e8b3fba8e68a1d9e27ef9f061,PV_data/Tomato___healthy/768d54a3-cb87-4633-9529-ad39b6f6078e___RS_HL 9864.JPG,19,19,healthy,healthy,0.99997485
76cd4fedd90b91e8a3ef65eb98f4cd5b,PV_data/Tomato___healthy/7864a688-3ee0-4ddc-83e8-6edb177dd6bf___GH_HL Leaf 193.1.JPG,19,19,healthy,healthy,0.9999685
60b558476dba5227333723ceca79379a,PV_data/Tomato___healthy/7890f4dc-0c55-454b-ab23-3b25d3d973c4___GH_HL Leaf 366.1.JPG,19,19,healthy,healthy,0.9999976
8dc19c85fcdb88354edc2035c1882a3f,PV_data/Tomato___healthy/79debbff-9c0f-4a5c-a4c7-4b2bc97406dc___RS_HL 0244.JPG,19,19,healthy,healthy,0.9855592
13a68e8d62174c7159d4205d5d1180a1,PV_data/Tomato___healthy/7a73a7f9-27e3-4898-be48-97ddcaa094a4___GH_HL Leaf 381.JPG,19,19,healthy,healthy,0.9999999
3a332b34effef190d7931a4ae5739782,PV_data/Tomato___healthy/7b93db88-7c70-444a-9096-1812426217f7___RS_HL 0167.JPG,19,19,healthy,healthy,0.999556
52cc7cc1a46c3247926cd0adabb7909f,PV_data/Tomato___healthy/7b953f3c-719f-4b0e-b62d-2c651eac6c18___RS_HL 0635.JPG,19,19,healthy,healthy,0.9961687
6e545fea81393aee11efdd0c3a217719,PV_data/Tomato___healthy/7c2aba18-254c-4e86-86ee-196a5a092324___RS_HL 0395.JPG,19,19,healthy,healthy,0.9999958
d29f2015a61788e99a113b0a883033e5,PV_data/Tomato___healthy/7de93009-6180-4027-8779-76947cda3e2f___2700323949_95aa2eaa01_o.jpg,19,17,healthy,Tomato_Yellow_Leaf_Curl_Virus,0.4397103
80f0aae2ff717d63832330e42f5956ac,PV_data/Tomato___healthy/7e0f5a39-e44e-40fe-8486-f369cb59895b___RS_HL 9790.JPG,19,19,healthy,healthy,0.9984384
965b1ea6f58a4704a2b0571f6eb8b668,PV_data/Tomato___healthy/7ee078a8-218e-4ebf-8935-ec9f844ab744___GH_HL Leaf 212.9.JPG,19,19,healthy,healthy,0.9999999
ab61335cf86c807e12b7dc1ea35e1431,PV_data/Tomato___healthy/7f58b2c9-3a62-402f-80d8-4a9aef9203ea___GH_HL Leaf 411.1.JPG,19,19,healthy,healthy,0.99999845
c37fccb0c176e1d38ed60266558dffc0,PV_data/Tomato___healthy/8140c767-937d-450c-8070-2936aeb73834___GH_HL Leaf 439.1.JPG,19,19,healthy,healthy,0.99998224
bf0de2a4aceada8e300cd1e794e20c15,PV_data/Tomato___healthy/83917dc9-aad9-4362-840e-24daab278519___RS_HL 0354.JPG,19,19,healthy,healthy,0.999951
454f579fa76fb58dd59fbb0e27a02f82,PV_data/Tomato___healthy/846276ae-4ccd-45ba-9a46-f913d04a9456___RS_HL 0012.JPG,19,19,healthy,healthy,0.9931229
8f405d50d0c452555b5440d2bdfece05,PV_data/Tomato___healthy/84c43d92-9e49-4ce6-b094-5df767b2b0df___RS_HL 0365.JPG,19,19,healthy,healthy,0.9993605
0b77742a91957496ee4ad2afd1407cb0,PV_data/Tomato___healthy/86a7487a-e9a1-413c-b8ad-6dfacf9c0b2a___GH_HL Leaf 413.1.JPG,19,19,healthy,healthy,0.999966
a04b2598e0aa2259929de0174678ad4f,PV_data/Tomato___healthy/876e3a03-14fb-4a13-888b-02b2d9fa8e86___RS_HL 0313.JPG,19,19,healthy,healthy,0.9996662
19ab84a593fa4f9c95f562cffa2d80ab,PV_data/Tomato___healthy/878c1a99-3224-4b99-87e5-2a2c497909ca___GH_HL Leaf 274.JPG,19,19,healthy,healthy,0.9998143
30115fc4c66f4b57152145ff27c2c67f,PV_data/Tomato___healthy/879b48e5-11f8-4989-8226-08af79bd6eb1___RS_HL 0453.JPG,19,19,healthy,healthy,0.99929726
05f7d08c1b4a4872a7b299383927866d,PV_data/Tomato___healthy/87d30769-5aea-4648-8105-788267115242___GH_HL Leaf 414.1.JPG,19,19,healthy,healthy,0.99998295
94ba439b2c7ada722d381888a15ee722,PV_data/Tomato___healthy/883b7c13-7aef-4ae9-bd70-065a16226e9d___GH_HL Leaf 170.1.JPG,19,19,healthy,healthy,0.99835074
c8acf6f9e9243445cf5dc7b08b5a1ea9,PV_data/Tomato___healthy/89d1eade-c42d-410d-a9c3-d37ad7bb60c6___RS_HL 9679.JPG,19,19,healthy,healthy,0.999998
cfe6900f7d2bfe104acf1e50c0f9a130,PV_data/Tomato___healthy/89ecd925-23ef-4bfe-8c55-cad05161aca2___GH_HL Leaf 236.1.JPG,19,19,healthy,healthy,0.9999957
4d7746df48bae4953f552a673329786a,PV_data/Tomato___healthy/8a4cf703-385a-4c50-9ce2-a751ae6334e1___RS_HL 9963.JPG,19,19,healthy,healthy,0.99998367
dc73df66f7a22fd138b516e613f62a05,PV_data/Tomato___healthy/8c4ce164-9f46-4426-aff9-137acdc42c19___RS_HL 0424.JPG,19,19,healthy,healthy,0.99996257
a50cb7e60685723829af30af5003aa5a,PV_data/Tomato___healthy/8c4cf935-765a-4689-a093-08e8c64fb124___GH_HL Leaf 369.JPG,19,19,healthy,healthy,0.99999774
75a59e5047310ddd37c23161cc2db638,PV_data/Tomato___healthy/8d4a3b2d-bcef-4861-a0a0-c3cb0a1990ce___GH_HL Leaf 204.JPG,19,19,healthy,healthy,0.999995
9abf758d5c92f49b67f8190d28f05573,PV_data/Tomato___healthy/8d78a34f-1777-4bd8-a925-795c57c11787___GH_HL Leaf 429.1.JPG,19,19,healthy,healthy,0.9997347
df4a8d785662e6c0fa2b533cddffe5eb,PV_data/Tomato___healthy/8e4af6b9-0f8a-48ad-ade6-4e1fff6d4bbf___RS_HL 0606.JPG,19,19,healthy,healthy,0.9999397
4f52be26235cf52db1611f3dc339176c,PV_data/Tomato___healthy/8e6025ac-c6d3-412a-9fec-946247f6ca08___GH_HL Leaf 461.3.JPG,19,19,healthy,healthy,0.9999962
34c1f74e4734eb0daf19dc32f2152eee,PV_data/Tomato___healthy/8eb8512f-fbbe-4415-832a-52e58e3cde9e___RS_HL 0003.JPG,19,19,healthy,healthy,0.9999325
bc5ce9e65efc1bcc39acae36da5c4a16,PV_data/Tomato___healthy/902d49e5-febf-4970-b0fb-99a57e8e284b___GH_HL Leaf 179.JPG,19,19,healthy,healthy,0.9999373
665ed33d4c4f78d3ae20ccee257cf608,PV_data/Tomato___healthy/90af034e-dedd-4edf-afb7-9449c4508535___RS_HL 9675.JPG,19,19,healthy,healthy,0.9999865
455c4b6765078cfddd4cd1f84afc7a64,PV_data/Tomato___healthy/92482fe8-95b5-48b9-b32e-eadc3ab6ac59___RS_HL 9901.JPG,19,19,healthy,healthy,0.9998758
5624e7a9af0e2039dd6bf43e958651b3,PV_data/Tomato___healthy/93807606-0aed-435b-adb2-cf303a7d586e___RS_HL 0135.JPG,19,19,healthy,healthy,0.9553467
6b106d24c247a4d71fe1b20c2bdfb77b,PV_data/Tomato___healthy/93d00575-64fc-4cb6-93c1-91be73a0b90c___GH_HL Leaf 313.1.JPG,19,19,healthy,healthy,0.9998306
8151976f5b33c064d343cfd82e12c4d2,PV_data/Tomato___healthy/95706580-86d7-49c2-be2e-66f19331c731___GH_HL Leaf 335.JPG,19,19,healthy,healthy,0.99999785
2cab5f9e6199130b1de594789d73e392,PV_data/Tomato___healthy/9662364c-aaba-45e3-b907-10792d60578c___GH_HL Leaf 220.JPG,19,19,healthy,healthy,0.9999466
00fc1f18a941ae857a5897d014fafe22,PV_data/Tomato___healthy/973c9431-f521-462d-82fa-442196087ca8___GH_HL Leaf 204.1.JPG,19,19,healthy,healthy,0.9999993
e4b99f531ac1c6d241c32d2d234f86a0,PV_data/Tomato___healthy/977bcf65-3e68-4be3-bb8a-4a860a6fef9d___RS_HL 9986.JPG,19,19,healthy,healthy,0.99916655
2df800e262b296cf01a63347ba2aa86e,PV_data/Tomato___healthy/9b668abb-fc96-412e-948f-442af45ec580___RS_HL 9972.JPG,19,19,healthy,healthy,0.9999832
1fe40d83f98af6c3db57edd674fb21ee,PV_data/Tomato___healthy/9c3ad610-7677-4f3c-9646-88069e0c61cb___GH_HL Leaf 449.2.JPG,19,19,healthy,healthy,0.9999536
b5a15dfa0a61eb0b1aca46b51ff6bcad,PV_data/Tomato___healthy/9dfa9d89-0a19-4e22-81c1-07c54a21f982___RS_HL 9768.JPG,19,19,healthy,healthy,0.9999429
2b195dcc5259ef45db0b3db846ac21e9,PV_data/Tomato___healthy/9fb8872e-e963-4d2c-9b16-62757705ca3f___RS_HL 0130.JPG,19,19,healthy,healthy,0.9999243
f7c7602858a55af1e7c734a521ca74d4,PV_data/Tomato___healthy/a0e83b60-008d-40b1-b0f4-c3c2e02d8eb3___RS_HL 0092.JPG,19,19,healthy,healthy,0.99992204
7c9928111fad26e4eb1cabcbca48095b,PV_data/Tomato___healthy/a1238cae-087e-42de-824b-35a967fe43a6___RS_HL 0624.JPG,19,19,healthy,healthy,0.97285855
2d56ed6b0ad0a439937c3848400327f3,PV_data/Tomato___healthy/a4dea30d-6551-4107-bba6-1390e74b6b0b___GH_HL Leaf 261.1.JPG,19,19,healthy,healthy,0.99998295
efb0071683782a7ab1b131339096b44c,PV_data/Tomato___healthy/a54804c7-1bc2-439a-a09f-3d1a6ce81856___GH_HL Leaf 309.1.JPG,19,19,healthy,healthy,0.9999974
ff39363a65f52753969f8905f9b13eec,PV_data/Tomato___healthy/a5a6aa27-9a67-486e-853d-50ccdd1d8c21___RS_HL 0170.JPG,19,19,healthy,healthy,0.99996746
a4a6ecc75f60f1f39b1c0d5c7fafa9db,PV_data/Tomato___healthy/a5e54e01-2cd5-482a-bfba-8728ca32473c___GH_HL Leaf 426.JPG,19,19,healthy,healthy,1.0
e6f909578bbc263aab2dea9f8179a68a,PV_data/Tomato___healthy/a7c3088b-6aeb-4e8c-97dd-4661a4cacc38___GH_HL Leaf 186.JPG,19,19,healthy,healthy,0.9999994
98c01d06ae3c8814c2c9a67adc637b24,PV_data/Tomato___healthy/aadb9f92-d885-4a69-a498-437b1edeab90___RS_HL 9959.JPG,19,19,healthy,healthy,0.9999969
be50219858c8f7096b7359c5ca0233d4,PV_data/Tomato___healthy/ab43ead0-0a4c-4069-8c29-43310eb145e1___GH_HL Leaf 419.JPG,19,19,healthy,healthy,0.99992585
bbe6a25355f4cbb17ff6ae3e1368d72d,PV_data/Tomato___healthy/acf28842-7821-4f31-ab73-2787e332e852___RS_HL 0011.JPG,19,19,healthy,healthy,0.9999424
d3bbf700f673c5ac97b79e419fa0974a,PV_data/Tomato___healthy/ad6857d9-7cf0-42ec-b61b-7b5208863831___RS_HL 0320.JPG,19,19,healthy,healthy,0.99476457
e8b05d6eb52537ad4f2ff72bbd56345f,PV_data/Tomato___healthy/b1e628a8-b250-4ee7-9d3f-60f93a6a556b___RS_HL 0148.JPG,19,19,healthy,healthy,0.99999774
70dd2a4b1f6415c5b018bdc2d120a0bb,PV_data/Tomato___healthy/b3e24070-34b9-4dcb-8c84-026affadfb4b___GH_HL Leaf 360.JPG,19,19,healthy,healthy,0.999961
cb12c8c5ba7d308dae207c5956c99e0d,PV_data/Tomato___healthy/b427ec05-0b9a-45c6-8148-cbddad66e99d___GH_HL Leaf 516.3.JPG,19,19,healthy,healthy,0.99932307
1c1d06f3cc887272c0d90a0bf2cadb9b,PV_data/Tomato___healthy/b4a854a1-cd40-4bac-b377-97fc49b8314c___RS_HL 9628.JPG,19,19,healthy,healthy,0.9999292
424319831ca3e96fe78d9824d0d6fd89,PV_data/Tomato___healthy/b5631e3d-6e99-41f0-a36f-fe45e352278b___RS_HL 9835.JPG,19,19,healthy,healthy,0.99967784
80ce9538dc4b4594fde75903e7833afc,PV_data/Tomato___healthy/b65ccffe-a2fc-44d1-b56f-c8e97db5232e___RS_HL 0120.JPG,19,19,healthy,healthy,0.9977319
623e912c775c50edb8127ff633722e66,PV_data/Tomato___healthy/b7e6f4d6-faa0-49a7-a977-53ddcaaa721e___RS_HL 0186.JPG,19,19,healthy,healthy,0.9996906
302933c16d434aefe449dc6b50a3a29a,PV_data/Tomato___healthy/b842ca3c-1910-4ff3-8691-c7759830651a___RS_HL 9784.JPG,19,19,healthy,healthy,0.99999535
82bab7a0506d9e07f052f773b1aecd99,PV_data/Tomato___healthy/b912741f-b778-4e29-98d0-eb33de28c180___RS_HL 9656.JPG,19,19,healthy,healthy,0.9999994
5d687ea9cbadd130effd5aa94a5295b4,PV_data/Tomato___healthy/b92d2f0f-ba99-44bd-be14-a5ad7763543f___RS_HL 9953.JPG,19,19,healthy,healthy,0.9999975
3c03e02682b9f696f494c1bf14e248a2,PV_data/Tomato___healthy/bad3b814-de59-4c37-8f47-00ed153f7e4f___RS_HL 0214.JPG,19,19,healthy,healthy,0.9999746
eb576daf692b87ffda30f2355a441abd,PV_data/Tomato___healthy/bb06c1c7-3f4d-45d0-8882-b2eb8861b834___GH_HL Leaf 372.JPG,19,19,healthy,healthy,0.9999988
a4290ff13a8557ae88eb11c0c046d243,PV_data/Tomato___healthy/bb0d7ad0-8374-41a1-85bd-699892bb8431___RS_HL 0176.JPG,19,19,healthy,healthy,0.9957971
f54c1b14eeb7a2ced5484fd80df10b54,PV_data/Tomato___healthy/bc3ca9e1-86c1-4945-9993-c61a38a942ed___GH_HL Leaf 294.JPG,19,19,healthy,healthy,0.9999994
00093fe0f8094f89a31131a162269553,PV_data/Tomato___healthy/bd7ec723-4020-4d73-96b4-8c57c94e93fe___GH_HL Leaf 382.2.JPG,19,19,healthy,healthy,0.99999905
b58ee60cb9048c974b7bc7ccdb0cb42b,PV_data/Tomato___healthy/c09f9b09-e43d-46bd-96d7-bb1162b4bb52___RS_HL 9644.JPG,19,19,healthy,healthy,0.9999856
35cf776f3868245b0aa6e03e1eac209c,PV_data/Tomato___healthy/c0a9b97c-c80c-4801-a877-7fb009601ddb___RS_HL 0346.JPG,19,19,healthy,healthy,0.9995466
a4f810c479cfb35c68674dad0c5eadc1,PV_data/Tomato___healthy/c11a3cf1-de74-421e-89d0-11ea1508673d___RS_HL 0185.JPG,19,19,healthy,healthy,0.99979734
6a6ca8bec31ceafa558e63c951da5ede,PV_data/Tomato___healthy/c1413079-dfb4-41c5-b129-bc5b6b419e0e___RS_HL 0133.JPG,19,19,healthy,healthy,0.99999726
d53d606d822a54a9357d55676b7cb702,PV_data/Tomato___healthy/c1fe17e6-7776-4f80-a048-6095504dd0cf___RS_HL 9690.JPG,19,19,healthy,healthy,0.9999993
2dce72163989300ac3eace5d9711230f,PV_data/Tomato___healthy/c25ca040-07f4-4882-b5c9-e8083ba994a2___GH_HL Leaf 417.1.JPG,19,19,healthy,healthy,0.9999925
458837b69fb1bfa8e11af820afa27bc6,PV_data/Tomato___healthy/c4237d59-bfd9-476a-93c1-c0c3c3fef4ef___RS_HL 0068.JPG,19,19,healthy,healthy,0.99998856
db65e91765d151888972767a60033723,PV_data/Tomato___healthy/c458d9e4-15b1-41f4-a93b-020d915afd0c___RS_HL 9884.JPG,19,19,healthy,healthy,0.9999994
05ecabc93ce8fb307d8491153a8a571f,PV_data/Tomato___healthy/c59a5a86-2645-49e0-a6e0-c9e8112f95d5___GH_HL Leaf 166.1.JPG,19,19,healthy,healthy,0.98150927
687b9bf53184de562e6ab6a333fe2f20,PV_data/Tomato___healthy/c60749f0-0791-49ad-a144-503d5e968746___RS_HL 0483.JPG,19,19,healthy,healthy,0.9997621
9005844e74c19cf65cf1bd80114017e5,PV_data/Tomato___healthy/c6acee22-6c56-41a8-ae90-26c6064e0261___GH_HL Leaf 468.JPG,19,19,healthy,healthy,0.99999666
ab1d970e96c205e71cee8989910c4b22,PV_data/Tomato___healthy/c7cedd2f-dfae-4232-9cab-d75197d48948___GH_HL Leaf 226.6.JPG,19,19,healthy,healthy,0.9999951
06a571594539606aec688454440485a3,PV_data/Tomato___healthy/c7e8ea40-31e0-4e96-80e5-7d0adfd73d16___RS_HL 0417.JPG,19,19,healthy,healthy,0.9999951
33af21db478fe4e6d67a40f6f2eb781e,PV_data/Tomato___healthy/c8a610ce-ef41-42b4-ad46-fe82891ac4e0___GH_HL Leaf 258.JPG,19,19,healthy,healthy,0.998104
c98e6745a4b1c2d76251c3bb4fe5b849,PV_data/Tomato___healthy/cb602835-7f6d-4926-80b4-77fe22f7ff66___GH_HL Leaf 226.JPG,19,19,healthy,healthy,0.99999607
913c492476c2e7d1142730416d456942,PV_data/Tomato___healthy/cc69ca79-bef9-449b-892f-b1e76310aa60___RS_HL 9868.JPG,19,19,healthy,healthy,0.99990666
227698779b45fb2b26f51edd416e8c1e,PV_data/Tomato___healthy/cdfeddb6-3064-48dc-bac9-05441dedc74e___RS_HL 0323.JPG,19,19,healthy,healthy,0.9988085
30d61462be075595124c24ac3cb31b9c,PV_data/Tomato___healthy/d03457b5-ff94-4042-a225-15714454ab4e___RS_HL 0466.JPG,19,19,healthy,healthy,0.9974318
d1d9f03df81eebb1e2d3f733abdce7a3,PV_data/Tomato___healthy/d21a242e-a9a3-4c5e-8e65-6416f84bcaec___GH_HL Leaf 510.2.JPG,19,19,healthy,healthy,0.9997765
20d39839afe4c82e119fb27f9c1a775f,PV_data/Tomato___healthy/d247170c-6756-41f0-9074-09190f485cdb___RS_HL 0034.JPG,19,19,healthy,healthy,0.9995454
96ef99a901b860e435155212f1d8a915,PV_data/Tomato___healthy/d2bab7ce-8028-41ed-b0a0-22472f904974___RS_HL 0528.JPG,19,19,healthy,healthy,0.9999995
c24f5f97e1a6bdecb7445810c04e1134,PV_data/Tomato___healthy/d2ce7896-6fa4-45e6-96c5-d162da0e3e1c___GH_HL Leaf 220.JPG,19,19,healthy,healthy,0.9999466
b94967a9502b1c3a47bf2ef78c2394d2,PV_data/Tomato___healthy/d2faed98-e54a-42d4-8146-784b83c9ef9a___RS_HL 0545.JPG,19,19,healthy,healthy,0.9999603
491994ea27222014579f5001854ad4e9,PV_data/Tomato___healthy/d442075f-73bb-47a0-9545-9b36bca9300b___GH_HL Leaf 210.JPG,19,19,healthy,healthy,0.9999956
f9761e9ddb13fa8b6374677d2610c0c8,PV_data/Tomato___healthy/d578b8cd-9a1c-434b-9507-17ced7dffb34___GH_HL Leaf 249.JPG,19,19,healthy,healthy,0.9999994
faf1f7a284510032b6f6f82f42ffb2d4,PV_data/Tomato___healthy/d6128bab-2cc4-4005-9184-2b7303773682___RS_HL 9828.JPG,19,19,healthy,healthy,0.99990773
e5333629f154f2e38999303cd0526635,PV_data/Tomato___healthy/d673db62-484e-49d3-baca-0ffc0d2ba8f5___RS_HL 0230.JPG,19,19,healthy,healthy,0.99984646
a17ab84f68b7625fc6f281247e24fe99,PV_data/Tomato___healthy/d676d2f7-13a7-4d79-91fc-757b5d0bde6f___RS_HL 0601.JPG,19,19,healthy,healthy,0.99999464
b81356b9bf71263c1033185216bac90f,PV_data/Tomato___healthy/d76f5b4a-9205-4a14-9181-5d3add326231___GH_HL Leaf 447.JPG,19,19,healthy,healthy,0.99999833
e8ed72997a1f1c06ad57b4d3c0308fee,PV_data/Tomato___healthy/d95cca34-6952-4d22-9d61-6304dcce3448___GH_HL Leaf 280.1.JPG,19,19,healthy,healthy,0.99999547
dfce0a0877654a6e2fc23ee05e340b93,PV_data/Tomato___healthy/d984f436-1fde-4221-9563-82f55a42b545___RS_HL 0217.JPG,19,19,healthy,healthy,0.9989649
0812c38d01e6019f225d18a01562d490,PV_data/Tomato___healthy/da1015eb-5c8e-436d-b367-d1f98a034e44___RS_HL 0382.JPG,19,19,healthy,healthy,0.99993813
de9c1016b6f093d03b556dd4ce679120,PV_data/Tomato___healthy/dd7a8ade-2bc7-4b28-9e27-f823e8466a76___GH_HL Leaf 236.JPG,19,19,healthy,healthy,0.99998474
5ed7e6204de82c767a0cfccc8cc6bb2f,PV_data/Tomato___healthy/de40125f-3f01-4c7e-9406-529d033fdb52___RS_HL 0498.JPG,19,19,healthy,healthy,0.9999944
2faf384dc10d79d665470c95f9741fa2,PV_data/Tomato___healthy/e1571f83-5f00-4653-a176-2033f27405fa___GH_HL Leaf 353.JPG,19,19,healthy,healthy,0.9999982
34ac9d65736c2bcebbc1c1ef0e3ef126,PV_data/Tomato___healthy/e1860bf2-2656-4dba-b9de-f80932bca552___RS_HL 0398.JPG,19,19,healthy,healthy,0.9988127
eabdca8a958fc9e814c48bf71b8ae6a7,PV_data/Tomato___healthy/e1eaf28e-7726-4e87-a1f4-f1ccd44355d7___RS_HL 0405.JPG,19,19,healthy,healthy,0.9999982
205d4bf893f1b3e324b61b4089845726,PV_data/Tomato___healthy/e283f6ea-c756-47ca-ac84-57a38138b571___GH_HL Leaf 343.JPG,19,19,healthy,healthy,0.9994324
4cf6d2cbfa5d22a4ba4a98876f349a08,PV_data/Tomato___healthy/e2f520b1-ac21-445b-9a3f-cb6e506e3044___RS_HL 0381.JPG,19,19,healthy,healthy,0.9999608
d24434cf947e59ead879bc1dfd1aea37,PV_data/Tomato___healthy/e67fdf04-f0a3-4351-b65d-a1b7362fc032___GH_HL Leaf 304.1.JPG,19,19,healthy,healthy,0.999998
d36dd48dd6ea2272e4aae65743c8875b,PV_data/Tomato___healthy/e6d12c88-7d13-4b26-ada8-c5b34ccc77a5___RS_HL 0435.JPG,19,19,healthy,healthy,0.99926835
b9daa91fcdfc6c1b3a0673b92b6efa45,PV_data/Tomato___healthy/e7a9a772-95f5-4bd4-ad34-831c3c47c024___RS_HL 9909.JPG,19,19,healthy,healthy,0.9999949
e47333547d6722804024ef8a0eeb1dc5,PV_data/Tomato___healthy/e84eced1-c0a4-451a-b5bd-482bc3eda5fa___RS_HL 0304.JPG,19,19,healthy,healthy,0.9979461
4a98ebfa3397befd33a33a395cd6fc8d,PV_data/Tomato___healthy/eb31ccad-06e1-43ab-90f9-e86f4cba2fed___RS_HL 0552.JPG,19,19,healthy,healthy,0.9999702
b6c16dce177353d0debbceb887e13654,PV_data/Tomato___healthy/ec59e000-1ee0-4998-a68f-abbfa6f6d009___RS_HL 0226.JPG,19,19,healthy,healthy,0.9923104
3a779952aa53339445f7a9f28ce4c455,PV_data/Tomato___healthy/edfbcb80-5821-4c6e-a464-79f119de35ae___RS_HL 9903.JPG,19,19,healthy,healthy,0.9999994
496f0e7f2c0d479198eda8d36f4eedb3,PV_data/Tomato___healthy/f0037c61-001d-4b1f-b794-5b5ab49d50d5___RS_HL 0527.JPG,19,19,healthy,healthy,0.99999917
0ea6652d2e956ab5ae6ddd9adcff6e74,PV_data/Tomato___healthy/f163df8f-6510-4520-82ee-779d2679af33___GH_HL Leaf 422.2.JPG,19,19,healthy,healthy,0.99998045
d0374d2c7cd76cbda42a03f0206b5fb4,PV_data/Tomato___healthy/f2acd891-c219-4c76-b2e7-a55c7c92e018___RS_HL 9898.JPG,19,19,healthy,healthy,0.99995697
226daf149c3185ddbb2a5feaa3ce7cdf,PV_data/Tomato___healthy/f48aed97-8db4-40a5-aa39-e2c3c70fe8be___GH_HL Leaf 524.1.JPG,19,19,healthy,healthy,0.9923007
1691b2520dc9c4eee16511f17af738df,PV_data/Tomato___healthy/f9546cff-061d-4240-88ba-492272a92847___GH_HL Leaf 176.2.JPG,19,19,healthy,healthy,0.99999917
2877798e755845d480452b279f9b195a,PV_data/Tomato___healthy/fb2c7e00-39a7-4be3-b8d1-b4c42c65e20e___RS_HL 9636.JPG,19,19,healthy,healthy,0.99999905
a3d44bb7783a854427d0e360283834c0,PV_data/Tomato___healthy/fd27de23-27cd-4f09-a962-df0b26899b07___RS_HL 0039.JPG,19,19,healthy,healthy,0.9999578
9d01067e083c12fcbe17c92782fbdafe,PV_data/Tomato___healthy/fde29807-8223-4fc5-a06b-7cc93101a6d1___GH_HL Leaf 174.JPG,19,19,healthy,healthy,0.6301009
